2 0.621484 0.323611 0.0242187 0.0388889 0.261414 110.41259765625
2 0.990234 0.717361 0.0179687 0.0819444 0.470582 110.41259765625
2 0.0777344 0.201389 0.0304688 0.0305556 0.475543 110.41259765625
2 0.598047 0.352083 0.0289063 0.0375 0.519919 110.41259765625
2 0.75 0.4 0.05 0.0472222 0.645889 110.41259765625
2 0.318359 0.370833 0.0367187 0.0416667 0.655632 110.41259765625
2 0.623438 0.506944 0.0546875 0.0805556 0.746167 110.41259765625
2 0.125391 0.466667 0.0773437 0.0861111 0.788547 110.41259765625
2 0.717969 0.506944 0.065625 0.0888889 0.808488 110.41259765625
2 0.255469 0.38125 0.040625 0.0486111 0.843839 110.41259765625
