2 0.291569 0.0572917 0.0234192 0.0354167 0.329453 106.20403289794922
2 0.339578 0.171875 0.0327869 0.0604167 0.367893 106.20403289794922
5 0.438525 0.226042 0.0620609 0.13125 0.372872 106.20403289794922
5 0.475995 0.394792 0.0620609 0.16875 0.386708 106.20403289794922
2 0.286885 0.163542 0.0351288 0.0479167 0.557355 106.20403289794922
2 0.484778 0.580208 0.0679157 0.189583 0.577711 106.20403289794922
2 0.351874 0.263542 0.0456674 0.08125 0.634724 106.20403289794922
5 0.270492 0.644792 0.117096 0.28125 0.652669 106.20403289794922
2 0.223068 0.421875 0.0667447 0.122917 0.670408 106.20403289794922
2 0.284543 0.239583 0.0398126 0.0666667 0.676937 106.20403289794922
2 0.236534 0.163542 0.0421546 0.0645833 0.696325 106.20403289794922
2 0.338407 0.392708 0.0491803 0.110417 0.748782 106.20403289794922
5 0.0784543 0.789583 0.156909 0.3125 0.846376 106.20403289794922
