7 0.2863 0.0645833 0.0339578 0.0708333 0.287593 106.98914527893066
7 0.337822 0.323958 0.059719 0.185417 0.424812 106.98914527893066
2 0.492974 0.501042 0.0655738 0.185417 0.459403 106.98914527893066
2 0.390515 0.117708 0.029274 0.0479167 0.480092 106.98914527893066
2 0.236534 0.163542 0.0444965 0.0645833 0.63793 106.98914527893066
2 0.334895 0.130208 0.0374707 0.0604167 0.644161 106.98914527893066
2 0.285129 0.279167 0.0339578 0.0666667 0.648186 106.98914527893066
5 0.107143 0.719792 0.209602 0.53125 0.673934 106.98914527893066
2 0.431499 0.226042 0.0409836 0.0729167 0.689763 106.98914527893066
2 0.287471 0.565625 0.0714286 0.185417 0.740534 106.98914527893066
2 0.859485 0.664583 0.11007 0.204167 0.80927 106.98914527893066
