2 0.290984 0.11875 0.0245902 0.0375 0.327419 114.37654495239258
2 0.419789 0.170833 0.0480094 0.0791667 0.332537 114.37654495239258
5 0.338407 0.335417 0.058548 0.120833 0.400215 114.37654495239258
2 0.440867 0.265625 0.0620609 0.0979167 0.449761 114.37654495239258
5 0.131148 0.695833 0.124122 0.241667 0.46101 114.37654495239258
2 0.247073 0.811458 0.107728 0.272917 0.490011 114.37654495239258
2 0.235948 0.163542 0.0433255 0.0645833 0.591702 114.37654495239258
2 0.343091 0.210417 0.0374707 0.0583333 0.605292 114.37654495239258
2 0.281616 0.2375 0.0409836 0.0833333 0.644599 114.37654495239258
5 0.503513 0.664583 0.0772834 0.258333 0.658106 114.37654495239258
2 0.476581 0.396875 0.0491803 0.102083 0.776502 114.37654495239258
5 0.30445 0.5125 0.0913349 0.283333 0.846765 114.37654495239258
