2 0.336651 0.15 0.0362998 0.05 0.308017 139.2509937286377
5 0.507611 0.854167 0.0995316 0.275 0.33857 139.2509937286377
2 0.433841 0.215625 0.0620609 0.114583 0.358934 139.2509937286377
2 0.287471 0.134375 0.029274 0.0395833 0.363249 139.2509937286377
2 0.145199 0.635417 0.128806 0.241667 0.39919 139.2509937286377
2 0.468384 0.354167 0.0632318 0.141667 0.547567 139.2509937286377
2 0.30445 0.519792 0.0913349 0.210417 0.590753 139.2509937286377
2 0.289813 0.195833 0.0339578 0.0625 0.596458 139.2509937286377
2 0.350117 0.24375 0.0398126 0.075 0.603821 139.2509937286377
2 0.236534 0.161458 0.0398126 0.0604167 0.734055 139.2509937286377
2 0.245902 0.351042 0.0632318 0.09375 0.742701 139.2509937286377
2 0.341335 0.336458 0.0409836 0.0895833 0.762842 139.2509937286377
2 0.485363 0.511458 0.0620609 0.152083 0.779693 139.2509937286377
