2 0.203747 0.972917 0.0913349 0.05 0.339798 119.05694007873535
2 0.490632 0.467708 0.0632318 0.18125 0.3431 119.05694007873535
2 0.290984 0.0635417 0.0245902 0.0479167 0.377589 119.05694007873535
2 0.334895 0.110417 0.0374707 0.0625 0.403522 119.05694007873535
2 0.385831 0.105208 0.0339578 0.0520833 0.461655 119.05694007873535
2 0.34192 0.29375 0.058548 0.166667 0.554764 119.05694007873535
5 0.111827 0.711458 0.21897 0.55625 0.570904 119.05694007873535
2 0.288056 0.254167 0.0327869 0.0583333 0.580733 119.05694007873535
2 0.237119 0.1625 0.0409836 0.0625 0.67731 119.05694007873535
2 0.425644 0.207292 0.0386417 0.06875 0.686901 119.05694007873535
2 0.29274 0.525 0.0679157 0.158333 0.730486 119.05694007873535
2 0.897541 0.573958 0.106557 0.164583 0.814793 119.05694007873535
