2 0.34192 0.185417 0.0327869 0.0541667 0.359273 87.48388290405273
2 0.32904 0.071875 0.028103 0.0604167 0.37416 87.48388290405273
5 0.442623 0.232292 0.0608899 0.13125 0.376138 87.48388290405273
2 0.486534 0.604167 0.0714286 0.191667 0.486198 87.48388290405273
2 0.286885 0.175 0.0351288 0.0583333 0.562921 87.48388290405273
2 0.480679 0.429167 0.0644028 0.1625 0.577954 87.48388290405273
5 0.244145 0.747917 0.137002 0.333333 0.622441 87.48388290405273
2 0.237705 0.1625 0.0421546 0.0625 0.656968 87.48388290405273
2 0.351288 0.28125 0.0398126 0.075 0.680339 87.48388290405273
2 0.282787 0.265625 0.0386417 0.06875 0.689034 87.48388290405273
2 0.204918 0.475 0.0819672 0.1375 0.711708 87.48388290405273
2 0.334309 0.438542 0.059719 0.139583 0.778812 87.48388290405273
