2 0.291569 0.104167 0.028103 0.0583333 0.362056 107.8639030456543
2 0.380562 0.08125 0.0327869 0.0583333 0.396777 107.8639030456543
2 0.271663 0.66875 0.0936768 0.2125 0.434288 107.8639030456543
2 0.451991 0.273958 0.0468384 0.08125 0.571189 107.8639030456543
2 0.339578 0.183333 0.0398126 0.075 0.59235 107.8639030456543
2 0.405152 0.154167 0.0351288 0.0666667 0.64093 107.8639030456543
2 0.236534 0.1625 0.0421546 0.0625 0.641313 107.8639030456543
5 0.495902 0.559375 0.0690866 0.20625 0.711 107.8639030456543
2 0.264052 0.365625 0.0526932 0.09375 0.720947 107.8639030456543
5 0.325527 0.414583 0.0725995 0.233333 0.779368 107.8639030456543
5 0.0901639 0.763542 0.177986 0.46875 0.810011 107.8639030456543
