5 0.418618 0.209375 0.106557 0.15625 0.250926 145.14565467834473
2 0.290984 0.0583333 0.0269321 0.0416667 0.322685 145.14565467834473
2 0.327869 0.0708333 0.028103 0.0625 0.353594 145.14565467834473
2 0.340749 0.171875 0.0351288 0.05625 0.467907 145.14565467834473
5 0.478923 0.398958 0.0655738 0.172917 0.491304 145.14565467834473
5 0.0755269 0.811458 0.151054 0.327083 0.581308 145.14565467834473
2 0.351874 0.267708 0.0456674 0.08125 0.603555 145.14565467834473
2 0.287471 0.165625 0.0362998 0.0520833 0.623639 145.14565467834473
2 0.485948 0.588542 0.0725995 0.185417 0.661252 145.14565467834473
2 0.237119 0.163542 0.0409836 0.0645833 0.677081 145.14565467834473
2 0.285129 0.242708 0.0456674 0.06875 0.714539 145.14565467834473
2 0.338993 0.395833 0.0503513 0.108333 0.730853 145.14565467834473
5 0.269321 0.6625 0.117096 0.291667 0.73605 145.14565467834473
2 0.220726 0.434375 0.0714286 0.11875 0.766215 145.14565467834473
