2 0.420375 0.173958 0.0491803 0.0729167 0.280996 108.71648788452148
2 0.291569 0.126042 0.0234192 0.0395833 0.340418 108.71648788452148
5 0.338407 0.339583 0.058548 0.129167 0.357016 108.71648788452148
2 0.442037 0.270833 0.0620609 0.104167 0.405461 108.71648788452148
2 0.245902 0.827083 0.112412 0.275 0.453339 108.71648788452148
2 0.12178 0.721875 0.131148 0.252083 0.506902 108.71648788452148
2 0.344848 0.217708 0.0362998 0.0604167 0.56963 108.71648788452148
2 0.278103 0.246875 0.0433255 0.0895833 0.583386 108.71648788452148
2 0.924473 0.490625 0.0667447 0.10625 0.587133 108.71648788452148
2 0.236534 0.1625 0.0421546 0.0625 0.600025 108.71648788452148
5 0.504098 0.665625 0.0761124 0.25625 0.68995 108.71648788452148
2 0.477752 0.398958 0.0515222 0.10625 0.730212 108.71648788452148
5 0.30445 0.513542 0.0913349 0.285417 0.86316 108.71648788452148
