2 0.442623 0.242708 0.0632318 0.147917 0.253585 112.30969429016113
2 0.32904 0.0802083 0.028103 0.0604167 0.312321 112.30969429016113
2 0.290984 0.1125 0.0269321 0.0458333 0.333879 112.30969429016113
2 0.469555 0.4125 0.058548 0.216667 0.339172 112.30969429016113
2 0.460187 0.319792 0.0608899 0.127083 0.425158 112.30969429016113
5 0.331382 0.369792 0.0608899 0.139583 0.451281 112.30969429016113
2 0.426815 0.2 0.057377 0.1 0.464707 112.30969429016113
2 0.346604 0.216667 0.0327869 0.0666667 0.527263 112.30969429016113
2 0.228337 0.408333 0.0749414 0.15 0.575347 112.30969429016113
2 0.235948 0.163542 0.0456674 0.0645833 0.606742 112.30969429016113
5 0.504684 0.68125 0.0772834 0.270833 0.61302 112.30969429016113
2 0.278689 0.225 0.0374707 0.0625 0.703733 112.30969429016113
2 0.481265 0.446875 0.0562061 0.127083 0.749488 112.30969429016113
2 0.885246 0.558333 0.114754 0.191667 0.807049 112.30969429016113
5 0.282787 0.607292 0.122951 0.347917 0.869632 112.30969429016113
