2 0.333138 0.111458 0.0269321 0.04375 0.274265 113.51537704467773
2 0.293326 0.138542 0.0316159 0.05625 0.457059 113.51537704467773
2 0.392272 0.109375 0.0398126 0.0645833 0.501386 113.51537704467773
2 0.34192 0.246875 0.0398126 0.05625 0.517019 113.51537704467773
5 0.262295 0.708333 0.0913349 0.225 0.59066 113.51537704467773
2 0.236534 0.163542 0.0444965 0.0645833 0.60802 113.51537704467773
5 0.0796253 0.790625 0.159251 0.402083 0.633427 113.51537704467773
2 0.461944 0.310417 0.0503513 0.0875 0.664449 113.51537704467773
5 0.5 0.608333 0.0702576 0.225 0.673394 113.51537704467773
2 0.416276 0.185417 0.0362998 0.075 0.675452 113.51537704467773
2 0.232436 0.448958 0.0737705 0.14375 0.676004 113.51537704467773
5 0.314988 0.460417 0.0819672 0.25 0.789767 113.51537704467773
