2 0.375878 0.078125 0.0327869 0.05625 0.304796 121.12045288085938
2 0.275176 0.648958 0.0843091 0.202083 0.451919 121.12045288085938
2 0.401054 0.142708 0.0339578 0.0604167 0.533692 121.12045288085938
2 0.339578 0.171875 0.0374707 0.0645833 0.557151 121.12045288085938
2 0.447892 0.258333 0.0480094 0.0791667 0.603362 121.12045288085938
5 0.497658 0.544792 0.0655738 0.202083 0.630951 121.12045288085938
2 0.236534 0.163542 0.0444965 0.0645833 0.633572 121.12045288085938
2 0.271663 0.34375 0.0444965 0.0875 0.64984 121.12045288085938
5 0.329625 0.391667 0.0714286 0.225 0.709819 121.12045288085938
5 0.0936768 0.751042 0.187354 0.485417 0.732461 121.12045288085938
