2 0.291569 0.0625 0.028103 0.05 0.257292 108.64567756652832
2 0.325527 0.0447917 0.028103 0.0645833 0.366238 108.64567756652832
2 0.344848 0.25625 0.0386417 0.0666667 0.413052 108.64567756652832
2 0.344262 0.173958 0.0327869 0.05625 0.425635 108.64567756652832
2 0.425644 0.191667 0.0526932 0.0833333 0.479997 108.64567756652832
5 0.813232 0.765625 0.104215 0.239583 0.516777 108.64567756652832
2 0.336066 0.357292 0.0608899 0.139583 0.555164 108.64567756652832
2 0.452576 0.296875 0.057377 0.110417 0.581169 108.64567756652832
2 0.237119 0.163542 0.0409836 0.0645833 0.643375 108.64567756652832
2 0.285714 0.166667 0.0327869 0.05 0.648745 108.64567756652832
2 0.22541 0.888542 0.122951 0.214583 0.68578 108.64567756652832
2 0.0708431 0.858333 0.141686 0.275 0.693332 108.64567756652832
2 0.263466 0.3125 0.0562061 0.116667 0.734616 108.64567756652832
2 0.480094 0.425 0.0538642 0.120833 0.750008 108.64567756652832
5 0.504098 0.673958 0.0761124 0.260417 0.763886 108.64567756652832
5 0.301522 0.530208 0.0995316 0.289583 0.811664 108.64567756652832
