5 0.443794 0.235417 0.0608899 0.129167 0.277872 136.04283332824707
2 0.341335 0.189583 0.0362998 0.075 0.371288 136.04283332824707
2 0.484778 0.440625 0.0632318 0.160417 0.499422 136.04283332824707
2 0.286885 0.189583 0.0351288 0.0666667 0.555173 136.04283332824707
2 0.486534 0.615625 0.0714286 0.189583 0.601204 136.04283332824707
2 0.237119 0.163542 0.0409836 0.0645833 0.658483 136.04283332824707
2 0.0403981 0.910417 0.0807962 0.179167 0.688198 136.04283332824707
2 0.351288 0.301042 0.0421546 0.08125 0.699743 136.04283332824707
5 0.186768 0.521875 0.0901639 0.152083 0.704207 136.04283332824707
2 0.278689 0.285417 0.0468384 0.075 0.710748 136.04283332824707
2 0.327283 0.4875 0.059719 0.15 0.721958 136.04283332824707
5 0.212529 0.835417 0.15808 0.329167 0.738952 136.04283332824707
