2 0.23185 0.866667 0.138173 0.266667 0.352481 107.76424407958984
2 0.289227 0.0520833 0.030445 0.05 0.376259 107.76424407958984
2 0.379391 0.0854167 0.028103 0.0458333 0.454627 107.76424407958984
2 0.330796 0.0895833 0.0362998 0.05 0.492635 107.76424407958984
2 0.482436 0.432292 0.0655738 0.152083 0.501405 107.76424407958984
2 0.344262 0.248958 0.0562061 0.147917 0.556367 107.76424407958984
2 0.29918 0.452083 0.0620609 0.1375 0.59974 107.76424407958984
5 0.118852 0.690625 0.237705 0.59375 0.635851 107.76424407958984
2 0.412763 0.176042 0.0339578 0.0604167 0.637918 107.76424407958984
2 0.289227 0.213542 0.0327869 0.05625 0.652994 107.76424407958984
2 0.235948 0.1625 0.0456674 0.0625 0.668999 107.76424407958984
