2 0.291569 0.103125 0.028103 0.0604167 0.352603 102.4935245513916
2 0.379391 0.0802083 0.0327869 0.0604167 0.355581 102.4935245513916
2 0.271663 0.666667 0.0913349 0.208333 0.420941 102.4935245513916
2 0.446721 0.266667 0.057377 0.0958333 0.517176 102.4935245513916
2 0.403981 0.148958 0.0327869 0.06875 0.608427 102.4935245513916
2 0.236534 0.163542 0.0421546 0.0645833 0.633294 102.4935245513916
2 0.339578 0.180208 0.0421546 0.0770833 0.637551 102.4935245513916
5 0.497073 0.558333 0.0690866 0.208333 0.647348 102.4935245513916
2 0.264637 0.360417 0.0515222 0.0958333 0.708951 102.4935245513916
5 0.327283 0.411458 0.0737705 0.235417 0.792362 102.4935245513916
5 0.0907494 0.760417 0.179157 0.475 0.82158 102.4935245513916
