5 0.436768 0.223958 0.0608899 0.127083 0.272603 116.54829978942871
2 0.288056 0.153125 0.030445 0.0479167 0.399679 116.54829978942871
2 0.338993 0.165625 0.0316159 0.0479167 0.418331 116.54829978942871
2 0.158665 0.913542 0.172131 0.160417 0.506941 116.54829978942871
2 0.349532 0.255208 0.0433255 0.0729167 0.559051 116.54829978942871
2 0.287471 0.221875 0.0362998 0.0645833 0.57891 116.54829978942871
5 0.104801 0.720833 0.144028 0.279167 0.603666 116.54829978942871
2 0.474239 0.382292 0.0562061 0.139583 0.654946 116.54829978942871
2 0.487119 0.555208 0.0679157 0.16875 0.689209 116.54829978942871
2 0.236534 0.1625 0.0398126 0.0625 0.694782 116.54829978942871
2 0.340164 0.364583 0.0503513 0.104167 0.753255 116.54829978942871
5 0.287471 0.585417 0.104215 0.241667 0.754333 116.54829978942871
2 0.233607 0.390625 0.0714286 0.102083 0.755049 116.54829978942871
