2 0.342506 0.169792 0.0339578 0.05625 0.339849 107.74874687194824
2 0.290984 0.0635417 0.0269321 0.04375 0.342786 107.74874687194824
2 0.325527 0.04375 0.028103 0.0583333 0.37346 107.74874687194824
2 0.425059 0.189583 0.0515222 0.0833333 0.434631 107.74874687194824
2 0.336066 0.35625 0.058548 0.1375 0.518078 107.74874687194824
2 0.344848 0.253125 0.0386417 0.06875 0.52629 107.74874687194824
2 0.265808 0.302083 0.0538642 0.1125 0.619115 107.74874687194824
2 0.450234 0.29375 0.059719 0.1125 0.628913 107.74874687194824
2 0.0761124 0.844792 0.152225 0.297917 0.634128 107.74874687194824
2 0.237705 0.163542 0.0398126 0.0645833 0.645564 107.74874687194824
2 0.229508 0.880208 0.119438 0.235417 0.649377 107.74874687194824
2 0.286885 0.158333 0.028103 0.05 0.674507 107.74874687194824
5 0.82904 0.7 0.100703 0.2125 0.683785 107.74874687194824
5 0.504098 0.672917 0.0761124 0.258333 0.725468 107.74874687194824
2 0.478337 0.422917 0.0550351 0.120833 0.733393 107.74874687194824
5 0.303864 0.528125 0.0971897 0.289583 0.810799 107.74874687194824
