2 0.337822 0.1375 0.0339578 0.0541667 0.350436 146.58617973327637
2 0.399883 0.13125 0.0409836 0.0708333 0.391924 146.58617973327637
2 0.34192 0.26875 0.0515222 0.104167 0.4643 146.58617973327637
2 0.290984 0.161458 0.0339578 0.0645833 0.538806 146.58617973327637
5 0.0685012 0.817708 0.137002 0.34375 0.549932 146.58617973327637
5 0.502342 0.636458 0.0749414 0.235417 0.564076 146.58617973327637
2 0.236534 0.163542 0.0444965 0.0645833 0.630305 146.58617973327637
2 0.46897 0.338542 0.0480094 0.0979167 0.645141 146.58617973327637
2 0.424473 0.209375 0.0433255 0.0895833 0.66656 146.58617973327637
2 0.206089 0.515625 0.0936768 0.172917 0.666805 146.58617973327637
5 0.258782 0.739583 0.0960187 0.245833 0.705189 146.58617973327637
5 0.31089 0.48125 0.0807962 0.254167 0.821421 146.58617973327637
