2 0.37178 0.0614583 0.029274 0.0604167 0.260328 119.62080001831055
2 0.288642 0.075 0.0316159 0.0666667 0.338492 119.62080001831055
2 0.392272 0.125 0.0327869 0.0583333 0.542585 119.62080001831055
2 0.336651 0.140625 0.0386417 0.06875 0.567011 119.62080001831055
2 0.333724 0.346875 0.0632318 0.189583 0.589481 119.62080001831055
5 0.101874 0.723958 0.199063 0.539583 0.598057 119.62080001831055
5 0.49356 0.516667 0.0644028 0.191667 0.603456 119.62080001831055
2 0.282201 0.592708 0.0772834 0.19375 0.623499 119.62080001831055
2 0.237119 0.163542 0.0433255 0.0645833 0.663832 119.62080001831055
2 0.434426 0.23125 0.0421546 0.0791667 0.681915 119.62080001831055
2 0.283372 0.3 0.0374707 0.0708333 0.689082 119.62080001831055
2 0.834309 0.736458 0.106557 0.239583 0.706357 119.62080001831055
