2 0.204333 0.955208 0.101874 0.0895833 0.27222 139.84107971191406
2 0.290398 0.0583333 0.0257611 0.0583333 0.281864 139.84107971191406
5 0.491803 0.463542 0.0655738 0.18125 0.373559 139.84107971191406
2 0.34192 0.286458 0.058548 0.160417 0.425463 139.84107971191406
2 0.33548 0.107292 0.0362998 0.0604167 0.433362 139.84107971191406
2 0.38466 0.103125 0.0316159 0.0520833 0.438254 139.84107971191406
5 0.112998 0.707292 0.223653 0.564583 0.601806 139.84107971191406
2 0.288056 0.252083 0.0327869 0.0583333 0.638737 139.84107971191406
2 0.423302 0.203125 0.0362998 0.0604167 0.660326 139.84107971191406
2 0.236534 0.1625 0.0421546 0.0625 0.68249 139.84107971191406
2 0.295082 0.514583 0.0655738 0.154167 0.748799 139.84107971191406
2 0.906323 0.5625 0.103044 0.154167 0.822245 139.84107971191406
