2 0.336066 0.144792 0.0351288 0.08125 0.256024 103.23119163513184
2 0.288056 0.145833 0.0327869 0.05 0.331144 103.23119163513184
2 0.338993 0.164583 0.0316159 0.0458333 0.337896 103.23119163513184
2 0.349532 0.25 0.0409836 0.0708333 0.562539 103.23119163513184
2 0.288056 0.215625 0.0351288 0.0604167 0.593408 103.23119163513184
5 0.293326 0.565625 0.101874 0.239583 0.603453 103.23119163513184
2 0.472482 0.375 0.057377 0.1375 0.638289 103.23119163513184
2 0.484192 0.541667 0.0644028 0.166667 0.647631 103.23119163513184
2 0.236534 0.1625 0.0398126 0.0625 0.679181 103.23119163513184
2 0.237119 0.376042 0.0644028 0.0979167 0.684744 103.23119163513184
5 0.114754 0.692708 0.135831 0.264583 0.742053 103.23119163513184
2 0.340164 0.354167 0.0456674 0.1 0.744618 103.23119163513184
