2 0.290984 0.0583333 0.0269321 0.0416667 0.266953 138.67950439453125
2 0.32377 0.0395833 0.0269321 0.0583333 0.279329 138.67950439453125
2 0.424473 0.191667 0.0503513 0.0833333 0.408668 138.67950439453125
2 0.0790398 0.823958 0.15808 0.289583 0.445218 138.67950439453125
2 0.342506 0.164583 0.0316159 0.05 0.454947 138.67950439453125
2 0.336066 0.354167 0.058548 0.129167 0.516063 138.67950439453125
2 0.45082 0.289583 0.0562061 0.116667 0.5447 138.67950439453125
2 0.234778 0.869792 0.122951 0.25625 0.580894 138.67950439453125
2 0.269321 0.292708 0.0562061 0.10625 0.591345 138.67950439453125
2 0.848361 0.641667 0.0995316 0.191667 0.607261 138.67950439453125
2 0.346604 0.25 0.0398126 0.0708333 0.620549 138.67950439453125
2 0.287471 0.152083 0.029274 0.05 0.62663 138.67950439453125
2 0.237705 0.1625 0.0398126 0.0625 0.644196 138.67950439453125
5 0.503513 0.670833 0.0772834 0.258333 0.687441 138.67950439453125
2 0.478923 0.419792 0.0538642 0.11875 0.718229 138.67950439453125
5 0.30445 0.525 0.0960187 0.2875 0.817734 138.67950439453125
