2 0.393443 0.114583 0.0374707 0.0666667 0.372806 146.52609825134277
2 0.293911 0.141667 0.0327869 0.0625 0.397877 146.52609825134277
2 0.262881 0.715625 0.0925059 0.227083 0.423149 146.52609825134277
2 0.341335 0.24375 0.0409836 0.0833333 0.535823 146.52609825134277
2 0.236534 0.1625 0.0444965 0.0666667 0.604451 146.52609825134277
5 0.0772834 0.794792 0.154567 0.389583 0.618076 146.52609825134277
2 0.228337 0.465625 0.0796253 0.14375 0.620338 146.52609825134277
2 0.418033 0.19375 0.0374707 0.075 0.620344 146.52609825134277
2 0.464286 0.31875 0.0503513 0.0875 0.634268 146.52609825134277
5 0.500585 0.615625 0.0714286 0.227083 0.712263 146.52609825134277
5 0.314403 0.466667 0.0831382 0.254167 0.810744 146.52609825134277
