2 0.339578 0.14375 0.0351288 0.0541667 0.250941 121.00696563720703
2 0.321429 0.0333333 0.0269321 0.0583333 0.270458 121.00696563720703
2 0.289813 0.133333 0.0245902 0.0416667 0.278283 121.00696563720703
2 0.24356 0.840625 0.114754 0.285417 0.351347 121.00696563720703
2 0.448478 0.277083 0.058548 0.104167 0.367847 121.00696563720703
2 0.422717 0.180208 0.0515222 0.0854167 0.383024 121.00696563720703
2 0.336651 0.3375 0.0620609 0.125 0.404124 121.00696563720703
2 0.344262 0.229167 0.0398126 0.0708333 0.48551 121.00696563720703
2 0.276932 0.261458 0.0456674 0.09375 0.589377 121.00696563720703
2 0.236534 0.1625 0.0398126 0.0625 0.620875 121.00696563720703
5 0.504098 0.666667 0.0761124 0.258333 0.640897 121.00696563720703
2 0.905152 0.516667 0.0796253 0.145833 0.661114 121.00696563720703
2 0.477752 0.402083 0.0515222 0.1125 0.698038 121.00696563720703
5 0.112998 0.747917 0.137002 0.266667 0.711227 121.00696563720703
5 0.30445 0.517708 0.0936768 0.285417 0.83643 121.00696563720703
