2 0.317916 0.0270833 0.0269321 0.0458333 0.252277 108.96897315979004
2 0.505855 0.611458 0.0491803 0.04375 0.273041 108.96897315979004
2 0.29274 0.103125 0.0257611 0.0354167 0.275069 108.96897315979004
5 0.175059 0.561458 0.137002 0.30625 0.297219 108.96897315979004
2 0.377635 0.0885417 0.0245902 0.0354167 0.417933 108.96897315979004
2 0.336066 0.115625 0.0351288 0.0770833 0.510252 108.96897315979004
2 0.449063 0.2625 0.0503513 0.1 0.561475 108.96897315979004
2 0.236534 0.165625 0.0421546 0.0729167 0.606323 108.96897315979004
2 0.30445 0.204167 0.0327869 0.0625 0.755224 108.96897315979004
5 0.197892 0.460417 0.187354 0.504167 0.773556 108.96897315979004
2 0.331967 0.334375 0.0480094 0.0895833 0.784685 108.96897315979004
