2 0.343677 0.170833 0.0339578 0.0541667 0.336957 113.3425235748291
2 0.291569 0.0635417 0.028103 0.04375 0.353144 113.3425235748291
2 0.325527 0.0447917 0.028103 0.0604167 0.395226 113.3425235748291
2 0.425059 0.189583 0.0515222 0.0833333 0.455666 113.3425235748291
2 0.344262 0.254167 0.0374707 0.0666667 0.511987 113.3425235748291
2 0.336651 0.357292 0.059719 0.139583 0.536212 113.3425235748291
2 0.265222 0.303125 0.0550351 0.110417 0.592803 113.3425235748291
2 0.451405 0.29375 0.059719 0.108333 0.640521 113.3425235748291
2 0.0749414 0.845833 0.149883 0.295833 0.653746 113.3425235748291
2 0.237705 0.163542 0.0398126 0.0645833 0.656687 113.3425235748291
2 0.228337 0.877083 0.12178 0.229167 0.678251 113.3425235748291
2 0.2863 0.159375 0.029274 0.0520833 0.694893 113.3425235748291
2 0.478337 0.422917 0.0550351 0.120833 0.743183 113.3425235748291
5 0.826112 0.711458 0.101874 0.214583 0.756832 113.3425235748291
5 0.503513 0.672917 0.0772834 0.258333 0.763706 113.3425235748291
5 0.302693 0.528125 0.0971897 0.289583 0.81409 113.3425235748291
