2 0.292155 0.10625 0.029274 0.0583333 0.317978 112.07151412963867
2 0.380562 0.0854167 0.0327869 0.0625 0.354358 112.07151412963867
2 0.340164 0.1875 0.0362998 0.0708333 0.596267 112.07151412963867
2 0.452576 0.279167 0.0456674 0.0875 0.618004 112.07151412963867
2 0.236534 0.1625 0.0421546 0.0625 0.6317 112.07151412963867
2 0.270492 0.671875 0.0960187 0.214583 0.632056 112.07151412963867
2 0.406909 0.155208 0.0339578 0.0645833 0.654032 112.07151412963867
5 0.497073 0.564583 0.0690866 0.208333 0.683251 112.07151412963867
2 0.262881 0.373958 0.0526932 0.102083 0.712145 112.07151412963867
5 0.0907494 0.759375 0.179157 0.472917 0.759582 112.07151412963867
5 0.324941 0.419792 0.0714286 0.235417 0.786514 112.07151412963867
