2 0.472482 0.416667 0.057377 0.183333 0.349462 117.81692504882812
2 0.290984 0.0989583 0.0222482 0.04375 0.391739 117.81692504882812
2 0.328454 0.06875 0.0245902 0.0541667 0.414157 117.81692504882812
2 0.426815 0.198958 0.0550351 0.09375 0.436613 117.81692504882812
2 0.333724 0.358333 0.0608899 0.145833 0.456864 117.81692504882812
2 0.34719 0.203125 0.0316159 0.05625 0.502908 117.81692504882812
2 0.201405 0.961458 0.103044 0.0770833 0.50435 117.81692504882812
2 0.459016 0.310417 0.0538642 0.1125 0.614283 117.81692504882812
2 0.282787 0.2 0.0362998 0.0625 0.654082 117.81692504882812
2 0.237119 0.1625 0.0409836 0.0625 0.654289 117.81692504882812
5 0.504684 0.679167 0.0772834 0.266667 0.659375 117.81692504882812
2 0.244731 0.367708 0.0702576 0.13125 0.685202 117.81692504882812
2 0.0415691 0.932292 0.0831382 0.13125 0.689231 117.81692504882812
2 0.483021 0.440625 0.0550351 0.110417 0.800285 117.81692504882812
5 0.294496 0.5625 0.106557 0.320833 0.890787 117.81692504882812
