2 0.440281 0.233333 0.0608899 0.1375 0.284848 114.59851264953613
2 0.291569 0.117708 0.0257611 0.04375 0.315998 114.59851264953613
2 0.46897 0.409375 0.057377 0.214583 0.316976 114.59851264953613
2 0.32904 0.0791667 0.0257611 0.0625 0.362082 114.59851264953613
2 0.460187 0.31875 0.058548 0.125 0.45847 114.59851264953613
2 0.329625 0.369792 0.0620609 0.14375 0.470589 114.59851264953613
2 0.4274 0.201042 0.0562061 0.102083 0.479738 114.59851264953613
2 0.346604 0.217708 0.0327869 0.0645833 0.538888 114.59851264953613
5 0.504684 0.68125 0.0772834 0.270833 0.547649 114.59851264953613
2 0.235363 0.163542 0.0468384 0.0645833 0.603701 114.59851264953613
2 0.278103 0.227083 0.0362998 0.0625 0.659047 114.59851264953613
2 0.226581 0.415625 0.0737705 0.152083 0.690591 114.59851264953613
2 0.48185 0.447917 0.0550351 0.129167 0.748107 114.59851264953613
2 0.877635 0.577083 0.115925 0.204167 0.769786 114.59851264953613
5 0.283372 0.610417 0.12178 0.358333 0.778844 114.59851264953613
