2 0.346019 0.261458 0.0362998 0.0645833 0.305068 119.70663070678711
2 0.288642 0.0645833 0.0316159 0.0708333 0.357919 119.70663070678711
2 0.326698 0.0552083 0.028103 0.0604167 0.375241 119.70663070678711
2 0.428571 0.19375 0.0491803 0.0875 0.419755 119.70663070678711
2 0.336066 0.3625 0.058548 0.1375 0.457996 119.70663070678711
2 0.346604 0.186458 0.0327869 0.05625 0.461163 119.70663070678711
2 0.215457 0.916667 0.114754 0.1625 0.597725 119.70663070678711
2 0.454918 0.301042 0.057377 0.114583 0.629677 119.70663070678711
2 0.254098 0.33125 0.0632318 0.125 0.637199 119.70663070678711
2 0.237119 0.164583 0.0409836 0.0666667 0.656333 119.70663070678711
2 0.284543 0.179167 0.0351288 0.0583333 0.664609 119.70663070678711
2 0.059719 0.885417 0.119438 0.225 0.743309 119.70663070678711
5 0.504098 0.677083 0.0761124 0.2625 0.747437 119.70663070678711
2 0.480679 0.429167 0.057377 0.129167 0.767276 119.70663070678711
5 0.300351 0.540625 0.101874 0.302083 0.83588 119.70663070678711
