2 0.394614 0.115625 0.0374707 0.06875 0.359531 108.27970504760742
2 0.261124 0.720833 0.0936768 0.229167 0.414334 108.27970504760742
2 0.29274 0.145833 0.030445 0.0666667 0.432969 108.27970504760742
2 0.342506 0.25 0.0456674 0.0916667 0.525455 108.27970504760742
5 0.0749414 0.803125 0.149883 0.372917 0.595502 108.27970504760742
5 0.502342 0.625 0.0725995 0.229167 0.619446 108.27970504760742
2 0.235363 0.1625 0.0444965 0.0666667 0.640473 108.27970504760742
2 0.420375 0.197917 0.0398126 0.0791667 0.668464 108.27970504760742
2 0.221897 0.478125 0.0831382 0.15625 0.672511 108.27970504760742
2 0.467213 0.321875 0.0468384 0.0895833 0.678972 108.27970504760742
5 0.313817 0.46875 0.0843091 0.254167 0.813367 108.27970504760742
