2 0.293911 0.138542 0.0327869 0.0520833 0.312794 111.18888854980469
2 0.389344 0.105208 0.0362998 0.0645833 0.538534 111.18888854980469
2 0.34192 0.23125 0.0398126 0.0708333 0.548061 111.18888854980469
5 0.263466 0.704167 0.0936768 0.220833 0.549681 111.18888854980469
2 0.236534 0.163542 0.0444965 0.0645833 0.619047 111.18888854980469
2 0.415105 0.179167 0.0362998 0.075 0.636753 111.18888854980469
2 0.461358 0.30625 0.0515222 0.0916667 0.641786 111.18888854980469
5 0.0825527 0.785417 0.162763 0.4125 0.646262 111.18888854980469
2 0.237119 0.435417 0.0714286 0.1375 0.702506 111.18888854980469
5 0.498244 0.605208 0.0714286 0.222917 0.742683 111.18888854980469
5 0.315574 0.45625 0.0784543 0.25 0.809161 111.18888854980469
