2 0.290984 0.0697917 0.0222482 0.04375 0.296679 105.09943962097168
2 0.325527 0.0458333 0.028103 0.0625 0.314289 105.09943962097168
2 0.344848 0.257292 0.0362998 0.06875 0.370075 105.09943962097168
2 0.344848 0.178125 0.0316159 0.05625 0.424795 105.09943962097168
2 0.425644 0.191667 0.0526932 0.0875 0.484179 105.09943962097168
5 0.797424 0.829167 0.107728 0.2625 0.514072 105.09943962097168
2 0.33548 0.358333 0.0620609 0.1375 0.527894 105.09943962097168
2 0.453162 0.3 0.058548 0.108333 0.557528 105.09943962097168
2 0.220726 0.898958 0.125293 0.197917 0.59024 105.09943962097168
2 0.285129 0.169792 0.0339578 0.05625 0.591771 105.09943962097168
2 0.0679157 0.864583 0.135831 0.258333 0.618983 105.09943962097168
2 0.237119 0.163542 0.0409836 0.0645833 0.643449 105.09943962097168
5 0.504684 0.673958 0.0749414 0.260417 0.724678 105.09943962097168
2 0.482436 0.429167 0.0538642 0.1125 0.756295 105.09943962097168
2 0.259953 0.317708 0.0608899 0.11875 0.759948 105.09943962097168
5 0.300351 0.533333 0.0995316 0.291667 0.820163 105.09943962097168
