2 0.377049 0.0833333 0.0257611 0.0375 0.250913 130.9661865234375
2 0.505855 0.6125 0.0468384 0.0333333 0.281258 130.9661865234375
2 0.289813 0.0479167 0.0269321 0.0416667 0.365597 130.9661865234375
2 0.345433 0.236458 0.0491803 0.11875 0.49017 130.9661865234375
2 0.330211 0.08125 0.030445 0.05 0.509082 130.9661865234375
2 0.478923 0.40625 0.0608899 0.15 0.596293 130.9661865234375
5 0.123536 0.678125 0.247073 0.627083 0.619789 130.9661865234375
2 0.250585 0.809375 0.12178 0.302083 0.621714 130.9661865234375
2 0.302108 0.416667 0.0515222 0.120833 0.69382 130.9661865234375
2 0.290398 0.197917 0.030445 0.0541667 0.70046 130.9661865234375
2 0.235948 0.1625 0.0433255 0.0625 0.709181 130.9661865234375
2 0.40808 0.1625 0.0362998 0.0583333 0.73163 130.9661865234375
