5 0.442623 0.233333 0.0608899 0.133333 0.252673 113.39449882507324
2 0.341335 0.189583 0.0386417 0.075 0.371836 113.39449882507324
2 0.18911 0.516667 0.0901639 0.145833 0.502355 113.39449882507324
2 0.484192 0.438542 0.0620609 0.15625 0.54087 113.39449882507324
2 0.286885 0.188542 0.0351288 0.06875 0.557393 113.39449882507324
2 0.487119 0.614583 0.0702576 0.1875 0.606302 113.39449882507324
5 0.214286 0.830208 0.163934 0.335417 0.622621 113.39449882507324
2 0.0421546 0.908333 0.0843091 0.183333 0.627695 113.39449882507324
2 0.237119 0.1625 0.0409836 0.0625 0.671337 113.39449882507324
2 0.279859 0.283333 0.0444965 0.075 0.674762 113.39449882507324
2 0.350703 0.298958 0.0409836 0.08125 0.706482 113.39449882507324
2 0.327869 0.483333 0.0608899 0.141667 0.735209 113.39449882507324
