5 0.0954333 0.742708 0.183841 0.402083 0.28235 122.37405776977539
2 0.505855 0.613542 0.0468384 0.0395833 0.317067 122.37405776977539
2 0.29274 0.129167 0.0257611 0.0416667 0.345544 122.37405776977539
2 0.385246 0.108333 0.028103 0.0458333 0.383418 122.37405776977539
2 0.340749 0.15 0.0351288 0.075 0.493693 122.37405776977539
2 0.459602 0.304167 0.0526932 0.1125 0.509445 122.37405776977539
5 0.151639 0.569792 0.263466 0.639583 0.597972 122.37405776977539
2 0.235948 0.161458 0.0409836 0.0645833 0.65942 122.37405776977539
2 0.3226 0.438542 0.059719 0.135417 0.683334 122.37405776977539
2 0.307377 0.258333 0.0409836 0.075 0.756396 122.37405776977539
