2 0.389344 0.104167 0.0362998 0.0625 0.513313 122.36833572387695
5 0.262881 0.703125 0.0925059 0.222917 0.52155 122.36833572387695
2 0.340749 0.223958 0.0421546 0.0770833 0.554043 122.36833572387695
2 0.235948 0.1625 0.0433255 0.0625 0.6043 122.36833572387695
2 0.41452 0.179167 0.0351288 0.075 0.610212 122.36833572387695
5 0.0831382 0.785417 0.166276 0.4125 0.621399 122.36833572387695
2 0.460773 0.305208 0.0503513 0.0895833 0.670899 122.36833572387695
2 0.238876 0.43125 0.0702576 0.133333 0.698134 122.36833572387695
5 0.499415 0.6 0.0690866 0.220833 0.717 122.36833572387695
5 0.314988 0.45625 0.0772834 0.245833 0.796608 122.36833572387695
