2 0.356557 0.0385417 0.0222482 0.04375 0.257032 136.5971565246582
5 0.134075 0.646875 0.160422 0.35625 0.318422 136.5971565246582
2 0.505855 0.611458 0.0491803 0.0395833 0.366165 136.5971565246582
2 0.291569 0.11875 0.0257611 0.0375 0.373306 136.5971565246582
2 0.379977 0.096875 0.0269321 0.04375 0.494869 136.5971565246582
2 0.338993 0.14375 0.0339578 0.0625 0.592695 136.5971565246582
2 0.45726 0.285417 0.0456674 0.0958333 0.598772 136.5971565246582
2 0.236534 0.161458 0.0374707 0.0645833 0.657425 136.5971565246582
5 0.173888 0.517708 0.235363 0.59375 0.689208 136.5971565246582
2 0.305035 0.234375 0.0362998 0.06875 0.774127 136.5971565246582
2 0.326698 0.388542 0.0562061 0.10625 0.786592 136.5971565246582
