2 0.344848 0.261458 0.0362998 0.10625 0.288506 116.34969711303711
2 0.343677 0.296875 0.0362998 0.06875 0.378331 116.34969711303711
2 0.330211 0.0989583 0.0351288 0.0729167 0.396997 116.34969711303711
2 0.347775 0.229167 0.0351288 0.0666667 0.415373 116.34969711303711
2 0.429742 0.204167 0.0562061 0.1125 0.425809 116.34969711303711
2 0.461358 0.332292 0.0562061 0.13125 0.474865 116.34969711303711
2 0.292155 0.141667 0.029274 0.0458333 0.489058 116.34969711303711
2 0.205504 0.471875 0.0854801 0.164583 0.527606 116.34969711303711
2 0.792155 0.8625 0.127635 0.266667 0.528523 116.34969711303711
2 0.324941 0.404167 0.0620609 0.158333 0.564305 116.34969711303711
5 0.505269 0.689583 0.0807962 0.270833 0.623874 116.34969711303711
2 0.237119 0.1625 0.0433255 0.0625 0.635178 116.34969711303711
2 0.271077 0.2625 0.0433255 0.0791667 0.694917 116.34969711303711
2 0.483607 0.463542 0.0538642 0.127083 0.763765 116.34969711303711
5 0.26171 0.69375 0.139344 0.404167 0.882285 116.34969711303711
