2 0.317916 0.0260417 0.0269321 0.0479167 0.263891 103.58262062072754
2 0.505269 0.613542 0.0480094 0.0395833 0.274504 103.58262062072754
5 0.169204 0.575 0.141686 0.320833 0.365175 103.58262062072754
2 0.377635 0.090625 0.0222482 0.0354167 0.425473 103.58262062072754
2 0.336651 0.117708 0.0339578 0.08125 0.477671 103.58262062072754
2 0.449649 0.263542 0.0491803 0.10625 0.554579 103.58262062072754
2 0.235948 0.165625 0.0433255 0.0729167 0.617758 103.58262062072754
5 0.19555 0.471875 0.194379 0.522917 0.709487 103.58262062072754
2 0.330796 0.342708 0.0503513 0.0895833 0.739632 103.58262062072754
2 0.30445 0.205208 0.0351288 0.0604167 0.755294 103.58262062072754
