2 0.505269 0.613542 0.0456674 0.0354167 0.295111 107.75589942932129
2 0.330796 0.0895833 0.029274 0.05 0.343963 107.75589942932129
2 0.288642 0.05 0.029274 0.0458333 0.381813 107.75589942932129
2 0.379391 0.0864583 0.0257611 0.0395833 0.396265 107.75589942932129
2 0.237119 0.85 0.13466 0.291667 0.484899 107.75589942932129
2 0.483021 0.427083 0.0620609 0.15 0.529464 107.75589942932129
2 0.343677 0.24375 0.0550351 0.1375 0.537797 107.75589942932129
5 0.120609 0.684375 0.241218 0.610417 0.540316 107.75589942932129
2 0.302108 0.440625 0.0562061 0.127083 0.674365 107.75589942932129
2 0.411007 0.171875 0.0327869 0.05625 0.675321 107.75589942932129
2 0.288642 0.208333 0.0316159 0.0583333 0.67888 107.75589942932129
2 0.235948 0.1625 0.0456674 0.0625 0.687225 107.75589942932129
