2 0.321429 0.034375 0.0316159 0.05625 0.290175 102.1122932434082
2 0.423302 0.184375 0.0503513 0.0854167 0.357589 102.1122932434082
2 0.289227 0.1375 0.0257611 0.0416667 0.363144 102.1122932434082
2 0.447307 0.28125 0.058548 0.108333 0.440734 102.1122932434082
5 0.10363 0.7625 0.14637 0.266667 0.442834 102.1122932434082
2 0.343677 0.232292 0.0386417 0.06875 0.478856 102.1122932434082
2 0.336066 0.342708 0.058548 0.135417 0.48278 102.1122932434082
2 0.242974 0.846875 0.115925 0.285417 0.523541 102.1122932434082
5 0.504098 0.667708 0.0761124 0.260417 0.590386 102.1122932434082
2 0.27459 0.264583 0.0480094 0.0958333 0.631679 102.1122932434082
2 0.237119 0.1625 0.0386417 0.0625 0.631919 102.1122932434082
2 0.477166 0.404167 0.0526932 0.116667 0.699246 102.1122932434082
2 0.899297 0.529167 0.0913349 0.158333 0.750704 102.1122932434082
5 0.303864 0.517708 0.0925059 0.285417 0.840978 102.1122932434082
