2 0.291569 0.120833 0.030445 0.0708333 0.250619 113.24167251586914
2 0.387002 0.0989583 0.0362998 0.0645833 0.377013 113.24167251586914
5 0.266393 0.695833 0.0948478 0.216667 0.398376 113.24167251586914
2 0.340749 0.210417 0.0374707 0.0833333 0.534656 113.24167251586914
2 0.411593 0.169792 0.0362998 0.0729167 0.614189 113.24167251586914
2 0.237119 0.1625 0.0409836 0.0625 0.64688 113.24167251586914
5 0.499415 0.588542 0.0690866 0.222917 0.654172 113.24167251586914
2 0.246487 0.413542 0.0667447 0.13125 0.707332 113.24167251586914
2 0.459602 0.292708 0.0456674 0.09375 0.725008 113.24167251586914
5 0.0848946 0.777083 0.169789 0.433333 0.754605 113.24167251586914
5 0.31733 0.448958 0.0772834 0.247917 0.839158 113.24167251586914
