2 0.290984 0.0520833 0.0245902 0.05 0.36389 111.76633834838867
2 0.379977 0.0927083 0.0269321 0.0479167 0.397048 111.76633834838867
2 0.331382 0.0916667 0.0374707 0.05 0.444986 111.76633834838867
2 0.343677 0.259375 0.0550351 0.14375 0.474424 111.76633834838867
2 0.223653 0.883333 0.133489 0.229167 0.539846 111.76633834838867
2 0.485363 0.438542 0.0620609 0.160417 0.568699 111.76633834838867
2 0.415691 0.185417 0.0327869 0.0583333 0.615647 111.76633834838867
2 0.236534 0.1625 0.0444965 0.0625 0.656856 111.76633834838867
2 0.29918 0.463542 0.059719 0.139583 0.683222 111.76633834838867
2 0.289813 0.221875 0.0339578 0.0604167 0.685431 111.76633834838867
5 0.116511 0.694792 0.233021 0.58125 0.706897 111.76633834838867
