2 0.288642 0.0489583 0.0269321 0.04375 0.269305 101.8979549407959
5 0.436183 0.219792 0.0667447 0.135417 0.38945 101.8979549407959
2 0.339578 0.164583 0.0327869 0.0625 0.476926 101.8979549407959
2 0.287471 0.155208 0.0316159 0.0479167 0.543127 101.8979549407959
2 0.485948 0.56875 0.0655738 0.179167 0.550311 101.8979549407959
2 0.475995 0.382292 0.059719 0.152083 0.558114 101.8979549407959
2 0.350703 0.260417 0.0433255 0.075 0.601004 101.8979549407959
2 0.285714 0.23125 0.0374707 0.0708333 0.60795 101.8979549407959
2 0.146956 0.94375 0.160422 0.1125 0.625008 101.8979549407959
2 0.236534 0.1625 0.0398126 0.0625 0.697616 101.8979549407959
5 0.0936768 0.748958 0.152225 0.297917 0.743366 101.8979549407959
2 0.339578 0.377083 0.0491803 0.104167 0.747474 101.8979549407959
2 0.230094 0.404167 0.0690866 0.104167 0.75894 101.8979549407959
5 0.277518 0.607292 0.114754 0.25625 0.838644 101.8979549407959
