7 0.0614754 0.858333 0.122951 0.279167 0.281858 116.46771430969238
2 0.34192 0.186458 0.0327869 0.0479167 0.323625 116.46771430969238
2 0.32904 0.0729167 0.028103 0.0625 0.351952 116.46771430969238
5 0.442623 0.232292 0.0608899 0.13125 0.37324 116.46771430969238
2 0.486534 0.603125 0.0714286 0.185417 0.469844 116.46771430969238
2 0.480679 0.427083 0.0644028 0.1625 0.518294 116.46771430969238
2 0.286885 0.173958 0.0351288 0.0604167 0.575515 116.46771430969238
5 0.245316 0.741667 0.132318 0.325 0.591352 116.46771430969238
2 0.237119 0.1625 0.0409836 0.0625 0.655838 116.46771430969238
2 0.204918 0.471875 0.0796253 0.13125 0.679841 116.46771430969238
2 0.350117 0.28125 0.0398126 0.075 0.683093 116.46771430969238
2 0.282787 0.264583 0.0386417 0.0666667 0.72261 116.46771430969238
2 0.333724 0.436458 0.058548 0.135417 0.790155 116.46771430969238
