2 0.354215 0.0322917 0.0245902 0.04375 0.269304 121.26350402832031
2 0.288056 0.046875 0.030445 0.04375 0.352433 121.26350402832031
2 0.344848 0.234375 0.0480094 0.10625 0.434085 121.26350402832031
2 0.32904 0.078125 0.030445 0.0479167 0.474354 121.26350402832031
5 0.124707 0.676042 0.249415 0.635417 0.538357 121.26350402832031
2 0.479508 0.403125 0.059719 0.14375 0.628132 121.26350402832031
2 0.289813 0.19375 0.029274 0.0541667 0.635429 121.26350402832031
2 0.254684 0.779167 0.120609 0.295833 0.637767 121.26350402832031
2 0.235948 0.163542 0.0433255 0.0645833 0.700573 121.26350402832031
2 0.407494 0.160417 0.0351288 0.0583333 0.710604 121.26350402832031
2 0.30445 0.404167 0.0515222 0.116667 0.777977 121.26350402832031
