2 0.505269 0.611458 0.0456674 0.0354167 0.250654 127.11548805236816
2 0.37822 0.0854167 0.0257611 0.0375 0.414367 127.11548805236816
2 0.288642 0.0489583 0.0316159 0.0479167 0.42968 127.11548805236816
2 0.330796 0.084375 0.0339578 0.0520833 0.511012 127.11548805236816
2 0.345433 0.241667 0.0538642 0.125 0.556747 127.11548805236816
2 0.483021 0.415625 0.059719 0.147917 0.60224 127.11548805236816
2 0.241803 0.833333 0.132318 0.308333 0.603 127.11548805236816
2 0.409836 0.16875 0.0351288 0.0625 0.667648 127.11548805236816
2 0.301522 0.43125 0.0550351 0.120833 0.692924 127.11548805236816
5 0.122365 0.680208 0.244731 0.614583 0.696921 127.11548805236816
2 0.235948 0.161458 0.0433255 0.0604167 0.704324 127.11548805236816
2 0.289227 0.205208 0.030445 0.05625 0.73548 127.11548805236816
