2 0.291569 0.0625 0.028103 0.0458333 0.288544 122.3609447479248
2 0.343677 0.209375 0.0362998 0.110417 0.310122 122.3609447479248
2 0.343091 0.172917 0.0327869 0.0541667 0.364003 122.3609447479248
2 0.325527 0.0447917 0.028103 0.0645833 0.40926 122.3609447479248
2 0.425059 0.190625 0.0515222 0.0854167 0.46088 122.3609447479248
2 0.343677 0.254167 0.0386417 0.0666667 0.465227 122.3609447479248
5 0.822014 0.722917 0.103044 0.208333 0.498189 122.3609447479248
2 0.336066 0.357292 0.0608899 0.139583 0.520462 122.3609447479248
2 0.451991 0.294792 0.058548 0.110417 0.636003 122.3609447479248
2 0.264637 0.305208 0.0538642 0.110417 0.638966 122.3609447479248
2 0.0749414 0.851042 0.149883 0.289583 0.654225 122.3609447479248
2 0.237705 0.163542 0.0398126 0.0645833 0.662255 122.3609447479248
2 0.227166 0.879167 0.119438 0.225 0.665774 122.3609447479248
2 0.286885 0.160417 0.030445 0.05 0.690005 122.3609447479248
2 0.479508 0.423958 0.0550351 0.122917 0.750199 122.3609447479248
5 0.504098 0.671875 0.0761124 0.260417 0.756953 122.3609447479248
5 0.302108 0.529167 0.0983607 0.2875 0.819806 122.3609447479248
