2 0.262881 0.7125 0.0925059 0.225 0.416546 105.09800910949707
2 0.293326 0.140625 0.0316159 0.0604167 0.41673 105.09800910949707
2 0.392272 0.1125 0.0374707 0.0666667 0.457889 105.09800910949707
2 0.340164 0.24375 0.0409836 0.075 0.53018 105.09800910949707
5 0.0790398 0.792708 0.15808 0.397917 0.568657 105.09800910949707
5 0.501171 0.615625 0.0702576 0.222917 0.624531 105.09800910949707
2 0.236534 0.1625 0.0421546 0.0625 0.636075 105.09800910949707
2 0.416862 0.188542 0.0374707 0.0770833 0.647302 105.09800910949707
2 0.462529 0.313542 0.0491803 0.0895833 0.657189 105.09800910949707
2 0.232436 0.455208 0.0761124 0.147917 0.691415 105.09800910949707
5 0.315574 0.464583 0.0831382 0.254167 0.793988 105.09800910949707
