5 0.431499 0.207292 0.059719 0.114583 0.321919 105.0112247467041
2 0.345433 0.263542 0.0374707 0.114583 0.349042 105.0112247467041
2 0.330211 0.103125 0.0327869 0.06875 0.37633 105.0112247467041
2 0.348361 0.232292 0.0362998 0.06875 0.420414 105.0112247467041
2 0.343677 0.298958 0.0362998 0.0770833 0.453382 105.0112247467041
2 0.461944 0.333333 0.0550351 0.133333 0.478579 105.0112247467041
5 0.32377 0.4125 0.0667447 0.1625 0.482489 105.0112247467041
2 0.292155 0.148958 0.029274 0.0479167 0.576645 105.0112247467041
2 0.236534 0.1625 0.0421546 0.0625 0.619324 105.0112247467041
5 0.50644 0.695833 0.0784543 0.270833 0.627676 105.0112247467041
2 0.201991 0.485417 0.0901639 0.191667 0.713299 105.0112247467041
2 0.269906 0.271875 0.0456674 0.0854167 0.734832 105.0112247467041
2 0.483021 0.464583 0.0526932 0.129167 0.761368 105.0112247467041
5 0.254098 0.7125 0.145199 0.429167 0.863872 105.0112247467041
