2 0.442623 0.230208 0.0608899 0.127083 0.341762 116.86968803405762
2 0.340749 0.1875 0.0374707 0.0708333 0.343148 116.86968803405762
2 0.0462529 0.892708 0.0925059 0.214583 0.542867 116.86968803405762
2 0.287471 0.1875 0.0339578 0.0625 0.598976 116.86968803405762
2 0.279274 0.277083 0.0433255 0.075 0.601951 116.86968803405762
2 0.484778 0.439583 0.0655738 0.158333 0.615051 116.86968803405762
2 0.487705 0.610417 0.0714286 0.195833 0.650294 116.86968803405762
2 0.237119 0.1625 0.0409836 0.0625 0.671182 116.86968803405762
5 0.223068 0.8125 0.155738 0.358333 0.701266 116.86968803405762
2 0.350703 0.292708 0.0409836 0.08125 0.710857 116.86968803405762
2 0.192623 0.505208 0.087822 0.139583 0.763368 116.86968803405762
2 0.32904 0.470833 0.058548 0.1375 0.769456 116.86968803405762
