2 0.329625 0.0958333 0.0269321 0.0458333 0.292459 128.33905220031738
2 0.29274 0.115625 0.028103 0.05625 0.314586 128.33905220031738
2 0.26815 0.689583 0.0913349 0.216667 0.387815 128.33905220031738
2 0.38466 0.0958333 0.0386417 0.0708333 0.401275 128.33905220031738
2 0.340164 0.196875 0.0409836 0.0854167 0.571288 128.33905220031738
5 0.498829 0.580208 0.0679157 0.214583 0.585525 128.33905220031738
2 0.236534 0.161458 0.0421546 0.0604167 0.656721 128.33905220031738
2 0.409251 0.164583 0.0362998 0.0708333 0.661086 128.33905220031738
2 0.458431 0.288542 0.0456674 0.0895833 0.712658 128.33905220031738
2 0.252927 0.397917 0.0538642 0.116667 0.720708 128.33905220031738
5 0.0860656 0.776042 0.172131 0.44375 0.772334 128.33905220031738
5 0.3226 0.439583 0.0761124 0.25 0.833265 128.33905220031738
