2 0.291569 0.134375 0.028103 0.0395833 0.356064 105.66926002502441
2 0.462529 0.329167 0.058548 0.125 0.411496 105.66926002502441
2 0.343677 0.291667 0.0362998 0.0666667 0.426585 105.66926002502441
2 0.330211 0.0895833 0.030445 0.0666667 0.452298 105.66926002502441
2 0.347775 0.223958 0.0351288 0.0645833 0.477162 105.66926002502441
2 0.328454 0.384375 0.0644028 0.152083 0.485033 105.66926002502441
5 0.822014 0.740625 0.12178 0.260417 0.50971 105.66926002502441
2 0.427986 0.201042 0.057377 0.102083 0.533199 105.66926002502441
5 0.504098 0.686458 0.0784543 0.264583 0.534714 105.66926002502441
2 0.214871 0.44375 0.087822 0.166667 0.655588 105.66926002502441
2 0.235948 0.163542 0.0433255 0.0645833 0.666332 105.66926002502441
2 0.48185 0.45625 0.0550351 0.133333 0.732131 105.66926002502441
2 0.273419 0.246875 0.0409836 0.0729167 0.772725 105.66926002502441
5 0.269906 0.658333 0.129977 0.383333 0.833655 105.66926002502441
