2 0.290398 0.0416667 0.0257611 0.0375 0.255465 124.56989288330078
2 0.35363 0.028125 0.0234192 0.0395833 0.288238 124.56989288330078
2 0.371194 0.075 0.0234192 0.0375 0.290705 124.56989288330078
2 0.328454 0.0770833 0.029274 0.0375 0.386249 124.56989288330078
2 0.274005 0.702083 0.112412 0.245833 0.438955 124.56989288330078
2 0.344262 0.217708 0.0491803 0.10625 0.442051 124.56989288330078
2 0.478923 0.386458 0.0608899 0.139583 0.625896 124.56989288330078
2 0.290984 0.179167 0.0316159 0.0541667 0.644166 124.56989288330078
2 0.403396 0.151042 0.0339578 0.05625 0.661237 124.56989288330078
2 0.236534 0.161458 0.0421546 0.0604167 0.705363 124.56989288330078
5 0.130562 0.659375 0.254098 0.647917 0.734845 124.56989288330078
2 0.306206 0.38125 0.0480094 0.104167 0.788835 124.56989288330078
