2 0.347775 0.2375 0.0398126 0.075 0.337251 115.04149436950684
2 0.430913 0.208333 0.058548 0.120833 0.413377 115.04149436950684
2 0.334309 0.111458 0.0339578 0.0770833 0.437273 115.04149436950684
5 0.505855 0.735417 0.0819672 0.2875 0.520659 115.04149436950684
2 0.290984 0.164583 0.029274 0.0541667 0.568286 115.04149436950684
5 0.185597 0.533333 0.0995316 0.208333 0.5822 115.04149436950684
2 0.318501 0.444792 0.0796253 0.185417 0.585809 115.04149436950684
2 0.4637 0.3375 0.0562061 0.1375 0.599675 115.04149436950684
2 0.34192 0.315625 0.0444965 0.08125 0.647794 115.04149436950684
2 0.236534 0.1625 0.0398126 0.0625 0.660507 115.04149436950684
2 0.26171 0.297917 0.0526932 0.0791667 0.696231 115.04149436950684
2 0.484778 0.475 0.0562061 0.1375 0.768515 115.04149436950684
5 0.23185 0.773958 0.177986 0.439583 0.788186 115.04149436950684
