2 0.288642 0.113542 0.0269321 0.0395833 0.267648 108.56461524963379
2 0.248244 0.516667 0.030445 0.104167 0.273985 108.56461524963379
2 0.349532 0.2375 0.0362998 0.0708333 0.361926 108.56461524963379
2 0.431499 0.211458 0.059719 0.110417 0.390138 108.56461524963379
2 0.334895 0.115625 0.0351288 0.08125 0.4228 108.56461524963379
5 0.314403 0.464583 0.0737705 0.1875 0.554117 108.56461524963379
2 0.4637 0.338542 0.058548 0.147917 0.60614 108.56461524963379
2 0.291569 0.177083 0.030445 0.0541667 0.606457 108.56461524963379
5 0.505855 0.75625 0.0866511 0.3125 0.622766 108.56461524963379
2 0.236534 0.163542 0.0398126 0.0645833 0.67579 108.56461524963379
5 0.173302 0.553125 0.105386 0.202083 0.69761 108.56461524963379
2 0.258782 0.30625 0.0538642 0.0875 0.69992 108.56461524963379
2 0.484778 0.482292 0.058548 0.14375 0.709545 108.56461524963379
2 0.342506 0.31875 0.0433255 0.0833333 0.769914 108.56461524963379
5 0.220141 0.789583 0.185012 0.408333 0.784549 108.56461524963379
