2 0.372951 0.0677083 0.0339578 0.0604167 0.300758 127.39801406860352
5 0.278689 0.620833 0.0819672 0.195833 0.429936 127.39801406860352
5 0.333138 0.367708 0.0667447 0.21875 0.453605 127.39801406860352
2 0.338407 0.151042 0.0374707 0.0645833 0.556053 127.39801406860352
2 0.39637 0.13125 0.0316159 0.0625 0.595415 127.39801406860352
2 0.441452 0.246875 0.0398126 0.06875 0.624549 127.39801406860352
2 0.812061 0.823958 0.118267 0.289583 0.653671 127.39801406860352
2 0.237119 0.1625 0.0409836 0.0625 0.657526 127.39801406860352
5 0.494731 0.532292 0.0644028 0.19375 0.68125 127.39801406860352
5 0.0977752 0.73125 0.190867 0.516667 0.691158 127.39801406860352
2 0.278689 0.315625 0.0421546 0.0854167 0.695665 127.39801406860352
