2 0.32904 0.0708333 0.028103 0.0625 0.311133 103.5616397857666
5 0.0620609 0.853125 0.124122 0.285417 0.363105 103.5616397857666
2 0.34192 0.185417 0.0327869 0.05 0.364578 103.5616397857666
5 0.442623 0.232292 0.0608899 0.13125 0.387468 103.5616397857666
2 0.481265 0.423958 0.0655738 0.160417 0.473217 103.5616397857666
2 0.485948 0.603125 0.0702576 0.185417 0.555855 103.5616397857666
2 0.286885 0.175 0.0351288 0.0583333 0.626401 103.5616397857666
2 0.237119 0.1625 0.0409836 0.0625 0.659698 103.5616397857666
5 0.248829 0.735417 0.129977 0.316667 0.67382 103.5616397857666
2 0.350117 0.282292 0.0398126 0.0729167 0.677885 103.5616397857666
2 0.283372 0.263542 0.0398126 0.0645833 0.706513 103.5616397857666
2 0.206089 0.466667 0.0796253 0.125 0.728202 103.5616397857666
2 0.333724 0.434375 0.058548 0.13125 0.779967 103.5616397857666
