2 0.428571 0.209375 0.0608899 0.11875 0.336412 107.421875
2 0.331967 0.1 0.0316159 0.0708333 0.357184 107.421875
2 0.348361 0.234375 0.0362998 0.0729167 0.377339 107.421875
2 0.344262 0.301042 0.0374707 0.0770833 0.391237 107.421875
2 0.462529 0.335417 0.0562061 0.133333 0.51767 107.421875
5 0.507026 0.698958 0.0796253 0.272917 0.556353 107.421875
2 0.199063 0.489583 0.0960187 0.195833 0.569523 107.421875
2 0.237119 0.1625 0.0409836 0.0625 0.624583 107.421875
2 0.3226 0.415625 0.0667447 0.160417 0.625232 107.421875
2 0.291569 0.152083 0.028103 0.0458333 0.632539 107.421875
2 0.269321 0.273958 0.0468384 0.0854167 0.722212 107.421875
2 0.483021 0.465625 0.0526932 0.13125 0.764643 107.421875
5 0.251171 0.721875 0.151054 0.435417 0.876228 107.421875
