2 0.33548 0.09375 0.0245902 0.0416667 0.254488 110.08787155151367
5 0.0544496 0.851042 0.108899 0.289583 0.436645 110.08787155151367
2 0.406909 0.145833 0.0433255 0.075 0.441771 110.08787155151367
2 0.340164 0.16875 0.0316159 0.0583333 0.559723 110.08787155151367
2 0.179742 0.5875 0.104215 0.2 0.572336 110.08787155151367
5 0.504098 0.654167 0.0761124 0.25 0.58736 110.08787155151367
2 0.340164 0.302083 0.0550351 0.116667 0.602528 110.08787155151367
2 0.430328 0.235417 0.0456674 0.0833333 0.610899 110.08787155151367
2 0.235948 0.1625 0.0433255 0.0625 0.665577 110.08787155151367
2 0.474239 0.367708 0.0491803 0.09375 0.683406 110.08787155151367
2 0.254098 0.763542 0.100703 0.252083 0.685348 110.08787155151367
2 0.288642 0.1875 0.0362998 0.0791667 0.695949 110.08787155151367
5 0.307963 0.502083 0.0913349 0.270833 0.712476 110.08787155151367
