2 0.348946 0.235417 0.0374707 0.075 0.2791 103.42979431152344
2 0.333138 0.105208 0.0316159 0.0770833 0.487758 103.42979431152344
2 0.430328 0.208333 0.059719 0.116667 0.504138 103.42979431152344
5 0.505855 0.715625 0.0772834 0.277083 0.525967 103.42979431152344
2 0.463115 0.3375 0.0550351 0.133333 0.570092 103.42979431152344
2 0.342506 0.310417 0.0409836 0.075 0.63038 103.42979431152344
2 0.236534 0.163542 0.0398126 0.0645833 0.647671 103.42979431152344
2 0.290984 0.1625 0.029274 0.05 0.675349 103.42979431152344
2 0.264052 0.283333 0.0526932 0.0791667 0.727698 103.42979431152344
5 0.18911 0.5125 0.0995316 0.1875 0.739529 103.42979431152344
2 0.484778 0.471875 0.0562061 0.135417 0.772556 103.42979431152344
5 0.319672 0.436458 0.0655738 0.172917 0.783664 103.42979431152344
5 0.242974 0.754167 0.160422 0.45 0.865312 103.42979431152344
