2 0.339578 0.152083 0.0327869 0.0541667 0.276821 122.80106544494629
2 0.321429 0.0333333 0.029274 0.0583333 0.295454 122.80106544494629
2 0.423302 0.1875 0.0503513 0.0875 0.3071 122.80106544494629
2 0.289227 0.1375 0.0257611 0.0416667 0.371932 122.80106544494629
2 0.242389 0.851042 0.117096 0.28125 0.454568 122.80106544494629
2 0.447307 0.282292 0.058548 0.110417 0.468067 122.80106544494629
2 0.344262 0.234375 0.0374707 0.06875 0.470158 122.80106544494629
2 0.336651 0.34375 0.059719 0.133333 0.503123 122.80106544494629
5 0.103044 0.766667 0.145199 0.270833 0.522509 122.80106544494629
2 0.274005 0.267708 0.0468384 0.09375 0.583403 122.80106544494629
5 0.504098 0.667708 0.0761124 0.260417 0.615381 122.80106544494629
2 0.237705 0.1625 0.0398126 0.0625 0.617689 122.80106544494629
2 0.477752 0.405208 0.0538642 0.114583 0.689717 122.80106544494629
2 0.895199 0.533333 0.0971897 0.166667 0.799724 122.80106544494629
5 0.303864 0.517708 0.0925059 0.285417 0.839819 122.80106544494629
