2 0.18911 0.825 0.202576 0.341667 0.253025 99.76077079772949
2 0.507611 0.840625 0.0948478 0.310417 0.400315 99.76077079772949
5 0.153981 0.609375 0.115925 0.235417 0.415069 99.76077079772949
2 0.33548 0.128125 0.0339578 0.08125 0.416842 99.76077079772949
2 0.43267 0.216667 0.059719 0.108333 0.425244 99.76077079772949
2 0.350703 0.239583 0.0409836 0.075 0.531526 99.76077079772949
2 0.467213 0.351042 0.0608899 0.135417 0.557505 99.76077079772949
2 0.290984 0.190625 0.0339578 0.0604167 0.595066 99.76077079772949
2 0.305621 0.503125 0.088993 0.210417 0.649573 99.76077079772949
2 0.236534 0.1625 0.0398126 0.0625 0.726006 99.76077079772949
2 0.25 0.332292 0.057377 0.0895833 0.75719 99.76077079772949
2 0.483021 0.5 0.0620609 0.154167 0.780289 99.76077079772949
2 0.34192 0.330208 0.0421546 0.0854167 0.787626 99.76077079772949
