5 0.441452 0.23125 0.0632318 0.1375 0.363693 93.79887580871582
2 0.340749 0.186458 0.0374707 0.0604167 0.369864 93.79887580871582
2 0.0491803 0.8875 0.0983607 0.225 0.396227 93.79887580871582
2 0.487119 0.610417 0.0702576 0.191667 0.606677 93.79887580871582
5 0.230094 0.802083 0.148712 0.366667 0.620589 93.79887580871582
2 0.484192 0.438542 0.0644028 0.15625 0.621261 93.79887580871582
2 0.280445 0.277083 0.0409836 0.075 0.637667 93.79887580871582
2 0.287471 0.1875 0.0339578 0.0625 0.640407 93.79887580871582
2 0.237119 0.1625 0.0409836 0.0625 0.660003 93.79887580871582
2 0.351288 0.290625 0.0421546 0.08125 0.685515 93.79887580871582
2 0.330211 0.464583 0.058548 0.133333 0.76923 93.79887580871582
2 0.19555 0.497917 0.0866511 0.1375 0.769485 93.79887580871582
