2 0.371194 0.0854167 0.0234192 0.0333333 0.297571 123.87275695800781
2 0.41452 0.1875 0.0327869 0.0541667 0.580316 123.87275695800781
2 0.33548 0.151042 0.0339578 0.05625 0.612316 123.87275695800781
2 0.5 0.5125 0.0655738 0.15 0.640952 123.87275695800781
2 0.235948 0.165625 0.0433255 0.0645833 0.682189 123.87275695800781
2 0.459016 0.322917 0.0468384 0.0875 0.698467 123.87275695800781
2 0.253513 0.360417 0.0526932 0.0916667 0.714302 123.87275695800781
2 0.161007 0.598958 0.108899 0.185417 0.717742 123.87275695800781
2 0.338993 0.304167 0.0433255 0.0791667 0.717798 123.87275695800781
2 0.217213 0.919792 0.125293 0.160417 0.787947 123.87275695800781
