2 0.354801 0.0458333 0.0210773 0.0333333 0.284703 94.94209289550781
2 0.505269 0.6125 0.0503513 0.0416667 0.292376 94.94209289550781
2 0.328454 0.0875 0.0269321 0.0375 0.434304 94.94209289550781
2 0.425059 0.213542 0.0398126 0.0645833 0.624777 94.94209289550781
2 0.235948 0.164583 0.0433255 0.0625 0.644397 94.94209289550781
2 0.323185 0.51875 0.0702576 0.154167 0.659998 94.94209289550781
2 0.337237 0.185417 0.0327869 0.0583333 0.662134 94.94209289550781
2 0.235363 0.398958 0.0632318 0.10625 0.699667 94.94209289550781
2 0.466628 0.3375 0.0456674 0.0916667 0.711176 94.94209289550781
2 0.28103 0.25 0.0468384 0.0666667 0.726711 94.94209289550781
