2 0.366511 0.071875 0.0210773 0.0354167 0.286454 103.32274436950684
2 0.191452 0.525 0.0948478 0.1625 0.45215 103.32274436950684
2 0.331382 0.127083 0.030445 0.0458333 0.568822 103.32274436950684
2 0.449649 0.291667 0.0468384 0.075 0.594266 103.32274436950684
2 0.255269 0.822917 0.126464 0.304167 0.62736 103.32274436950684
2 0.405738 0.163542 0.0339578 0.0520833 0.627586 103.32274436950684
2 0.490632 0.446875 0.0632318 0.127083 0.658411 103.32274436950684
2 0.235948 0.165625 0.0433255 0.0645833 0.673151 103.32274436950684
2 0.340749 0.257292 0.0351288 0.0729167 0.700058 103.32274436950684
2 0.266393 0.321875 0.0480094 0.08125 0.785884 103.32274436950684
