2 0.37178 0.0864583 0.0245902 0.0354167 0.257508 116.00708961486816
2 0.501171 0.522917 0.0655738 0.158333 0.504288 116.00708961486816
2 0.415691 0.188542 0.0327869 0.05625 0.565646 116.00708961486816
2 0.334309 0.152083 0.0339578 0.0541667 0.609871 116.00708961486816
2 0.15808 0.60625 0.112412 0.191667 0.633513 116.00708961486816
2 0.459602 0.323958 0.0480094 0.0895833 0.64724 116.00708961486816
2 0.235948 0.165625 0.0433255 0.0645833 0.667766 116.00708961486816
2 0.252927 0.3625 0.0562061 0.0916667 0.6929 116.00708961486816
2 0.338993 0.307292 0.0456674 0.08125 0.765803 116.00708961486816
2 0.214871 0.932292 0.122951 0.135417 0.83398 116.00708961486816
