2 0.505269 0.614583 0.0456674 0.0375 0.261936 102.71334648132324
2 0.288642 0.0479167 0.0362998 0.0625 0.401066 102.71334648132324
2 0.398126 0.145833 0.0327869 0.0458333 0.463616 102.71334648132324
2 0.0322014 0.935417 0.0644028 0.129167 0.653 102.71334648132324
2 0.451405 0.286458 0.0456674 0.0770833 0.656102 102.71334648132324
2 0.2863 0.613542 0.087822 0.185417 0.664555 102.71334648132324
2 0.235363 0.164583 0.0444965 0.0666667 0.692727 102.71334648132324
2 0.478923 0.46875 0.0632318 0.1375 0.753501 102.71334648132324
2 0.337237 0.264583 0.0374707 0.0791667 0.771639 102.71334648132324
2 0.177986 0.577083 0.0983607 0.175 0.782178 102.71334648132324
