2 0.387588 0.105208 0.028103 0.03125 0.299529 93.69993209838867
2 0.334309 0.0864583 0.0245902 0.0479167 0.300359 93.69993209838867
2 0.340749 0.134375 0.0257611 0.0395833 0.390443 93.69993209838867
2 0.255855 0.675 0.101874 0.229167 0.434996 93.69993209838867
2 0.292155 0.153125 0.0269321 0.04375 0.573811 93.69993209838867
2 0.260539 0.314583 0.0620609 0.116667 0.580651 93.69993209838867
2 0.240632 0.160417 0.0362998 0.0625 0.659068 93.69993209838867
2 0.449063 0.244792 0.0433255 0.0729167 0.681819 93.69993209838867
2 0.477166 0.407292 0.0550351 0.13125 0.713254 93.69993209838867
2 0.334309 0.354167 0.0456674 0.1 0.729932 93.69993209838867
