2 0.496487 0.634375 0.0725995 0.214583 0.273957 108.45780372619629
2 0.344848 0.217708 0.0269321 0.0520833 0.300175 108.45780372619629
2 0.328454 0.075 0.0245902 0.0333333 0.346607 108.45780372619629
2 0.221311 0.842708 0.133489 0.30625 0.376807 108.45780372619629
2 0.340164 0.14375 0.0316159 0.0541667 0.440431 108.45780372619629
2 0.292155 0.139583 0.0245902 0.0416667 0.449452 108.45780372619629
2 0.411007 0.157292 0.0351288 0.0520833 0.540651 108.45780372619629
2 0.283958 0.23125 0.0386417 0.0625 0.674278 108.45780372619629
2 0.239461 0.160417 0.0362998 0.0625 0.683 108.45780372619629
2 0.474239 0.340625 0.0468384 0.09375 0.705307 108.45780372619629
5 0.175059 0.552083 0.113583 0.220833 0.752917 108.45780372619629
