2 0.555035 0.402083 0.0210773 0.0333333 0.265055 120.41783332824707
2 0.416862 0.444792 0.0257611 0.0395833 0.352851 120.41783332824707
2 0.358899 0.464583 0.0245902 0.0333333 0.353218 120.41783332824707
2 0.284543 0.541667 0.0398126 0.0625 0.557306 120.41783332824707
2 0.443208 0.464583 0.0269321 0.0416667 0.572341 120.41783332824707
2 0.670375 0.526042 0.0409836 0.05625 0.604366 120.41783332824707
2 0.412178 0.571875 0.0444965 0.0604167 0.74018 120.41783332824707
5 0.0907494 0.746875 0.181499 0.38125 0.748782 120.41783332824707
2 0.229508 0.769792 0.0960187 0.114583 0.754888 120.41783332824707
2 0.336651 0.583333 0.0456674 0.0666667 0.778697 120.41783332824707
2 0.360656 0.7875 0.0843091 0.133333 0.787044 120.41783332824707
