2 0.571429 0.379167 0.0257611 0.0416667 0.251494 98.78683090209961
2 0.538642 0.416667 0.028103 0.0375 0.347071 98.78683090209961
2 0.58548 0.460417 0.030445 0.0416667 0.419785 98.78683090209961
2 0.451991 0.453125 0.028103 0.0354167 0.481612 98.78683090209961
2 0.305621 0.526042 0.0374707 0.0479167 0.554833 98.78683090209961
2 0.392857 0.489583 0.029274 0.0375 0.577891 98.78683090209961
2 0.430913 0.545833 0.0374707 0.0583333 0.685109 98.78683090209961
2 0.357728 0.7875 0.0831382 0.1375 0.695649 98.78683090209961
2 0.834309 0.903125 0.125293 0.19375 0.698271 98.78683090209961
2 0.276932 0.669792 0.0690866 0.09375 0.738128 98.78683090209961
2 0.630562 0.525 0.0386417 0.0625 0.757108 98.78683090209961
2 0.820843 0.709375 0.0866511 0.122917 0.776316 98.78683090209961
