2 0.38466 0.629167 0.0690866 0.154167 0.402669 104.8886775970459
2 0.698478 0.55 0.0456674 0.0625 0.667074 104.8886775970459
2 0.652225 0.56875 0.0374707 0.0625 0.676771 104.8886775970459
5 0.0532787 0.802083 0.106557 0.270833 0.697769 104.8886775970459
2 0.355972 0.535417 0.0374707 0.0583333 0.707258 104.8886775970459
2 0.307377 0.925 0.118267 0.145833 0.711094 104.8886775970459
2 0.629391 0.703125 0.0620609 0.11875 0.720592 104.8886775970459
2 0.429742 0.534375 0.0374707 0.0604167 0.746143 104.8886775970459
2 0.579625 0.54375 0.0351288 0.0666667 0.753063 104.8886775970459
2 0.227166 0.619792 0.0632318 0.0770833 0.75583 104.8886775970459
2 0.251756 0.725 0.0819672 0.116667 0.770729 104.8886775970459
