2 0.639344 0.473958 0.0234192 0.03125 0.261361 104.68149185180664
2 0.556206 0.415625 0.0210773 0.03125 0.277736 104.68149185180664
2 0.408665 0.447917 0.0327869 0.0416667 0.346477 104.68149185180664
2 0.576112 0.44375 0.028103 0.0291667 0.369662 104.68149185180664
2 0.454918 0.448958 0.0245902 0.0354167 0.484585 104.68149185180664
2 0.357728 0.544792 0.0362998 0.0645833 0.537458 104.68149185180664
2 0.381733 0.494792 0.0327869 0.04375 0.563846 104.68149185180664
5 0.266979 0.520833 0.135831 0.204167 0.614645 104.68149185180664
2 0.706089 0.552083 0.0468384 0.0708333 0.66344 104.68149185180664
2 0.428571 0.51875 0.0374707 0.05 0.735052 104.68149185180664
2 0.316745 0.616667 0.0550351 0.075 0.738302 104.68149185180664
2 0.377635 0.701042 0.0620609 0.10625 0.81208 104.68149185180664
