2 0.467213 0.414583 0.0210773 0.025 0.264589 112.55764961242676
2 0.417447 0.494792 0.0339578 0.0770833 0.324089 112.55764961242676
2 0.72541 0.907292 0.127635 0.185417 0.329674 112.55764961242676
2 0.411593 0.448958 0.0269321 0.0354167 0.402253 112.55764961242676
2 0.453162 0.460417 0.0257611 0.0375 0.506261 112.55764961242676
2 0.627049 0.448958 0.0339578 0.0604167 0.556027 112.55764961242676
2 0.0234192 0.890625 0.0468384 0.127083 0.651142 112.55764961242676
2 0.269906 0.576042 0.0503513 0.05625 0.681647 112.55764961242676
2 0.649883 0.585417 0.0468384 0.0708333 0.699609 112.55764961242676
7 0.720141 0.527083 0.119438 0.208333 0.730985 112.55764961242676
2 0.423302 0.519792 0.0362998 0.04375 0.740957 112.55764961242676
2 0.298009 0.640625 0.059719 0.0854167 0.785934 112.55764961242676
