2 0.431499 0.413542 0.0222482 0.0354167 0.275465 108.40034484863281
2 0.383489 0.490625 0.0362998 0.0479167 0.372964 108.40034484863281
2 0.588993 0.444792 0.0257611 0.0354167 0.373153 108.40034484863281
2 0.441452 0.48125 0.0351288 0.0458333 0.52057 108.40034484863281
2 0.567916 0.50625 0.030445 0.0541667 0.57448 108.40034484863281
2 0.268735 0.578125 0.0503513 0.0645833 0.690701 108.40034484863281
2 0.765808 0.792708 0.0913349 0.147917 0.695014 108.40034484863281
2 0.615925 0.698958 0.0725995 0.11875 0.699854 108.40034484863281
2 0.356557 0.545833 0.0362998 0.05 0.740866 108.40034484863281
2 0.410422 0.58125 0.0456674 0.075 0.759674 108.40034484863281
2 0.86534 0.747917 0.0960187 0.145833 0.813472 108.40034484863281
