2 0.570843 0.44375 0.0269321 0.0291667 0.279807 113.39664459228516
2 0.453747 0.451042 0.0245902 0.0395833 0.297054 113.39664459228516
2 0.381148 0.488542 0.0339578 0.0479167 0.332077 113.39664459228516
2 0.337237 0.484375 0.030445 0.0479167 0.350105 113.39664459228516
2 0.594262 0.417708 0.0222482 0.0354167 0.368264 113.39664459228516
2 0.440281 0.491667 0.028103 0.0458333 0.389842 113.39664459228516
2 0.61534 0.446875 0.0222482 0.0354167 0.4263 113.39664459228516
5 0.234192 0.559375 0.0819672 0.18125 0.554491 113.39664459228516
2 0.159836 0.883333 0.125293 0.179167 0.581822 113.39664459228516
2 0.385246 0.695833 0.0562061 0.1 0.661493 113.39664459228516
2 0.699063 0.546875 0.0421546 0.05625 0.679023 113.39664459228516
2 0.415105 0.554167 0.0433255 0.075 0.68979 113.39664459228516
2 0.328454 0.591667 0.0456674 0.0708333 0.696022 113.39664459228516
