2 0.648126 0.483333 0.029274 0.0375 0.313243 131.3762664794922
2 0.372951 0.446875 0.0245902 0.03125 0.318646 131.3762664794922
2 0.319672 0.50625 0.0327869 0.0458333 0.441344 131.3762664794922
2 0.451991 0.447917 0.0257611 0.0333333 0.50671 131.3762664794922
2 0.56089 0.45625 0.028103 0.0375 0.575601 131.3762664794922
7 0.16452 0.614583 0.176815 0.2625 0.62315 131.3762664794922
2 0.363583 0.532292 0.0386417 0.05625 0.663285 131.3762664794922
2 0.429157 0.526042 0.0362998 0.0520833 0.668328 131.3762664794922
2 0.796838 0.683333 0.0831382 0.104167 0.756093 131.3762664794922
2 0.394614 0.659375 0.0562061 0.0895833 0.76589 131.3762664794922
2 0.296253 0.648958 0.0655738 0.0770833 0.82336 131.3762664794922
