2 0.563232 0.436458 0.0234192 0.03125 0.259207 139.6653652191162
7 0.418618 0.386458 0.0433255 0.06875 0.275573 139.6653652191162
2 0.404567 0.453125 0.0245902 0.04375 0.344829 139.6653652191162
5 0.815574 0.591667 0.197892 0.279167 0.397541 139.6653652191162
2 0.444965 0.45625 0.030445 0.0375 0.416956 139.6653652191162
2 0.326698 0.494792 0.0351288 0.04375 0.423522 139.6653652191162
2 0.374122 0.509375 0.0316159 0.0479167 0.545699 139.6653652191162
2 0.557377 0.492708 0.030445 0.0479167 0.578105 139.6653652191162
2 0.248244 0.594792 0.0468384 0.0729167 0.580804 139.6653652191162
7 0.88993 0.696875 0.126464 0.247917 0.663712 139.6653652191162
2 0.674473 0.622917 0.0444965 0.0791667 0.67158 139.6653652191162
2 0.316745 0.6125 0.0503513 0.075 0.703431 139.6653652191162
2 0.416862 0.541667 0.0374707 0.0583333 0.71563 139.6653652191162
2 0.194965 0.819792 0.127635 0.164583 0.739532 139.6653652191162
2 0.375878 0.7375 0.0679157 0.116667 0.784204 139.6653652191162
