2 0.529274 0.376042 0.0210773 0.0270833 0.258383 108.40559005737305
2 0.338993 0.491667 0.029274 0.0416667 0.306494 108.40559005737305
2 0.453747 0.447917 0.0269321 0.0541667 0.308 108.40559005737305
2 0.371194 0.678125 0.088993 0.197917 0.466595 108.40559005737305
2 0.562061 0.494792 0.030445 0.05625 0.570718 108.40559005737305
2 0.618267 0.509375 0.0327869 0.0520833 0.64854 108.40559005737305
2 0.014637 0.926042 0.029274 0.11875 0.657254 108.40559005737305
2 0.668618 0.508333 0.0374707 0.0583333 0.707897 108.40559005737305
2 0.19555 0.65625 0.0796253 0.0875 0.780105 108.40559005737305
2 0.422717 0.560417 0.0398126 0.0583333 0.79136 108.40559005737305
2 0.343677 0.553125 0.0433255 0.05625 0.809328 108.40559005737305
2 0.592506 0.5875 0.0444965 0.075 0.811148 108.40559005737305
2 0.210773 0.798958 0.103044 0.14375 0.838218 108.40559005737305
