2 0.442037 0.396875 0.0199063 0.03125 0.282176 119.84467506408691
2 0.542155 0.435417 0.0257611 0.0333333 0.365674 119.84467506408691
2 0.400468 0.470833 0.028103 0.0375 0.390292 119.84467506408691
2 0.320258 0.504167 0.029274 0.0458333 0.40321 119.84467506408691
2 0.454918 0.445833 0.0245902 0.0333333 0.421681 119.84467506408691
2 0.958431 0.911458 0.0831382 0.160417 0.523368 119.84467506408691
2 0.603045 0.49375 0.030445 0.0458333 0.557729 119.84467506408691
2 0.436768 0.523958 0.0374707 0.0520833 0.578639 119.84467506408691
2 0.305621 0.619792 0.0491803 0.08125 0.698576 119.84467506408691
2 0.380562 0.705208 0.0655738 0.10625 0.739398 119.84467506408691
2 0.671546 0.590625 0.0526932 0.08125 0.813734 119.84467506408691
