2 0.456089 0.441667 0.029274 0.0416667 0.340057 100.87203979492188
2 0.354215 0.465625 0.029274 0.04375 0.487502 100.87203979492188
2 0.54918 0.476042 0.028103 0.04375 0.551496 100.87203979492188
2 0.645785 0.479167 0.029274 0.0375 0.603085 100.87203979492188
2 0.433255 0.508333 0.0351288 0.0541667 0.622637 100.87203979492188
2 0.252342 0.713542 0.0831382 0.122917 0.63026 100.87203979492188
2 0.601288 0.604167 0.0526932 0.0958333 0.673734 100.87203979492188
2 0.320843 0.938542 0.112412 0.11875 0.681248 100.87203979492188
7 0.754684 0.569792 0.155738 0.264583 0.746904 100.87203979492188
2 0.403981 0.586458 0.0444965 0.0770833 0.755102 100.87203979492188
2 0.107728 0.760417 0.107728 0.125 0.844798 100.87203979492188
