2 0.421546 0.427083 0.0257611 0.0416667 0.266779 115.43774604797363
2 0.567916 0.414583 0.0210773 0.0208333 0.295914 115.43774604797363
2 0.446136 0.467708 0.030445 0.04375 0.315765 115.43774604797363
2 0.547424 0.446875 0.0245902 0.0354167 0.334873 115.43774604797363
2 0.319672 0.50625 0.0327869 0.0458333 0.407948 115.43774604797363
2 0.387002 0.484375 0.029274 0.0395833 0.444562 115.43774604797363
2 0.153981 0.697917 0.087822 0.125 0.661146 115.43774604797363
2 0.930328 0.848958 0.132318 0.189583 0.684437 115.43774604797363
2 0.273419 0.7 0.0714286 0.1 0.713729 115.43774604797363
2 0.339578 0.551042 0.0468384 0.0645833 0.714364 115.43774604797363
2 0.419204 0.534375 0.0374707 0.0604167 0.728961 115.43774604797363
