2 0.419204 0.426042 0.030445 0.0520833 0.291151 124.49526786804199
2 0.392857 0.452083 0.0339578 0.0458333 0.338677 124.49526786804199
2 0.444379 0.454167 0.0245902 0.0375 0.344261 124.49526786804199
2 0.466628 0.414583 0.0222482 0.0291667 0.365253 124.49526786804199
2 0.614169 0.423958 0.0409836 0.0729167 0.421885 124.49526786804199
2 0.320258 0.507292 0.0316159 0.05625 0.473103 124.49526786804199
2 0.375878 0.516667 0.0327869 0.05 0.599417 124.49526786804199
2 0.290398 0.932292 0.126464 0.135417 0.663314 124.49526786804199
2 0.103044 0.7625 0.114754 0.1375 0.760728 124.49526786804199
2 0.242389 0.720833 0.0866511 0.104167 0.783007 124.49526786804199
2 0.377049 0.703125 0.0608899 0.0979167 0.816228 124.49526786804199
2 0.798009 0.797917 0.108899 0.1625 0.853891 124.49526786804199
