2 0.559719 0.420833 0.0257611 0.0333333 0.311067 113.15727233886719
2 0.371194 0.507292 0.0444965 0.0604167 0.318692 113.15727233886719
2 0.455504 0.441667 0.0234192 0.0333333 0.330608 113.15727233886719
2 0.391101 0.484375 0.030445 0.0479167 0.354576 113.15727233886719
2 0.368852 0.525 0.0351288 0.05 0.46496 113.15727233886719
2 0.583724 0.461458 0.0316159 0.03125 0.474034 113.15727233886719
2 0.655738 0.5 0.0327869 0.0458333 0.519478 113.15727233886719
5 0.287471 0.5 0.113583 0.179167 0.604676 113.15727233886719
2 0.436183 0.5 0.0339578 0.0541667 0.643532 113.15727233886719
2 0.331967 0.582292 0.0503513 0.0729167 0.721943 113.15727233886719
2 0.754098 0.611458 0.0702576 0.0979167 0.738426 113.15727233886719
2 0.394614 0.646875 0.0515222 0.08125 0.799493 113.15727233886719
