2 0.407494 0.451042 0.028103 0.0354167 0.271221 113.98053169250488
2 0.608899 0.433333 0.0257611 0.0375 0.333661 113.98053169250488
2 0.34192 0.494792 0.0327869 0.0479167 0.41917 113.98053169250488
5 0.293326 0.870833 0.139344 0.25 0.450227 113.98053169250488
7 0.278103 0.529167 0.0690866 0.116667 0.483955 113.98053169250488
2 0.607143 0.485417 0.0339578 0.05 0.517482 113.98053169250488
2 0.441452 0.464583 0.0444965 0.0708333 0.550583 113.98053169250488
2 0.672717 0.521875 0.0386417 0.0479167 0.553548 113.98053169250488
2 0.371194 0.51875 0.0351288 0.0583333 0.668558 113.98053169250488
2 0.296838 0.634375 0.0550351 0.08125 0.733697 113.98053169250488
2 0.422131 0.552083 0.0339578 0.0625 0.737143 113.98053169250488
2 0.843091 0.732292 0.0843091 0.11875 0.758864 113.98053169250488
2 0.580796 0.555208 0.0421546 0.0895833 0.849759 113.98053169250488
2 0.0860656 0.80625 0.115925 0.133333 0.87113 113.98053169250488
