5 0.916276 0.746875 0.165105 0.464583 0.390768 105.43012619018555
2 0.394028 0.472917 0.0269321 0.0375 0.437303 105.43012619018555
2 0.321429 0.510417 0.0339578 0.0458333 0.506879 105.43012619018555
2 0.442623 0.4875 0.028103 0.0458333 0.538926 105.43012619018555
2 0.547424 0.459375 0.0269321 0.0354167 0.542994 105.43012619018555
2 0.340164 0.582292 0.0503513 0.0770833 0.713772 105.43012619018555
2 0.622365 0.522917 0.0386417 0.0583333 0.718482 105.43012619018555
2 0.0831382 0.952083 0.138173 0.0958333 0.731767 105.43012619018555
2 0.368852 0.704167 0.0608899 0.1 0.754099 105.43012619018555
2 0.144028 0.726042 0.0960187 0.110417 0.779789 105.43012619018555
