2 0.541569 0.434375 0.0222482 0.03125 0.272399 109.73906517028809
2 0.637588 0.470833 0.029274 0.0416667 0.340756 109.73906517028809
2 0.577283 0.447917 0.0234192 0.0333333 0.344338 109.73906517028809
2 0.460187 0.426042 0.0257611 0.0395833 0.369361 109.73906517028809
2 0.651054 0.810417 0.0913349 0.1625 0.453491 109.73906517028809
2 0.357728 0.470833 0.0316159 0.0458333 0.475624 109.73906517028809
2 0.410422 0.446875 0.0339578 0.0479167 0.519353 109.73906517028809
2 0.433255 0.5125 0.030445 0.05 0.520592 109.73906517028809
2 0.687354 0.532292 0.0421546 0.05625 0.572478 109.73906517028809
2 0.043911 0.882292 0.0854801 0.152083 0.61078 109.73906517028809
2 0.861827 0.872917 0.156909 0.241667 0.662155 109.73906517028809
2 0.31089 0.902083 0.122951 0.183333 0.68813 109.73906517028809
2 0.803279 0.648958 0.0843091 0.13125 0.695515 109.73906517028809
2 0.310304 0.615625 0.0538642 0.0770833 0.735163 109.73906517028809
2 0.40808 0.590625 0.0456674 0.0729167 0.752323 109.73906517028809
2 0.59719 0.601042 0.0491803 0.06875 0.785074 109.73906517028809
2 0.201405 0.826042 0.105386 0.139583 0.796049 109.73906517028809
