2 0.449649 0.414583 0.028103 0.0291667 0.277897 102.33902931213379
7 0.124707 0.948958 0.148712 0.102083 0.326234 102.33902931213379
2 0.456674 0.420833 0.0234192 0.0291667 0.330245 102.33902931213379
2 0.648712 0.491667 0.030445 0.0375 0.413931 102.33902931213379
2 0.395199 0.478125 0.029274 0.0354167 0.418672 102.33902931213379
2 0.736534 0.652083 0.0772834 0.129167 0.434842 102.33902931213379
2 0.2863 0.540625 0.0433255 0.06875 0.512643 102.33902931213379
2 0.751756 0.603125 0.0655738 0.110417 0.595236 102.33902931213379
2 0.420375 0.553125 0.0351288 0.0604167 0.688359 102.33902931213379
2 0.356557 0.755208 0.0761124 0.122917 0.732203 102.33902931213379
2 0.346019 0.564583 0.0409836 0.0583333 0.764306 102.33902931213379
2 0.713115 0.678125 0.0679157 0.102083 0.779304 102.33902931213379
