2 0.580211 0.455208 0.0222482 0.0270833 0.342298 120.9566593170166
2 0.391686 0.477083 0.0339578 0.0416667 0.438635 120.9566593170166
2 0.55445 0.472917 0.029274 0.05 0.554944 120.9566593170166
2 0.440867 0.483333 0.0339578 0.0458333 0.593104 120.9566593170166
2 0.270492 0.560417 0.0421546 0.0541667 0.636728 120.9566593170166
5 0.365925 0.429167 0.0714286 0.125 0.653524 120.9566593170166
2 0.362998 0.7125 0.0655738 0.1 0.709977 120.9566593170166
2 0.0532787 0.829167 0.106557 0.1375 0.743954 120.9566593170166
2 0.291569 0.638542 0.0538642 0.0770833 0.751318 120.9566593170166
2 0.73185 0.6 0.0491803 0.0791667 0.795125 120.9566593170166
2 0.661592 0.620833 0.058548 0.0916667 0.806111 120.9566593170166
