2 0.343677 0.4875 0.029274 0.0375 0.271894 107.40876197814941
2 0.0362998 0.88125 0.0725995 0.15 0.39925 107.40876197814941
2 0.559719 0.401042 0.0187354 0.0354167 0.428054 107.40876197814941
2 0.43911 0.502083 0.030445 0.0458333 0.540187 107.40876197814941
2 0.253513 0.585417 0.0480094 0.0666667 0.550824 107.40876197814941
2 0.339578 0.564583 0.0398126 0.0541667 0.667365 107.40876197814941
2 0.175059 0.694792 0.0690866 0.09375 0.678056 107.40876197814941
2 0.413349 0.580208 0.0444965 0.06875 0.739512 107.40876197814941
2 0.32904 0.841667 0.0913349 0.141667 0.750667 107.40876197814941
2 0.693794 0.544792 0.0409836 0.0520833 0.763391 107.40876197814941
2 0.631148 0.553125 0.0421546 0.06875 0.835824 107.40876197814941
