2 0.456674 0.433333 0.0210773 0.0333333 0.30044 110.41903495788574
2 0.427986 0.461458 0.0456674 0.0479167 0.309588 110.41903495788574
2 0.306206 0.928125 0.111241 0.135417 0.517671 110.41903495788574
2 0.435597 0.477083 0.0327869 0.05 0.529354 110.41903495788574
2 0.591335 0.4 0.0327869 0.05 0.549273 110.41903495788574
2 0.379977 0.489583 0.029274 0.0458333 0.589112 110.41903495788574
2 0.631733 0.71875 0.0667447 0.120833 0.599499 110.41903495788574
2 0.111241 0.925 0.147541 0.15 0.640963 110.41903495788574
2 0.279274 0.557292 0.0409836 0.06875 0.641436 110.41903495788574
2 0.349532 0.5625 0.0409836 0.0541667 0.73687 110.41903495788574
2 0.628806 0.51875 0.0374707 0.05 0.774795 110.41903495788574
