2 0.354801 0.476042 0.0257611 0.0395833 0.256807 109.4825267791748
2 0.529859 0.391667 0.0222482 0.0291667 0.25773 109.4825267791748
7 0.677986 0.846875 0.0960187 0.202083 0.386445 109.4825267791748
2 0.39637 0.601042 0.0644028 0.13125 0.559046 109.4825267791748
2 0.365925 0.526042 0.0362998 0.0520833 0.62529 109.4825267791748
2 0.435012 0.519792 0.0362998 0.05625 0.653984 109.4825267791748
2 0.725995 0.577083 0.0538642 0.0833333 0.715817 109.4825267791748
2 0.244145 0.597917 0.057377 0.075 0.723776 109.4825267791748
2 0.686768 0.629167 0.0550351 0.0875 0.727895 109.4825267791748
2 0.597775 0.596875 0.0456674 0.08125 0.754754 109.4825267791748
5 0.0702576 0.76875 0.140515 0.3 0.762466 109.4825267791748
2 0.331382 0.86875 0.100703 0.1625 0.76498 109.4825267791748
2 0.272834 0.686458 0.0725995 0.114583 0.812417 109.4825267791748
