2 0.419789 0.432292 0.0222482 0.03125 0.263224 100.72517395019531
2 0.57904 0.440625 0.0245902 0.03125 0.357214 100.72517395019531
2 0.436183 0.478125 0.0316159 0.0395833 0.424725 100.72517395019531
2 0.458431 0.436458 0.0245902 0.0354167 0.43488 100.72517395019531
2 0.609485 0.440625 0.0269321 0.0354167 0.454681 100.72517395019531
2 0.546253 0.453125 0.0222482 0.0354167 0.474968 100.72517395019531
2 0.313817 0.525 0.0374707 0.0458333 0.581695 100.72517395019531
2 0.135831 0.714583 0.103044 0.125 0.586407 100.72517395019531
2 0.341335 0.565625 0.0433255 0.05625 0.710575 100.72517395019531
2 0.345433 0.817708 0.0936768 0.152083 0.736736 100.72517395019531
2 0.681499 0.508333 0.0444965 0.0833333 0.776574 100.72517395019531
2 0.207845 0.804167 0.0971897 0.129167 0.788704 100.72517395019531
