2 0.624707 0.466667 0.0269321 0.0291667 0.296207 99.82156753540039
2 0.454333 0.436458 0.0210773 0.0229167 0.346965 99.82156753540039
2 0.257611 0.572917 0.0491803 0.075 0.445924 99.82156753540039
2 0.384075 0.496875 0.0351288 0.04375 0.479578 99.82156753540039
2 0.955504 0.844792 0.088993 0.24375 0.565709 99.82156753540039
2 0.688525 0.529167 0.0421546 0.0708333 0.612376 99.82156753540039
2 0.644028 0.560417 0.0421546 0.0625 0.642923 99.82156753540039
2 0.313232 0.914583 0.106557 0.1625 0.690237 99.82156753540039
2 0.408665 0.592708 0.0444965 0.0770833 0.71753 99.82156753540039
2 0.617096 0.684375 0.0608899 0.10625 0.765375 99.82156753540039
2 0.324941 0.603125 0.0456674 0.06875 0.814687 99.82156753540039
