2 0.373536 0.455208 0.030445 0.0395833 0.30711 110.1841926574707
2 0.422717 0.429167 0.0234192 0.0416667 0.320638 110.1841926574707
2 0.578454 0.452083 0.0234192 0.0375 0.329463 110.1841926574707
2 0.456089 0.442708 0.0269321 0.04375 0.344887 110.1841926574707
2 0.314403 0.51875 0.0362998 0.05 0.528652 110.1841926574707
2 0.727752 0.963542 0.122951 0.0729167 0.667471 110.1841926574707
2 0.593677 0.601042 0.0468384 0.08125 0.733264 110.1841926574707
2 0.431499 0.532292 0.0362998 0.0520833 0.73839 110.1841926574707
2 0.364169 0.804167 0.0913349 0.133333 0.796089 110.1841926574707
2 0.320843 0.609375 0.0538642 0.0729167 0.801741 110.1841926574707
2 0.139344 0.720833 0.0983607 0.1125 0.802275 110.1841926574707
2 0.782201 0.663542 0.0655738 0.09375 0.819932 110.1841926574707
