2 0.454918 0.428125 0.0269321 0.0395833 0.404901 110.14103889465332
2 0.403981 0.466667 0.028103 0.0458333 0.405783 110.14103889465332
2 0.313817 0.513542 0.0421546 0.06875 0.447245 110.14103889465332
2 0.367682 0.5125 0.0351288 0.0458333 0.519918 110.14103889465332
2 0.663934 0.505208 0.0374707 0.05625 0.630989 110.14103889465332
2 0.438525 0.517708 0.0339578 0.0479167 0.680488 110.14103889465332
2 0.209016 0.825 0.101874 0.158333 0.692391 110.14103889465332
2 0.587822 0.547917 0.0398126 0.0833333 0.704383 110.14103889465332
2 0.192623 0.676042 0.0854801 0.102083 0.735664 110.14103889465332
2 0.338407 0.875 0.0960187 0.154167 0.772277 110.14103889465332
2 0.767564 0.782292 0.101874 0.172917 0.853262 110.14103889465332
