2 0.57904 0.442708 0.0269321 0.04375 0.250994 88.56081962585449
5 0.101288 0.871875 0.197892 0.24375 0.364464 88.56081962585449
5 0.159836 0.732292 0.148712 0.235417 0.369788 88.56081962585449
2 0.454333 0.4375 0.0234192 0.0333333 0.41754 88.56081962585449
2 0.333138 0.49375 0.0316159 0.0458333 0.440792 88.56081962585449
2 0.673888 0.514583 0.0316159 0.0458333 0.489235 88.56081962585449
7 0.210187 0.573958 0.14637 0.20625 0.599429 88.56081962585449
2 0.373536 0.509375 0.0374707 0.0479167 0.605581 88.56081962585449
2 0.433841 0.507292 0.0339578 0.0520833 0.611856 88.56081962585449
2 0.580211 0.495833 0.0339578 0.0541667 0.651746 88.56081962585449
2 0.946721 0.9 0.104215 0.1875 0.687699 88.56081962585449
2 0.290984 0.935417 0.122951 0.129167 0.724792 88.56081962585449
2 0.407494 0.614583 0.0491803 0.0833333 0.759723 88.56081962585449
2 0.319087 0.604167 0.0526932 0.0708333 0.782677 88.56081962585449
