2 0.358899 0.467708 0.0316159 0.0395833 0.262864 95.25942802429199
2 0.566745 0.392708 0.0163934 0.0270833 0.266551 95.25942802429199
2 0.454918 0.423958 0.0269321 0.0479167 0.276622 95.25942802429199
2 0.392857 0.483333 0.0386417 0.0458333 0.338039 95.25942802429199
2 0.566159 0.49375 0.0269321 0.0416667 0.359727 95.25942802429199
2 0.317916 0.515625 0.0386417 0.0479167 0.415851 95.25942802429199
2 0.632904 0.689583 0.0644028 0.1125 0.649896 95.25942802429199
2 0.410422 0.55 0.0362998 0.0583333 0.69499 95.25942802429199
2 0.710773 0.5625 0.0444965 0.0625 0.699591 95.25942802429199
2 0.361241 0.759375 0.0761124 0.114583 0.737183 95.25942802429199
2 0.0491803 0.863542 0.0983607 0.15625 0.745899 95.25942802429199
