2 0.257026 0.65625 0.0948478 0.0833333 0.373983 104.78472709655762
2 0.387588 0.485417 0.030445 0.0416667 0.449711 104.78472709655762
2 0.330211 0.502083 0.0374707 0.0458333 0.472169 104.78472709655762
2 0.442037 0.486458 0.0339578 0.0479167 0.512802 104.78472709655762
2 0.28103 0.546875 0.0374707 0.0520833 0.59041 104.78472709655762
2 0.602459 0.471875 0.0339578 0.0604167 0.68776 104.78472709655762
2 0.68267 0.526042 0.0374707 0.0520833 0.704715 104.78472709655762
2 0.214871 0.6375 0.0620609 0.0791667 0.760817 104.78472709655762
2 0.27459 0.689583 0.0714286 0.104167 0.775527 104.78472709655762
2 0.403396 0.5875 0.0433255 0.0666667 0.777153 104.78472709655762
