2 0.444379 0.455208 0.029274 0.0354167 0.284466 104.40230369567871
2 0.581967 0.43125 0.0351288 0.0708333 0.339184 104.40230369567871
2 0.357143 0.46875 0.028103 0.0416667 0.449045 104.40230369567871
2 0.38993 0.484375 0.0327869 0.0479167 0.523101 104.40230369567871
2 0.4274 0.521875 0.0421546 0.05625 0.702622 104.40230369567871
2 0.346604 0.809375 0.088993 0.15625 0.709176 104.40230369567871
2 0.845433 0.7125 0.0866511 0.129167 0.737234 104.40230369567871
2 0.283958 0.544792 0.0456674 0.05625 0.78124 104.40230369567871
2 0.349532 0.557292 0.0433255 0.0604167 0.792689 104.40230369567871
2 0.153981 0.880208 0.122951 0.15625 0.858144 104.40230369567871
