2 0.452576 0.440625 0.0222482 0.03125 0.27229 136.65151596069336
2 0.80445 0.627083 0.124122 0.216667 0.312187 136.65151596069336
2 0.905152 0.727083 0.166276 0.275 0.335023 136.65151596069336
2 0.336066 0.49375 0.028103 0.0416667 0.337504 136.65151596069336
2 0.629391 0.46875 0.029274 0.0375 0.505495 136.65151596069336
2 0.329625 0.867708 0.101874 0.16875 0.564142 136.65151596069336
2 0.378806 0.5 0.0339578 0.05 0.595889 136.65151596069336
2 0.559719 0.483333 0.030445 0.05 0.628512 136.65151596069336
2 0.428571 0.523958 0.0398126 0.0645833 0.749967 136.65151596069336
2 0.207845 0.817708 0.0995316 0.13125 0.78529 136.65151596069336
