2 0.412763 0.447917 0.0222482 0.0291667 0.257873 123.36206436157227
2 0.56089 0.398958 0.0234192 0.0395833 0.26269 123.36206436157227
2 0.338407 0.519792 0.0702576 0.0520833 0.276243 123.36206436157227
2 0.661007 0.495833 0.0362998 0.0541667 0.526524 123.36206436157227
2 0.358899 0.533333 0.0362998 0.0541667 0.561745 123.36206436157227
2 0.320258 0.50625 0.0362998 0.0458333 0.583002 123.36206436157227
5 0.660422 0.841667 0.0796253 0.166667 0.663615 123.36206436157227
2 0.43267 0.491667 0.0339578 0.0458333 0.6638 123.36206436157227
2 0.399883 0.601042 0.0480094 0.0770833 0.727966 123.36206436157227
2 0.300937 0.638542 0.058548 0.0770833 0.775596 123.36206436157227
2 0.201405 0.638542 0.0749414 0.0895833 0.792723 123.36206436157227
