2 0.295082 0.611458 0.105386 0.15625 0.267228 103.66964340209961
2 0.451991 0.446875 0.028103 0.0354167 0.35693 103.66964340209961
2 0.387002 0.490625 0.0316159 0.04375 0.407879 103.66964340209961
2 0.564403 0.504167 0.0327869 0.075 0.409049 103.66964340209961
7 0.726581 0.694792 0.087822 0.164583 0.412794 103.66964340209961
2 0.280445 0.953125 0.122951 0.09375 0.582394 103.66964340209961
2 0.437354 0.502083 0.0339578 0.05 0.630906 103.66964340209961
2 0.672131 0.515625 0.0398126 0.0520833 0.636042 103.66964340209961
2 0.398712 0.609375 0.0433255 0.0604167 0.764612 103.66964340209961
2 0.230094 0.60625 0.0526932 0.0708333 0.807188 103.66964340209961
