2 0.627049 0.459375 0.0245902 0.0354167 0.370597 121.98543548583984
2 0.447307 0.475 0.0327869 0.0416667 0.371395 121.98543548583984
2 0.289813 0.54375 0.0409836 0.05 0.397119 121.98543548583984
2 0.573185 0.422917 0.0269321 0.0416667 0.472166 121.98543548583984
2 0.36534 0.519792 0.0351288 0.0479167 0.496744 121.98543548583984
2 0.227166 0.610417 0.0468384 0.0708333 0.628259 121.98543548583984
2 0.37178 0.690625 0.0550351 0.09375 0.715132 121.98543548583984
2 0.430328 0.530208 0.0339578 0.05625 0.73551 121.98543548583984
2 0.724824 0.727083 0.0819672 0.129167 0.746523 121.98543548583984
2 0.788056 0.659375 0.0749414 0.09375 0.754624 121.98543548583984
2 0.120609 0.741667 0.100703 0.1125 0.767434 121.98543548583984
2 0.126464 0.927083 0.152225 0.145833 0.795349 121.98543548583984
