2 0.583724 0.395833 0.0269321 0.0458333 0.269519 111.81354522705078
2 0.649297 0.485417 0.0269321 0.0416667 0.279726 111.81354522705078
2 0.430328 0.442708 0.0269321 0.0354167 0.325096 111.81354522705078
2 0.440281 0.477083 0.0257611 0.0333333 0.426364 111.81354522705078
2 0.327283 0.508333 0.0316159 0.0458333 0.459252 111.81354522705078
2 0.710773 0.898958 0.133489 0.202083 0.549284 111.81354522705078
2 0.363583 0.523958 0.0362998 0.0479167 0.559038 111.81354522705078
2 0.555035 0.482292 0.0327869 0.0479167 0.682088 111.81354522705078
2 0.324356 0.836458 0.0913349 0.14375 0.720975 111.81354522705078
2 0.703747 0.648958 0.0679157 0.110417 0.738273 111.81354522705078
2 0.750585 0.614583 0.0562061 0.075 0.755418 111.81354522705078
2 0.380562 0.644792 0.0538642 0.08125 0.78189 111.81354522705078
2 0.0562061 0.840625 0.112412 0.14375 0.789965 111.81354522705078
