2 0.637588 0.470833 0.0269321 0.0375 0.313047 107.39994049072266
7 0.0556206 0.904167 0.111241 0.191667 0.41527 107.39994049072266
2 0.55445 0.445833 0.029274 0.0375 0.492383 107.39994049072266
2 0.448478 0.45 0.028103 0.0375 0.512756 107.39994049072266
2 0.311475 0.515625 0.0351288 0.0479167 0.602849 107.39994049072266
7 0.139344 0.641667 0.196721 0.2875 0.619538 107.39994049072266
2 0.357143 0.542708 0.0398126 0.05625 0.712228 107.39994049072266
2 0.425644 0.535417 0.0362998 0.05 0.720356 107.39994049072266
2 0.754684 0.636458 0.0667447 0.0895833 0.766893 107.39994049072266
2 0.390515 0.68125 0.0620609 0.0916667 0.783019 107.39994049072266
2 0.283958 0.667708 0.0690866 0.0854167 0.820513 107.39994049072266
