2 0.625878 0.453125 0.0245902 0.0354167 0.315964 105.95583915710449
2 0.013466 0.819792 0.0269321 0.0895833 0.331725 105.95583915710449
2 0.438525 0.503125 0.0269321 0.04375 0.406123 105.95583915710449
5 0.768735 0.590625 0.144028 0.210417 0.495461 105.95583915710449
2 0.37178 0.69375 0.0620609 0.120833 0.540898 105.95583915710449
2 0.286885 0.542708 0.0374707 0.0604167 0.552516 105.95583915710449
7 0.107728 0.655208 0.124122 0.20625 0.578666 105.95583915710449
2 0.351874 0.539583 0.0386417 0.05 0.587079 105.95583915710449
2 0.0843091 0.791667 0.149883 0.15 0.589239 105.95583915710449
2 0.412763 0.56875 0.0386417 0.0666667 0.687783 105.95583915710449
2 0.251171 0.730208 0.0784543 0.10625 0.71917 105.95583915710449
2 0.581382 0.566667 0.0433255 0.0708333 0.793731 105.95583915710449
