2 0.183255 0.758333 0.141686 0.220833 0.307347 102.44464874267578
2 0.546253 0.441667 0.0245902 0.0416667 0.315583 102.44464874267578
7 0.286885 0.503125 0.0866511 0.11875 0.33322 102.44464874267578
2 0.444965 0.466667 0.028103 0.0416667 0.350877 102.44464874267578
2 0.396955 0.470833 0.0398126 0.05 0.366984 102.44464874267578
2 0.26171 0.644792 0.108899 0.13125 0.408815 102.44464874267578
2 0.626464 0.527083 0.0444965 0.0791667 0.625296 102.44464874267578
2 0.755269 0.804167 0.119438 0.204167 0.627095 102.44464874267578
2 0.142272 0.704167 0.0784543 0.0916667 0.641329 102.44464874267578
2 0.429742 0.534375 0.0398126 0.0604167 0.710511 102.44464874267578
2 0.362412 0.526042 0.0409836 0.0520833 0.712928 102.44464874267578
2 0.372365 0.694792 0.0608899 0.0979167 0.734132 102.44464874267578
2 0.83548 0.705208 0.0761124 0.102083 0.768093 102.44464874267578
