2 0.454333 0.458333 0.0234192 0.0416667 0.36132 108.03103446960449
2 0.378806 0.5 0.029274 0.0416667 0.479752 108.03103446960449
2 0.259953 0.56875 0.0374707 0.0583333 0.543654 108.03103446960449
2 0.58548 0.446875 0.030445 0.0520833 0.543804 108.03103446960449
2 0.436768 0.504167 0.0351288 0.05 0.58053 108.03103446960449
2 0.314988 0.515625 0.0374707 0.04375 0.581409 108.03103446960449
2 0.65281 0.489583 0.029274 0.0458333 0.615195 108.03103446960449
2 0.180913 0.677083 0.0784543 0.0916667 0.736953 108.03103446960449
2 0.391686 0.625 0.0480094 0.0791667 0.745749 108.03103446960449
2 0.228923 0.776042 0.0995316 0.127083 0.815372 108.03103446960449
2 0.939696 0.864583 0.120609 0.183333 0.873581 108.03103446960449
