2 0.36007 0.470833 0.029274 0.0416667 0.25156 130.16819953918457
2 0.620023 0.4625 0.029274 0.0333333 0.26181 130.16819953918457
2 0.454333 0.4375 0.0210773 0.025 0.314433 130.16819953918457
2 0.947892 0.844792 0.104215 0.28125 0.408082 130.16819953918457
2 0.255855 0.575 0.0526932 0.0791667 0.412427 130.16819953918457
2 0.384075 0.497917 0.0351288 0.0416667 0.463996 130.16819953918457
2 0.305621 0.920833 0.112412 0.15 0.47305 130.16819953918457
2 0.641101 0.553125 0.0409836 0.0645833 0.629004 130.16819953918457
2 0.684426 0.522917 0.0409836 0.0666667 0.657473 130.16819953918457
2 0.408665 0.594792 0.0468384 0.0770833 0.741818 130.16819953918457
2 0.612998 0.666667 0.057377 0.0958333 0.762248 130.16819953918457
2 0.323185 0.605208 0.0468384 0.0729167 0.79426 130.16819953918457
