2 0.607143 0.44375 0.0222482 0.0291667 0.310331 103.85346412658691
2 0.403981 0.4625 0.0210773 0.0375 0.386814 103.85346412658691
2 0.453162 0.446875 0.028103 0.04375 0.41884 103.85346412658691
2 0.386417 0.489583 0.028103 0.0375 0.551755 103.85346412658691
2 0.64637 0.751042 0.0843091 0.14375 0.592367 103.85346412658691
2 0.316159 0.520833 0.0398126 0.05 0.661787 103.85346412658691
2 0.433841 0.514583 0.0386417 0.0583333 0.704879 103.85346412658691
2 0.636417 0.527083 0.0362998 0.0541667 0.717243 103.85346412658691
2 0.360656 0.780208 0.0796253 0.135417 0.765901 103.85346412658691
2 0.154567 0.713542 0.0936768 0.10625 0.796101 103.85346412658691
