2 0.447307 0.439583 0.0421546 0.0541667 0.305519 112.51044273376465
2 0.362412 0.46875 0.0269321 0.0416667 0.402027 112.51044273376465
7 0.313817 0.49375 0.0538642 0.0916667 0.424887 112.51044273376465
7 0.361241 0.6875 0.0807962 0.166667 0.489112 112.51044273376465
2 0.390515 0.486458 0.029274 0.0479167 0.52141 112.51044273376465
2 0.730679 0.929167 0.133489 0.141667 0.629417 112.51044273376465
2 0.642272 0.471875 0.0339578 0.0520833 0.63647 112.51044273376465
2 0.338407 0.565625 0.0421546 0.0645833 0.646061 112.51044273376465
2 0.436183 0.504167 0.0339578 0.0541667 0.647965 112.51044273376465
2 0.683841 0.623958 0.0515222 0.0854167 0.721994 112.51044273376465
2 0.776347 0.655208 0.0702576 0.0854167 0.775725 112.51044273376465
2 0.201991 0.665625 0.0714286 0.0895833 0.787054 112.51044273376465
