7 0.879391 0.721875 0.236534 0.50625 0.295217 117.67125129699707
2 0.456089 0.439583 0.0199063 0.0291667 0.347854 117.67125129699707
2 0.31733 0.547917 0.0491803 0.0958333 0.365861 117.67125129699707
2 0.387002 0.485417 0.0316159 0.0458333 0.552816 117.67125129699707
2 0.60363 0.496875 0.0339578 0.0520833 0.592124 117.67125129699707
2 0.437939 0.501042 0.030445 0.0479167 0.603245 117.67125129699707
2 0.31089 0.527083 0.0409836 0.0541667 0.631204 117.67125129699707
2 0.101288 0.777083 0.111241 0.125 0.733251 117.67125129699707
2 0.350703 0.759375 0.0737705 0.114583 0.744751 117.67125129699707
2 0.324941 0.607292 0.059719 0.0854167 0.76677 117.67125129699707
