2 0.623536 0.448958 0.0245902 0.0354167 0.286971 158.86569023132324
2 0.337237 0.492708 0.0327869 0.0479167 0.324162 158.86569023132324
7 0.382318 0.413542 0.0456674 0.0770833 0.379217 158.86569023132324
2 0.451991 0.45 0.028103 0.0375 0.504474 158.86569023132324
2 0.137588 0.730208 0.120609 0.139583 0.627455 158.86569023132324
2 0.284543 0.559375 0.0398126 0.05625 0.629838 158.86569023132324
2 0.339578 0.573958 0.0421546 0.05625 0.733661 158.86569023132324
2 0.42096 0.527083 0.0339578 0.05 0.746725 158.86569023132324
2 0.694379 0.641667 0.0608899 0.0833333 0.819073 158.86569023132324
2 0.180328 0.85 0.119438 0.15 0.866945 158.86569023132324
