2 0.357728 0.469792 0.029274 0.04375 0.251159 117.96045303344727
2 0.327869 0.492708 0.030445 0.04375 0.288682 117.96045303344727
2 0.450234 0.453125 0.029274 0.0395833 0.426321 117.96045303344727
2 0.703747 0.639583 0.0772834 0.15 0.502411 117.96045303344727
2 0.425644 0.513542 0.0316159 0.0520833 0.670592 117.96045303344727
2 0.347775 0.561458 0.0421546 0.0604167 0.69173 117.96045303344727
2 0.31733 0.883333 0.105386 0.175 0.748906 117.96045303344727
2 0.137002 0.725 0.100703 0.108333 0.756575 117.96045303344727
2 0.279274 0.563542 0.0433255 0.05625 0.762533 117.96045303344727
2 0.231265 0.771875 0.0925059 0.114583 0.801779 117.96045303344727
2 0.868267 0.759375 0.0971897 0.135417 0.836174 117.96045303344727
