5 0.544496 0.363542 0.0562061 0.08125 0.328413 119.62103843688965
2 0.242974 0.648958 0.0644028 0.15625 0.373145 119.62103843688965
2 0.454918 0.44375 0.0245902 0.0291667 0.417406 119.62103843688965
2 0.382904 0.496875 0.0374707 0.04375 0.563899 119.62103843688965
2 0.674473 0.523958 0.0398126 0.0479167 0.632502 119.62103843688965
5 0.355972 0.4375 0.0796253 0.133333 0.677629 119.62103843688965
2 0.436768 0.508333 0.0327869 0.05 0.681114 119.62103843688965
2 0.733607 0.748958 0.0807962 0.14375 0.693539 119.62103843688965
2 0.615925 0.527083 0.0374707 0.0541667 0.740992 119.62103843688965
2 0.235948 0.603125 0.057377 0.0729167 0.741974 119.62103843688965
2 0.328454 0.83125 0.0948478 0.145833 0.783997 119.62103843688965
2 0.249415 0.7125 0.0725995 0.104167 0.805064 119.62103843688965
