2 0.553279 0.395833 0.0175644 0.025 0.331607 126.61576271057129
2 0.351288 0.470833 0.028103 0.0375 0.47564 126.61576271057129
2 0.440867 0.473958 0.0245902 0.0395833 0.487874 126.61576271057129
2 0.643443 0.496875 0.0409836 0.04375 0.555731 126.61576271057129
2 0.272248 0.561458 0.0456674 0.0604167 0.572633 126.61576271057129
5 0.0679157 0.771875 0.133489 0.35625 0.694151 126.61576271057129
2 0.407494 0.592708 0.0444965 0.06875 0.798645 126.61576271057129
2 0.341335 0.859375 0.0948478 0.160417 0.812844 126.61576271057129
2 0.321429 0.604167 0.0503513 0.0708333 0.816339 126.61576271057129
2 0.188525 0.8375 0.119438 0.141667 0.839869 126.61576271057129
