2 0.593677 0.419792 0.0234192 0.0270833 0.285643 118.18838119506836
2 0.439696 0.478125 0.029274 0.0479167 0.299283 118.18838119506836
2 0.405738 0.45 0.0245902 0.0375 0.331614 118.18838119506836
2 0.54918 0.455208 0.028103 0.0354167 0.343742 118.18838119506836
5 0.316159 0.486458 0.0515222 0.114583 0.417022 118.18838119506836
2 0.374707 0.511458 0.030445 0.04375 0.580279 118.18838119506836
2 0.649297 0.479167 0.0362998 0.0583333 0.592069 118.18838119506836
2 0.314403 0.61875 0.0526932 0.0833333 0.694051 118.18838119506836
2 0.429157 0.542708 0.0362998 0.0604167 0.704144 118.18838119506836
2 0.721311 0.571875 0.0444965 0.08125 0.736482 118.18838119506836
5 0.105972 0.734375 0.211944 0.460417 0.749945 118.18838119506836
2 0.685012 0.632292 0.0515222 0.0854167 0.775877 118.18838119506836
2 0.363583 0.735417 0.0784543 0.116667 0.811181 118.18838119506836
2 0.237705 0.766667 0.088993 0.120833 0.811632 118.18838119506836
