5 0.357728 0.429167 0.0433255 0.075 0.268902 103.22237014770508
2 0.454918 0.444792 0.0269321 0.0395833 0.391676 103.22237014770508
2 0.0310304 0.946875 0.059719 0.10625 0.489366 103.22237014770508
2 0.3226 0.505208 0.0362998 0.0479167 0.59126 103.22237014770508
2 0.433841 0.507292 0.0316159 0.0479167 0.599746 103.22237014770508
2 0.555035 0.490625 0.028103 0.0479167 0.613664 103.22237014770508
2 0.25 0.732292 0.087822 0.114583 0.676594 103.22237014770508
2 0.327869 0.839583 0.0936768 0.166667 0.693027 103.22237014770508
2 0.644028 0.55625 0.0374707 0.0625 0.699312 103.22237014770508
2 0.389344 0.657292 0.059719 0.0729167 0.706682 103.22237014770508
