2 0.601288 0.476042 0.0339578 0.05625 0.355436 120.47815322875977
2 0.456674 0.417708 0.0234192 0.0270833 0.371488 120.47815322875977
2 0.396955 0.476042 0.028103 0.0354167 0.373587 120.47815322875977
2 0.290984 0.533333 0.0409836 0.0625 0.559651 120.47815322875977
2 0.773419 0.622917 0.0714286 0.120833 0.580969 120.47815322875977
2 0.655152 0.502083 0.0339578 0.05 0.582862 120.47815322875977
2 0.422717 0.546875 0.0351288 0.0604167 0.691227 120.47815322875977
2 0.142857 0.929167 0.161592 0.141667 0.713076 120.47815322875977
2 0.350703 0.55625 0.0386417 0.0583333 0.737155 120.47815322875977
2 0.737705 0.720833 0.0819672 0.129167 0.771441 120.47815322875977
2 0.363583 0.730208 0.0714286 0.10625 0.771943 120.47815322875977
