2 0.36534 0.455208 0.0257611 0.03125 0.257273 104.86578941345215
2 0.451405 0.454167 0.0269321 0.0333333 0.368621 104.86578941345215
2 0.588993 0.460417 0.028103 0.0375 0.415179 104.86578941345215
2 0.641686 0.480208 0.0257611 0.0354167 0.446447 104.86578941345215
2 0.429157 0.529167 0.0386417 0.05 0.460259 104.86578941345215
2 0.167447 0.754167 0.0960187 0.158333 0.490672 104.86578941345215
2 0.298595 0.929167 0.12178 0.141667 0.623638 104.86578941345215
2 0.356557 0.542708 0.0409836 0.0520833 0.696661 104.86578941345215
2 0.0995316 0.744792 0.0632318 0.110417 0.754687 104.86578941345215
2 0.399883 0.604167 0.0433255 0.0791667 0.771807 104.86578941345215
2 0.594262 0.589583 0.0433255 0.0708333 0.795032 104.86578941345215
