2 0.57904 0.438542 0.0245902 0.03125 0.253021 97.79119491577148
2 0.429157 0.421875 0.0222482 0.0354167 0.254899 97.79119491577148
2 0.455504 0.445833 0.0257611 0.0333333 0.419981 97.79119491577148
7 0.62178 0.428125 0.0515222 0.09375 0.446085 97.79119491577148
2 0.385831 0.489583 0.0316159 0.0416667 0.586348 97.79119491577148
5 0.694965 0.867708 0.111241 0.25625 0.597584 97.79119491577148
2 0.555035 0.472917 0.028103 0.0416667 0.651324 97.79119491577148
2 0.435012 0.515625 0.0362998 0.0520833 0.71854 97.79119491577148
2 0.389344 0.6375 0.0456674 0.075 0.784249 97.79119491577148
2 0.120023 0.751042 0.104215 0.11875 0.830117 97.79119491577148
2 0.131148 0.915625 0.142857 0.164583 0.848071 97.79119491577148
