2 0.431499 0.417708 0.0245902 0.0395833 0.272966 104.71296310424805
2 0.355386 0.504167 0.0550351 0.05 0.280191 104.71296310424805
2 0.342506 0.490625 0.029274 0.0395833 0.469998 104.71296310424805
2 0.457845 0.432292 0.028103 0.03125 0.47995 104.71296310424805
2 0.403396 0.595833 0.0667447 0.133333 0.520428 104.71296310424805
2 0.435012 0.535417 0.0339578 0.0458333 0.585537 104.71296310424805
2 0.376464 0.5125 0.0316159 0.0541667 0.585832 104.71296310424805
2 0.724824 0.5875 0.0444965 0.0666667 0.608505 104.71296310424805
2 0.127635 0.726042 0.103044 0.114583 0.775834 104.71296310424805
2 0.132318 0.921875 0.145199 0.14375 0.828183 104.71296310424805
