2 0.453162 0.432292 0.0210773 0.03125 0.321802 106.4140796661377
2 0.403981 0.461458 0.0257611 0.0395833 0.349589 106.4140796661377
7 0.62178 0.495833 0.0515222 0.0916667 0.458451 106.4140796661377
2 0.43911 0.485417 0.0327869 0.0458333 0.573666 106.4140796661377
2 0.273419 0.95625 0.115925 0.0875 0.652221 106.4140796661377
2 0.369438 0.517708 0.0386417 0.0479167 0.660921 106.4140796661377
2 0.321429 0.504167 0.0339578 0.05 0.671468 106.4140796661377
2 0.0310304 0.907292 0.0620609 0.135417 0.681675 106.4140796661377
2 0.25644 0.70625 0.0749414 0.1 0.776021 106.4140796661377
2 0.388759 0.669792 0.0608899 0.0979167 0.809015 106.4140796661377
