2 0.419789 0.4375 0.0245902 0.0375 0.262456 103.71947288513184
2 0.547424 0.448958 0.0222482 0.0395833 0.337581 103.71947288513184
2 0.355386 0.465625 0.0269321 0.04375 0.373427 103.71947288513184
2 0.394614 0.482292 0.0351288 0.04375 0.382297 103.71947288513184
2 0.357143 0.728125 0.0749414 0.11875 0.430186 103.71947288513184
2 0.448478 0.452083 0.030445 0.0416667 0.446039 103.71947288513184
2 0.183255 0.676042 0.087822 0.110417 0.619322 103.71947288513184
5 0.829625 0.811458 0.179157 0.360417 0.622914 103.71947288513184
2 0.67623 0.519792 0.0362998 0.0520833 0.720767 103.71947288513184
2 0.323185 0.590625 0.0444965 0.0645833 0.736595 103.71947288513184
2 0.415105 0.569792 0.0433255 0.0645833 0.747141 103.71947288513184
2 0.574941 0.557292 0.0398126 0.0604167 0.775405 103.71947288513184
2 0.197307 0.784375 0.118267 0.15625 0.780588 103.71947288513184
