2 0.453162 0.436458 0.030445 0.0395833 0.273617 104.78496551513672
2 0.909251 0.928125 0.167447 0.14375 0.322758 104.78496551513672
5 0.320843 0.460417 0.0562061 0.0958333 0.33768 104.78496551513672
2 0.357728 0.519792 0.0456674 0.0729167 0.34434 104.78496551513672
2 0.326112 0.56875 0.0854801 0.1 0.454033 104.78496551513672
2 0.594848 0.596875 0.0491803 0.102083 0.45796 104.78496551513672
2 0.442623 0.48125 0.0327869 0.0458333 0.541399 104.78496551513672
2 0.409836 0.571875 0.0398126 0.0604167 0.69477 104.78496551513672
2 0.723068 0.577083 0.0526932 0.0708333 0.723652 104.78496551513672
2 0.265808 0.566667 0.0468384 0.0583333 0.770485 104.78496551513672
2 0.32377 0.870833 0.0995316 0.158333 0.854689 104.78496551513672
