2 0.425059 0.46875 0.0562061 0.0541667 0.300382 103.00660133361816
2 0.405738 0.45 0.0269321 0.0416667 0.340748 103.00660133361816
2 0.588408 0.395833 0.0269321 0.0458333 0.368499 103.00660133361816
2 0.355972 0.467708 0.0257611 0.0354167 0.37456 103.00660133361816
2 0.371194 0.5 0.0374707 0.0541667 0.396133 103.00660133361816
2 0.289813 0.972917 0.108899 0.0541667 0.535525 103.00660133361816
2 0.266393 0.56875 0.0480094 0.0666667 0.598877 103.00660133361816
2 0.434426 0.485417 0.0327869 0.05 0.63559 103.00660133361816
2 0.0749414 0.954167 0.149883 0.0916667 0.642483 103.00660133361816
2 0.610656 0.490625 0.0316159 0.0479167 0.671028 103.00660133361816
2 0.600117 0.619792 0.0480094 0.08125 0.743631 103.00660133361816
2 0.340749 0.576042 0.0444965 0.0645833 0.76522 103.00660133361816
