2 0.453747 0.440625 0.0199063 0.0354167 0.268846 92.45133399963379
2 0.540398 0.40625 0.029274 0.0416667 0.356534 92.45133399963379
2 0.392272 0.467708 0.028103 0.0395833 0.39593 92.45133399963379
2 0.58548 0.440625 0.030445 0.05625 0.532035 92.45133399963379
2 0.266393 0.576042 0.0409836 0.0604167 0.564128 92.45133399963379
2 0.437939 0.498958 0.0327869 0.0520833 0.633206 92.45133399963379
2 0.562646 0.501042 0.0316159 0.04375 0.726411 92.45133399963379
2 0.369438 0.510417 0.0386417 0.0458333 0.741756 92.45133399963379
2 0.293326 0.641667 0.0526932 0.0791667 0.744021 92.45133399963379
2 0.719555 0.701042 0.0667447 0.102083 0.758591 92.45133399963379
2 0.751171 0.611458 0.059719 0.0770833 0.759958 92.45133399963379
2 0.0339578 0.894792 0.0679157 0.147917 0.761942 92.45133399963379
2 0.2863 0.9375 0.129977 0.120833 0.767221 92.45133399963379
2 0.132904 0.915625 0.127635 0.15625 0.834541 92.45133399963379
