2 0.412178 0.448958 0.030445 0.0395833 0.264858 104.41827774047852
2 0.381733 0.435417 0.0210773 0.0333333 0.269081 104.41827774047852
2 0.457845 0.41875 0.028103 0.0416667 0.303939 104.41827774047852
2 0.272248 0.560417 0.0433255 0.0625 0.4446 104.41827774047852
2 0.0128806 0.915625 0.0257611 0.0979167 0.553155 104.41827774047852
2 0.363583 0.522917 0.0362998 0.0458333 0.620122 104.41827774047852
2 0.433255 0.508333 0.0351288 0.0541667 0.620362 104.41827774047852
2 0.692037 0.545833 0.0421546 0.0666667 0.634712 104.41827774047852
2 0.29918 0.620833 0.0644028 0.0916667 0.654669 104.41827774047852
2 0.596604 0.616667 0.0456674 0.0875 0.658887 104.41827774047852
2 0.399297 0.594792 0.0468384 0.0770833 0.735658 104.41827774047852
2 0.13993 0.922917 0.129977 0.145833 0.828212 104.41827774047852
2 0.931499 0.819792 0.125293 0.16875 0.886488 104.41827774047852
