2 0.374707 0.480208 0.058548 0.05625 0.252298 133.1615447998047
2 0.416862 0.441667 0.0257611 0.0375 0.272037 133.1615447998047
2 0.439696 0.485417 0.0362998 0.0916667 0.279601 133.1615447998047
2 0.355386 0.473958 0.0269321 0.0395833 0.328709 133.1615447998047
2 0.444379 0.445833 0.0409836 0.0583333 0.379854 133.1615447998047
7 0.645199 0.74375 0.0866511 0.191667 0.411907 133.1615447998047
2 0.344262 0.739583 0.0960187 0.2 0.43507 133.1615447998047
7 0.303279 0.507292 0.058548 0.10625 0.456492 133.1615447998047
2 0.382904 0.497917 0.0327869 0.0541667 0.529778 133.1615447998047
2 0.62822 0.45625 0.0316159 0.0458333 0.546855 133.1615447998047
2 0.431499 0.51875 0.0339578 0.0583333 0.650695 133.1615447998047
2 0.326112 0.590625 0.0433255 0.06875 0.68023 133.1615447998047
2 0.730679 0.59375 0.0468384 0.0625 0.707044 133.1615447998047
2 0.173302 0.705208 0.088993 0.110417 0.782817 133.1615447998047
2 0.647541 0.561458 0.0421546 0.0645833 0.785576 133.1615447998047
