2 0.454918 0.433333 0.0245902 0.0333333 0.345237 107.41710662841797
2 0.339578 0.4875 0.030445 0.0416667 0.37687 107.41710662841797
7 0.222482 0.555208 0.140515 0.189583 0.420423 107.41710662841797
2 0.588408 0.488542 0.0362998 0.0895833 0.438537 107.41710662841797
2 0.584309 0.453125 0.0327869 0.04375 0.468881 107.41710662841797
5 0.119438 0.841667 0.236534 0.308333 0.523554 107.41710662841797
2 0.435012 0.498958 0.0339578 0.0479167 0.540668 107.41710662841797
2 0.380562 0.501042 0.0351288 0.0520833 0.582826 107.41710662841797
2 0.690281 0.532292 0.0339578 0.0520833 0.656437 107.41710662841797
2 0.310304 0.890625 0.0936768 0.15625 0.700381 107.41710662841797
2 0.594262 0.521875 0.0386417 0.0604167 0.716893 107.41710662841797
2 0.330211 0.590625 0.0491803 0.06875 0.741623 107.41710662841797
2 0.410422 0.597917 0.0456674 0.0708333 0.767436 107.41710662841797
