2 0.383489 0.445833 0.0245902 0.0375 0.291137 106.72187805175781
2 0.642272 0.48125 0.0245902 0.0375 0.317323 106.72187805175781
2 0.429742 0.420833 0.0257611 0.0416667 0.386972 106.72187805175781
2 0.673888 0.847917 0.0971897 0.225 0.388835 106.72187805175781
2 0.336066 0.494792 0.030445 0.04375 0.409601 106.72187805175781
2 0.601288 0.492708 0.0316159 0.04375 0.512418 106.72187805175781
2 0.207845 0.636458 0.0620609 0.0770833 0.642049 106.72187805175781
2 0.437354 0.503125 0.0316159 0.0520833 0.659538 106.72187805175781
2 0.347775 0.563542 0.0421546 0.05625 0.719251 106.72187805175781
2 0.394028 0.689583 0.0667447 0.0958333 0.781719 106.72187805175781
2 0.95726 0.9125 0.0854801 0.175 0.80246 106.72187805175781
