2 0.458431 0.417708 0.0222482 0.03125 0.262187 121.40440940856934
2 0.283958 0.619792 0.0925059 0.09375 0.30108 121.40440940856934
5 0.396955 0.398958 0.0374707 0.0604167 0.31695 121.40440940856934
2 0.0790398 0.896875 0.144028 0.172917 0.361918 121.40440940856934
2 0.32904 0.507292 0.030445 0.04375 0.531348 121.40440940856934
2 0.438525 0.469792 0.029274 0.04375 0.584864 121.40440940856934
2 0.250585 0.595833 0.058548 0.0916667 0.589709 121.40440940856934
2 0.378806 0.511458 0.029274 0.04375 0.641005 121.40440940856934
2 0.0532787 0.855208 0.106557 0.147917 0.681093 121.40440940856934
2 0.290398 0.895833 0.112412 0.154167 0.714316 121.40440940856934
2 0.301522 0.6375 0.059719 0.0833333 0.727671 121.40440940856934
2 0.104801 0.9375 0.139344 0.125 0.737544 121.40440940856934
2 0.710187 0.554167 0.0362998 0.0541667 0.770793 121.40440940856934
2 0.576698 0.532292 0.0362998 0.05625 0.774629 121.40440940856934
