2 0.401054 0.422917 0.0199063 0.0291667 0.259582 103.50441932678223
2 0.540984 0.43125 0.0234192 0.0458333 0.270958 103.50441932678223
2 0.430328 0.427083 0.0245902 0.0333333 0.294088 103.50441932678223
2 0.605972 0.432292 0.0222482 0.0354167 0.401131 103.50441932678223
2 0.286885 0.553125 0.0398126 0.0604167 0.429755 103.50441932678223
2 0.436768 0.5125 0.0327869 0.0458333 0.514732 103.50441932678223
2 0.248829 0.9375 0.167447 0.116667 0.656496 103.50441932678223
2 0.577869 0.528125 0.0362998 0.0520833 0.668412 103.50441932678223
2 0.667447 0.51875 0.0351288 0.0541667 0.713293 103.50441932678223
2 0.0298595 0.889583 0.059719 0.120833 0.714806 103.50441932678223
2 0.38466 0.713542 0.0714286 0.110417 0.75794 103.50441932678223
2 0.269906 0.680208 0.0737705 0.09375 0.829125 103.50441932678223
