2 0.326112 0.554167 0.059719 0.0708333 0.312339 116.43409729003906
2 0.543326 0.44375 0.0234192 0.0416667 0.317772 116.43409729003906
2 0.449063 0.467708 0.0269321 0.0395833 0.330436 116.43409729003906
2 0.391101 0.479167 0.0327869 0.0416667 0.446135 116.43409729003906
2 0.424473 0.5125 0.0456674 0.0916667 0.585735 116.43409729003906
5 0.209016 0.603125 0.104215 0.16875 0.597113 116.43409729003906
2 0.303279 0.533333 0.0374707 0.0583333 0.60259 116.43409729003906
2 0.683841 0.532292 0.0351288 0.0520833 0.653098 116.43409729003906
2 0.336066 0.583333 0.0421546 0.0666667 0.724122 116.43409729003906
2 0.391686 0.648958 0.0526932 0.0895833 0.756492 116.43409729003906
2 0.221311 0.776042 0.0843091 0.127083 0.802712 116.43409729003906
