2 0.570843 0.423958 0.0245902 0.03125 0.287233 130.68675994873047
2 0.411007 0.446875 0.028103 0.0395833 0.303269 130.68675994873047
2 0.454333 0.453125 0.0257611 0.0354167 0.357721 130.68675994873047
7 0.805035 0.658333 0.087822 0.1375 0.417777 130.68675994873047
7 0.354801 0.454167 0.0398126 0.0791667 0.41859 130.68675994873047
2 0.54918 0.447917 0.0210773 0.0333333 0.484183 130.68675994873047
2 0.296838 0.548958 0.0409836 0.0604167 0.545128 130.68675994873047
2 0.378806 0.5 0.029274 0.0416667 0.555979 130.68675994873047
2 0.41452 0.539583 0.0515222 0.0916667 0.593208 130.68675994873047
2 0.614169 0.630208 0.0503513 0.0854167 0.754226 130.68675994873047
2 0.222482 0.754167 0.0796253 0.108333 0.816778 130.68675994873047
