2 0.464871 0.411458 0.0234192 0.0270833 0.307163 104.76183891296387
2 0.403396 0.464583 0.0245902 0.0375 0.315053 104.76183891296387
2 0.612998 0.507292 0.0409836 0.06875 0.448743 104.76183891296387
2 0.680913 0.534375 0.0362998 0.05625 0.630953 104.76183891296387
2 0.847775 0.711458 0.105386 0.16875 0.655262 104.76183891296387
2 0.305621 0.51875 0.0398126 0.0625 0.68872 104.76183891296387
2 0.361827 0.539583 0.0351288 0.0541667 0.715025 104.76183891296387
2 0.428571 0.529167 0.0327869 0.0541667 0.738154 104.76183891296387
2 0.381148 0.670833 0.0550351 0.0916667 0.750394 104.76183891296387
2 0.203747 0.845833 0.107728 0.145833 0.80307 104.76183891296387
2 0.843677 0.895833 0.129977 0.204167 0.803788 104.76183891296387
