2 0.5363 0.415625 0.028103 0.03125 0.256943 107.56540298461914
2 0.572014 0.430208 0.0339578 0.0479167 0.277124 107.56540298461914
2 0.4637 0.417708 0.0257611 0.03125 0.291385 107.56540298461914
2 0.592506 0.466667 0.0257611 0.0333333 0.311293 107.56540298461914
2 0.387002 0.485417 0.0316159 0.0416667 0.337202 107.56540298461914
7 0.602459 0.407292 0.0433255 0.09375 0.371978 107.56540298461914
2 0.351288 0.548958 0.0351288 0.0520833 0.608741 107.56540298461914
2 0.280445 0.553125 0.0386417 0.0604167 0.637419 107.56540298461914
2 0.0491803 0.873958 0.0983607 0.164583 0.657156 107.56540298461914
2 0.421546 0.54375 0.0327869 0.0583333 0.668654 107.56540298461914
2 0.620023 0.520833 0.0386417 0.0625 0.708533 107.56540298461914
2 0.262295 0.689583 0.0772834 0.108333 0.727209 107.56540298461914
2 0.557377 0.502083 0.0374707 0.05 0.76756 107.56540298461914
2 0.358314 0.770833 0.0796253 0.125 0.777741 107.56540298461914
