2 0.646955 0.504167 0.0550351 0.0583333 0.275035 108.7942123413086
2 0.357143 0.748958 0.0772834 0.135417 0.51575 108.7942123413086
2 0.388759 0.494792 0.0351288 0.0479167 0.536573 108.7942123413086
2 0.660422 0.489583 0.0351288 0.0625 0.541639 108.7942123413086
2 0.966628 0.902083 0.0667447 0.145833 0.5633 108.7942123413086
2 0.45082 0.463542 0.030445 0.0520833 0.585758 108.7942123413086
2 0.553864 0.4875 0.030445 0.05 0.593369 108.7942123413086
2 0.31733 0.509375 0.0421546 0.05625 0.612882 108.7942123413086
2 0.625878 0.513542 0.0362998 0.0645833 0.628514 108.7942123413086
2 0.408665 0.596875 0.0444965 0.0729167 0.740844 108.7942123413086
2 0.778689 0.797917 0.103044 0.179167 0.779834 108.7942123413086
2 0.181499 0.847917 0.114754 0.15 0.835869 108.7942123413086
