2 0.454918 0.422917 0.0199063 0.0291667 0.26364 119.4615364074707
2 0.365925 0.45625 0.0222482 0.0416667 0.268997 119.4615364074707
2 0.401639 0.467708 0.030445 0.0395833 0.447472 119.4615364074707
7 0.694965 0.509375 0.0925059 0.135417 0.566298 119.4615364074707
7 0.0403981 0.784375 0.0807962 0.322917 0.571099 119.4615364074707
2 0.334895 0.815625 0.0936768 0.164583 0.644926 119.4615364074707
2 0.555035 0.485417 0.0327869 0.0458333 0.658029 119.4615364074707
2 0.427986 0.534375 0.0339578 0.0520833 0.693214 119.4615364074707
2 0.259368 0.577083 0.0503513 0.075 0.701591 119.4615364074707
2 0.332553 0.566667 0.0444965 0.0625 0.752733 119.4615364074707
2 0.395785 0.620833 0.0421546 0.075 0.789719 119.4615364074707
2 0.182084 0.855208 0.113583 0.147917 0.816674 119.4615364074707
