2 0.411007 0.451042 0.028103 0.0395833 0.292375 106.28366470336914
2 0.456674 0.421875 0.028103 0.0395833 0.305883 106.28366470336914
2 0.267564 0.566667 0.0456674 0.0583333 0.574415 106.28366470336914
2 0.684426 0.536458 0.0409836 0.0645833 0.634104 106.28366470336914
2 0.294496 0.625 0.0644028 0.0916667 0.651363 106.28366470336914
2 0.435012 0.510417 0.0362998 0.0583333 0.663218 106.28366470336914
2 0.362412 0.525 0.0362998 0.05 0.672165 106.28366470336914
2 0.397541 0.598958 0.0480094 0.0770833 0.726421 106.28366470336914
2 0.590749 0.597917 0.0433255 0.0791667 0.728073 106.28366470336914
2 0.125293 0.938542 0.138173 0.122917 0.805771 106.28366470336914
2 0.894614 0.779167 0.105386 0.15 0.819043 106.28366470336914
