2 0.362998 0.48125 0.0421546 0.0541667 0.273382 110.48126220703125
2 0.448478 0.444792 0.028103 0.0354167 0.369793 110.48126220703125
2 0.40808 0.453125 0.0316159 0.0395833 0.404846 110.48126220703125
2 0.354801 0.473958 0.0257611 0.0395833 0.469692 110.48126220703125
2 0.908665 0.802083 0.112412 0.158333 0.506935 110.48126220703125
2 0.300351 0.530208 0.0362998 0.0479167 0.517191 110.48126220703125
2 0.375293 0.5125 0.029274 0.0416667 0.568879 110.48126220703125
2 0.336066 0.839583 0.0983607 0.15 0.686421 110.48126220703125
2 0.624707 0.511458 0.0339578 0.0520833 0.73703 110.48126220703125
2 0.41452 0.553125 0.0421546 0.0604167 0.750266 110.48126220703125
2 0.116511 0.741667 0.0995316 0.116667 0.771191 110.48126220703125
2 0.146956 0.908333 0.13466 0.1625 0.853026 110.48126220703125
