2 0.409836 0.446875 0.0327869 0.04375 0.351054 136.28315925598145
2 0.444379 0.466667 0.0316159 0.05 0.400334 136.28315925598145
7 0.322014 0.475 0.0515222 0.116667 0.445333 136.28315925598145
2 0.379391 0.498958 0.030445 0.0479167 0.535333 136.28315925598145
2 0.553864 0.476042 0.028103 0.04375 0.59539 136.28315925598145
2 0.665691 0.5 0.0409836 0.0583333 0.665023 136.28315925598145
5 0.117681 0.707292 0.230679 0.439583 0.705259 136.28315925598145
2 0.432084 0.527083 0.0374707 0.0541667 0.719595 136.28315925598145
2 0.265808 0.719792 0.0725995 0.102083 0.746962 136.28315925598145
2 0.325527 0.59375 0.0491803 0.0791667 0.755575 136.28315925598145
2 0.74356 0.728125 0.0866511 0.127083 0.775494 136.28315925598145
2 0.75644 0.617708 0.0608899 0.102083 0.779642 136.28315925598145
2 0.377635 0.690625 0.0644028 0.10625 0.818138 136.28315925598145
