2 0.364754 0.465625 0.0245902 0.0395833 0.288548 106.86016082763672
2 0.454918 0.429167 0.0222482 0.025 0.370289 106.86016082763672
2 0.697892 0.5875 0.0655738 0.0875 0.429776 106.86016082763672
2 0.272248 0.55625 0.0526932 0.075 0.450035 106.86016082763672
2 0.632904 0.473958 0.0316159 0.0354167 0.470346 106.86016082763672
2 0.390515 0.485417 0.0316159 0.0416667 0.477856 106.86016082763672
2 0.33548 0.83125 0.087822 0.145833 0.609236 106.86016082763672
2 0.7137 0.555208 0.0526932 0.08125 0.690241 106.86016082763672
2 0.658665 0.809375 0.0831382 0.172917 0.727584 106.86016082763672
2 0.671546 0.608333 0.0503513 0.0708333 0.76104 106.86016082763672
2 0.413349 0.575 0.0398126 0.0666667 0.798553 106.86016082763672
2 0.336066 0.584375 0.0421546 0.06875 0.801853 106.86016082763672
