7 0.614169 0.416667 0.0409836 0.0833333 0.299957 107.42807388305664
2 0.409251 0.45625 0.029274 0.0375 0.324852 107.42807388305664
2 0.320843 0.503125 0.028103 0.04375 0.354578 107.42807388305664
2 0.592506 0.466667 0.0257611 0.0375 0.38542 107.42807388305664
2 0.454918 0.452083 0.0269321 0.0375 0.46735 107.42807388305664
5 0.381733 0.415625 0.0421546 0.08125 0.471798 107.42807388305664
2 0.552108 0.466667 0.0269321 0.0458333 0.652762 107.42807388305664
2 0.34719 0.55 0.0362998 0.0541667 0.662616 107.42807388305664
2 0.282201 0.928125 0.135831 0.139583 0.726339 107.42807388305664
2 0.617682 0.663542 0.059719 0.11875 0.729606 107.42807388305664
2 0.633489 0.553125 0.0444965 0.0645833 0.744807 107.42807388305664
2 0.198478 0.640625 0.0620609 0.0770833 0.76795 107.42807388305664
2 0.405152 0.579167 0.0421546 0.0666667 0.796659 107.42807388305664
2 0.228337 0.766667 0.0843091 0.120833 0.823657 107.42807388305664
