2 0.393443 0.479167 0.0234192 0.0375 0.264198 167.3295497894287
2 0.34192 0.483333 0.030445 0.0416667 0.295569 167.3295497894287
2 0.566159 0.417708 0.0245902 0.03125 0.443445 167.3295497894287
2 0.443208 0.471875 0.0269321 0.0395833 0.506065 167.3295497894287
2 0.642857 0.564583 0.0468384 0.0708333 0.614219 167.3295497894287
2 0.348946 0.548958 0.0398126 0.0645833 0.662591 167.3295497894287
5 0.67623 0.478125 0.0925059 0.172917 0.69202 167.3295497894287
2 0.233607 0.619792 0.0690866 0.0770833 0.727784 167.3295497894287
2 0.563232 0.511458 0.0327869 0.05625 0.748569 167.3295497894287
2 0.415105 0.577083 0.0409836 0.0666667 0.778714 167.3295497894287
2 0.187939 0.85625 0.129977 0.183333 0.789535 167.3295497894287
2 0.75644 0.719792 0.0913349 0.135417 0.81316 167.3295497894287
