2 0.466042 0.411458 0.0210773 0.03125 0.289909 106.91976547241211
2 0.447892 0.457292 0.029274 0.0354167 0.405833 106.91976547241211
2 0.58548 0.471875 0.0327869 0.04375 0.463868 106.91976547241211
5 0.334895 0.457292 0.0819672 0.135417 0.592144 106.91976547241211
2 0.639344 0.56875 0.0468384 0.0666667 0.652494 106.91976547241211
2 0.266979 0.969792 0.11007 0.0604167 0.663587 106.91976547241211
2 0.42623 0.539583 0.0398126 0.0666667 0.677686 106.91976547241211
2 0.367682 0.51875 0.0374707 0.05 0.703569 106.91976547241211
2 0.17623 0.676042 0.0737705 0.09375 0.737626 106.91976547241211
2 0.797424 0.671875 0.0725995 0.09375 0.757659 106.91976547241211
2 0.16452 0.855208 0.113583 0.152083 0.830208 106.91976547241211
