2 0.404567 0.4625 0.0245902 0.0375 0.259772 125.05960464477539
2 0.455504 0.415625 0.0257611 0.0270833 0.262157 125.05960464477539
2 0.381148 0.445833 0.0269321 0.0375 0.26648 125.05960464477539
2 0.342506 0.482292 0.029274 0.04375 0.442003 125.05960464477539
2 0.029274 0.842708 0.058548 0.26875 0.529117 125.05960464477539
2 0.620023 0.464583 0.0316159 0.0375 0.537967 125.05960464477539
2 0.433841 0.491667 0.0316159 0.05 0.568305 125.05960464477539
2 0.308548 0.942708 0.113583 0.114583 0.613705 125.05960464477539
2 0.245316 0.586458 0.0503513 0.0729167 0.617768 125.05960464477539
2 0.870023 0.90625 0.145199 0.1875 0.74098 125.05960464477539
2 0.396955 0.629167 0.0491803 0.0791667 0.75505 125.05960464477539
2 0.118267 0.9375 0.147541 0.125 0.779465 125.05960464477539
2 0.298009 0.647917 0.0620609 0.0833333 0.81388 125.05960464477539
