2 0.420375 0.435417 0.0234192 0.0375 0.26132 131.24632835388184
2 0.355972 0.465625 0.0327869 0.0479167 0.317421 131.24632835388184
2 0.395785 0.479167 0.0421546 0.0416667 0.330644 131.24632835388184
2 0.54918 0.451042 0.0257611 0.0395833 0.410877 131.24632835388184
2 0.448478 0.451042 0.030445 0.0395833 0.430214 131.24632835388184
2 0.187354 0.673958 0.0866511 0.10625 0.587276 131.24632835388184
5 0.846019 0.822917 0.193208 0.341667 0.627961 131.24632835388184
2 0.358899 0.726042 0.0714286 0.114583 0.664977 131.24632835388184
2 0.203162 0.777083 0.113583 0.15 0.695886 131.24632835388184
2 0.324356 0.590625 0.0421546 0.0645833 0.707305 131.24632835388184
2 0.416862 0.566667 0.0398126 0.0666667 0.734865 131.24632835388184
2 0.678571 0.523958 0.0362998 0.0479167 0.749733 131.24632835388184
2 0.576698 0.5625 0.0409836 0.0625 0.789764 131.24632835388184
