2 0.57377 0.426042 0.0234192 0.0354167 0.325739 119.57383155822754
2 0.409836 0.446875 0.0327869 0.0395833 0.350184 119.57383155822754
2 0.538642 0.43125 0.0257611 0.0375 0.378663 119.57383155822754
5 0.694965 0.859375 0.106557 0.239583 0.477682 119.57383155822754
2 0.447892 0.45625 0.0316159 0.05 0.498565 119.57383155822754
2 0.337237 0.579167 0.0374707 0.0625 0.747558 119.57383155822754
2 0.781616 0.660417 0.0690866 0.0916667 0.748012 119.57383155822754
2 0.583138 0.544792 0.0398126 0.0645833 0.766036 119.57383155822754
2 0.412178 0.595833 0.0421546 0.0708333 0.773722 119.57383155822754
2 0.144614 0.7125 0.101874 0.116667 0.788707 119.57383155822754
