2 0.576698 0.435417 0.0222482 0.0291667 0.25498 100.43931007385254
2 0.34192 0.4875 0.028103 0.0416667 0.377197 100.43931007385254
2 0.429742 0.417708 0.0257611 0.0395833 0.410541 100.43931007385254
2 0.653981 0.492708 0.029274 0.0479167 0.490556 100.43931007385254
2 0.439696 0.494792 0.0316159 0.0479167 0.597988 100.43931007385254
2 0.735949 0.955208 0.122951 0.0895833 0.613435 100.43931007385254
2 0.0989461 0.94375 0.153396 0.108333 0.641697 100.43931007385254
2 0.357728 0.55 0.0386417 0.0541667 0.712846 100.43931007385254
2 0.226581 0.614583 0.059719 0.0708333 0.727123 100.43931007385254
2 0.611241 0.513542 0.0351288 0.0520833 0.742031 100.43931007385254
2 0.400468 0.6625 0.058548 0.0875 0.753307 100.43931007385254
