2 0.360656 0.469792 0.028103 0.0395833 0.350923 113.95692825317383
2 0.409251 0.447917 0.0316159 0.0416667 0.363769 113.95692825317383
2 0.308548 0.521875 0.0339578 0.0479167 0.464436 113.95692825317383
2 0.448478 0.440625 0.028103 0.0354167 0.469478 113.95692825317383
2 0.381733 0.498958 0.028103 0.0395833 0.521019 113.95692825317383
2 0.638173 0.534375 0.0374707 0.05625 0.693313 113.95692825317383
2 0.418033 0.539583 0.0398126 0.0583333 0.735821 113.95692825317383
2 0.350117 0.790625 0.0843091 0.139583 0.774047 113.95692825317383
2 0.146956 0.70625 0.0854801 0.104167 0.812429 113.95692825317383
2 0.18267 0.844792 0.112412 0.139583 0.869172 113.95692825317383
