5 0.401639 0.397917 0.028103 0.0583333 0.2833 109.4214916229248
7 0.594848 0.4 0.0374707 0.0666667 0.285295 109.4214916229248
2 0.631148 0.472917 0.028103 0.0375 0.321433 109.4214916229248
2 0.456674 0.434375 0.030445 0.0354167 0.355374 109.4214916229248
2 0.552693 0.461458 0.028103 0.04375 0.361809 109.4214916229248
2 0.385246 0.497917 0.030445 0.0416667 0.466134 109.4214916229248
2 0.42096 0.541667 0.0362998 0.0666667 0.678399 109.4214916229248
2 0.221311 0.614583 0.0538642 0.0791667 0.696378 109.4214916229248
2 0.567916 0.527083 0.0327869 0.0541667 0.710371 109.4214916229248
2 0.707845 0.559375 0.0433255 0.0604167 0.72684 109.4214916229248
2 0.633489 0.541667 0.0374707 0.0666667 0.747411 109.4214916229248
2 0.361827 0.746875 0.0796253 0.11875 0.799163 109.4214916229248
