7 0.755269 0.602083 0.0702576 0.1125 0.393225 113.28840255737305
2 0.395785 0.475 0.0257611 0.0375 0.439485 113.28840255737305
2 0.443208 0.4875 0.029274 0.0458333 0.506778 113.28840255737305
2 0.630562 0.459375 0.0316159 0.04375 0.541594 113.28840255737305
2 0.294496 0.953125 0.118267 0.09375 0.598161 113.28840255737305
2 0.355386 0.540625 0.0386417 0.06875 0.657459 113.28840255737305
5 0.172717 0.601042 0.21897 0.33125 0.757316 113.28840255737305
2 0.588408 0.595833 0.0433255 0.075 0.777925 113.28840255737305
2 0.317916 0.61875 0.0456674 0.0791667 0.789223 113.28840255737305
2 0.406323 0.590625 0.0444965 0.0770833 0.792334 113.28840255737305
2 0.233607 0.76875 0.0971897 0.125 0.853157 113.28840255737305
