2 0.449063 0.45625 0.0269321 0.0333333 0.402836 131.23559951782227
2 0.014637 0.921875 0.029274 0.10625 0.473919 131.23559951782227
2 0.276347 0.946875 0.114754 0.10625 0.479834 131.23559951782227
2 0.578454 0.44375 0.028103 0.0375 0.549923 131.23559951782227
5 0.737119 0.5375 0.139344 0.254167 0.655864 131.23559951782227
2 0.368852 0.513542 0.0351288 0.05625 0.691243 131.23559951782227
2 0.426815 0.536458 0.0339578 0.0604167 0.709493 131.23559951782227
2 0.264637 0.710417 0.088993 0.120833 0.741003 131.23559951782227
2 0.273419 0.569792 0.0550351 0.0604167 0.742832 131.23559951782227
2 0.727166 0.7125 0.0819672 0.1375 0.78476 131.23559951782227
2 0.594848 0.60625 0.0468384 0.0791667 0.812589 131.23559951782227
