2 0.404567 0.457292 0.0199063 0.03125 0.265696 122.55525588989258
2 0.429157 0.421875 0.0269321 0.0395833 0.27372 122.55525588989258
2 0.320258 0.507292 0.0362998 0.0395833 0.276559 122.55525588989258
2 0.598361 0.483333 0.0327869 0.0458333 0.361955 122.55525588989258
2 0.167447 0.695833 0.0983607 0.1125 0.518847 122.55525588989258
2 0.548009 0.453125 0.0257611 0.0395833 0.531105 122.55525588989258
2 0.37822 0.505208 0.030445 0.04375 0.543033 122.55525588989258
2 0.435597 0.5 0.030445 0.0458333 0.583778 122.55525588989258
5 0.635246 0.436458 0.0644028 0.135417 0.592976 122.55525588989258
2 0.644614 0.55 0.0386417 0.0666667 0.604987 122.55525588989258
2 0.320843 0.59375 0.0491803 0.0791667 0.671281 122.55525588989258
2 0.395199 0.639583 0.0480094 0.0833333 0.772677 122.55525588989258
2 0.733021 0.710417 0.0843091 0.141667 0.791104 122.55525588989258
2 0.608314 0.689583 0.0644028 0.104167 0.806448 122.55525588989258
