2 0.467213 0.416667 0.0210773 0.0291667 0.326297 111.37628555297852
5 0.667447 0.794792 0.0843091 0.18125 0.39801 111.37628555297852
2 0.409251 0.452083 0.029274 0.0375 0.460175 111.37628555297852
2 0.621194 0.44375 0.0339578 0.0541667 0.540755 111.37628555297852
2 0.449649 0.465625 0.030445 0.0354167 0.617161 111.37628555297852
7 0.700234 0.510417 0.107728 0.1875 0.665073 111.37628555297852
2 0.288056 0.659375 0.0632318 0.0854167 0.683855 111.37628555297852
2 0.257611 0.588542 0.0515222 0.06875 0.697572 111.37628555297852
2 0.421546 0.528125 0.0351288 0.05625 0.720309 111.37628555297852
2 0.631148 0.555208 0.0491803 0.06875 0.765242 111.37628555297852
