7 0.0298595 0.964583 0.057377 0.0708333 0.254719 118.88551712036133
2 0.549766 0.375 0.0199063 0.025 0.302637 118.88551712036133
2 0.620609 0.454167 0.0257611 0.0333333 0.338909 118.88551712036133
7 0.401639 0.434375 0.058548 0.11875 0.3452 118.88551712036133
2 0.356557 0.46875 0.0316159 0.0416667 0.377927 118.88551712036133
2 0.571429 0.448958 0.028103 0.0354167 0.433637 118.88551712036133
2 0.437939 0.488542 0.0327869 0.04375 0.479407 118.88551712036133
2 0.306206 0.534375 0.0409836 0.05625 0.60562 118.88551712036133
2 0.420375 0.56875 0.0398126 0.0583333 0.733495 118.88551712036133
2 0.27459 0.676042 0.0714286 0.0895833 0.737941 118.88551712036133
2 0.370609 0.7375 0.0644028 0.1125 0.747237 118.88551712036133
2 0.72541 0.585417 0.0503513 0.075 0.752798 118.88551712036133
2 0.15281 0.705208 0.0971897 0.102083 0.802793 118.88551712036133
