2 0.464871 0.415625 0.0210773 0.0270833 0.32554 116.45126342773438
2 0.609485 0.421875 0.0409836 0.0645833 0.426264 116.45126342773438
2 0.442037 0.458333 0.029274 0.0416667 0.426621 116.45126342773438
2 0.317916 0.5125 0.0339578 0.0541667 0.526044 116.45126342773438
2 0.373536 0.522917 0.0374707 0.0458333 0.545758 116.45126342773438
2 0.235363 0.734375 0.088993 0.102083 0.707607 116.45126342773438
2 0.281616 0.94375 0.132318 0.1125 0.711926 116.45126342773438
2 0.0866511 0.786458 0.12178 0.152083 0.743949 116.45126342773438
2 0.372951 0.717708 0.0620609 0.102083 0.781534 116.45126342773438
2 0.764051 0.747917 0.0901639 0.141667 0.79404 116.45126342773438
