2 0.422717 0.428125 0.028103 0.0479167 0.295301 130.95402717590332
2 0.376464 0.45 0.029274 0.0416667 0.383114 130.95402717590332
2 0.614169 0.520833 0.0339578 0.05 0.592549 130.95402717590332
2 0.559133 0.49375 0.0362998 0.05 0.648921 130.95402717590332
2 0.353045 0.544792 0.0386417 0.05625 0.672356 130.95402717590332
2 0.428571 0.528125 0.0374707 0.0604167 0.68017 130.95402717590332
2 0.694965 0.544792 0.0433255 0.0645833 0.719401 130.95402717590332
2 0.374707 0.689583 0.0655738 0.116667 0.738514 130.95402717590332
2 0.299766 0.639583 0.0562061 0.0791667 0.785498 130.95402717590332
2 0.177986 0.684375 0.0819672 0.0979167 0.791867 130.95402717590332
2 0.820843 0.696875 0.0796253 0.110417 0.808533 130.95402717590332
