2 0.453747 0.442708 0.0222482 0.0354167 0.264089 116.38665199279785
2 0.391101 0.46875 0.0257611 0.0375 0.343548 116.38665199279785
2 0.540398 0.40625 0.029274 0.0416667 0.40695 116.38665199279785
2 0.262295 0.580208 0.0421546 0.0645833 0.489643 116.38665199279785
2 0.584309 0.440625 0.030445 0.05625 0.506193 116.38665199279785
2 0.960773 0.902083 0.0784543 0.175 0.5402 116.38665199279785
2 0.437939 0.5 0.0327869 0.0541667 0.648249 116.38665199279785
2 0.559719 0.498958 0.030445 0.04375 0.682773 116.38665199279785
2 0.0310304 0.895833 0.0620609 0.133333 0.695675 116.38665199279785
2 0.711358 0.685417 0.0644028 0.0958333 0.738592 116.38665199279785
2 0.290398 0.64375 0.0515222 0.0833333 0.74772 116.38665199279785
2 0.368852 0.5125 0.0398126 0.05 0.750544 116.38665199279785
2 0.285129 0.944792 0.122951 0.110417 0.755475 116.38665199279785
2 0.744731 0.605208 0.0538642 0.0729167 0.760205 116.38665199279785
2 0.121194 0.925 0.13466 0.145833 0.789954 116.38665199279785
