2 0.456089 0.44375 0.0199063 0.0333333 0.258928 93.40953826904297
2 0.60363 0.426042 0.0245902 0.0354167 0.282567 93.40953826904297
2 0.33548 0.497917 0.029274 0.0458333 0.337214 93.40953826904297
2 0.406323 0.454167 0.0257611 0.0291667 0.359794 93.40953826904297
2 0.59719 0.475 0.0327869 0.0416667 0.404029 93.40953826904297
2 0.659836 0.50625 0.0339578 0.05 0.470042 93.40953826904297
7 0.270492 0.534375 0.0702576 0.11875 0.494688 93.40953826904297
2 0.436768 0.471875 0.0374707 0.06875 0.560275 93.40953826904297
2 0.36534 0.528125 0.0351288 0.05625 0.637972 93.40953826904297
2 0.269321 0.894792 0.159251 0.202083 0.666052 93.40953826904297
2 0.416276 0.565625 0.0362998 0.0645833 0.719544 93.40953826904297
2 0.571429 0.525 0.0398126 0.0791667 0.731326 93.40953826904297
2 0.801522 0.680208 0.0737705 0.0979167 0.746062 93.40953826904297
2 0.290398 0.65 0.0562061 0.0875 0.765832 93.40953826904297
2 0.059719 0.845833 0.119438 0.1375 0.882056 93.40953826904297
