2 0.367096 0.458333 0.0245902 0.0375 0.308438 96.64154052734375
2 0.453747 0.428125 0.0222482 0.0395833 0.382136 96.64154052734375
7 0.617682 0.433333 0.0433255 0.0791667 0.41335 96.64154052734375
2 0.401639 0.463542 0.0257611 0.04375 0.439902 96.64154052734375
2 0.699063 0.909375 0.114754 0.172917 0.5856 96.64154052734375
2 0.42096 0.51875 0.0339578 0.05 0.632419 96.64154052734375
2 0.228923 0.623958 0.057377 0.0770833 0.635644 96.64154052734375
2 0.340749 0.8125 0.105386 0.2 0.669073 96.64154052734375
2 0.800351 0.673958 0.0667447 0.0895833 0.767711 96.64154052734375
2 0.391686 0.604167 0.0480094 0.0708333 0.770538 96.64154052734375
2 0.252342 0.720833 0.0807962 0.1125 0.774338 96.64154052734375
