2 0.35363 0.469792 0.028103 0.0354167 0.26501 120.03445625305176
2 0.5726 0.440625 0.0257611 0.03125 0.267029 120.03445625305176
2 0.402225 0.466667 0.0269321 0.0416667 0.343071 120.03445625305176
2 0.447892 0.459375 0.029274 0.0395833 0.458076 120.03445625305176
2 0.361241 0.522917 0.0386417 0.0583333 0.556094 120.03445625305176
2 0.924473 0.938542 0.129977 0.11875 0.612858 120.03445625305176
2 0.26171 0.586458 0.0550351 0.0729167 0.677377 120.03445625305176
2 0.422717 0.548958 0.0351288 0.05625 0.716818 120.03445625305176
2 0.248244 0.74375 0.0960187 0.133333 0.763123 120.03445625305176
2 0.69555 0.658333 0.0655738 0.108333 0.774818 120.03445625305176
2 0.582553 0.569792 0.0433255 0.0729167 0.797276 120.03445625305176
5 0.7137 0.517708 0.120609 0.23125 0.80827 120.03445625305176
