2 0.41452 0.445833 0.0210773 0.0416667 0.282809 123.66271018981934
2 0.448478 0.452083 0.028103 0.0375 0.393855 123.66271018981934
2 0.644614 0.490625 0.0316159 0.0395833 0.446674 123.66271018981934
5 0.338407 0.454167 0.0796253 0.133333 0.609332 123.66271018981934
2 0.593677 0.484375 0.0351288 0.0479167 0.621657 123.66271018981934
2 0.373536 0.514583 0.0374707 0.05 0.636295 123.66271018981934
2 0.660422 0.611458 0.0538642 0.0854167 0.746335 123.66271018981934
2 0.429742 0.53125 0.0351288 0.0541667 0.762298 123.66271018981934
2 0.197892 0.65 0.0702576 0.0833333 0.764316 123.66271018981934
2 0.194965 0.798958 0.0995316 0.135417 0.790405 123.66271018981934
2 0.853045 0.74375 0.087822 0.133333 0.830626 123.66271018981934
2 0.278689 0.939583 0.131148 0.120833 0.835192 123.66271018981934
