7 0.351874 0.441667 0.0409836 0.0833333 0.310509 145.33448219299316
2 0.398712 0.471875 0.029274 0.0395833 0.378014 145.33448219299316
2 0.443794 0.479167 0.030445 0.0416667 0.438097 145.33448219299316
2 0.637588 0.46875 0.0316159 0.0458333 0.476144 145.33448219299316
2 0.358899 0.5375 0.0362998 0.0708333 0.539309 145.33448219299316
2 0.785714 0.634375 0.0843091 0.127083 0.543628 145.33448219299316
7 0.192623 0.580208 0.197892 0.297917 0.660741 145.33448219299316
2 0.600117 0.64375 0.0480094 0.0875 0.679783 145.33448219299316
2 0.308548 0.927083 0.106557 0.145833 0.721002 145.33448219299316
2 0.325527 0.60625 0.0444965 0.0708333 0.756272 145.33448219299316
2 0.410422 0.580208 0.0456674 0.06875 0.768037 145.33448219299316
2 0.251756 0.735417 0.0960187 0.116667 0.821762 145.33448219299316
