2 0.451991 0.454167 0.0210773 0.0333333 0.429101 107.39755630493164
2 0.028103 0.905208 0.0562061 0.11875 0.582529 107.39755630493164
2 0.579625 0.45 0.028103 0.0416667 0.619717 107.39755630493164
2 0.371194 0.509375 0.0351288 0.0520833 0.642699 107.39755630493164
2 0.283958 0.930208 0.125293 0.139583 0.706839 107.39755630493164
2 0.278103 0.565625 0.0480094 0.0604167 0.728274 107.39755630493164
2 0.429157 0.53125 0.0339578 0.0583333 0.734127 107.39755630493164
5 0.757026 0.555208 0.155738 0.277083 0.76187 107.39755630493164
2 0.278103 0.689583 0.0737705 0.1125 0.77913 107.39755630493164
2 0.606557 0.639583 0.0515222 0.0916667 0.793017 107.39755630493164
2 0.76171 0.770833 0.0948478 0.170833 0.819964 107.39755630493164
