2 0.399883 0.469792 0.0339578 0.04375 0.434047 99.66063499450684
2 0.286885 0.541667 0.0351288 0.0541667 0.461015 99.66063499450684
2 0.590749 0.469792 0.0245902 0.0354167 0.469059 99.66063499450684
2 0.447892 0.473958 0.0316159 0.04375 0.573106 99.66063499450684
5 0.37178 0.426042 0.0644028 0.110417 0.612052 99.66063499450684
2 0.0778688 0.954167 0.144028 0.0916667 0.650576 99.66063499450684
2 0.311475 0.60625 0.0468384 0.0666667 0.673171 99.66063499450684
2 0.564988 0.503125 0.0316159 0.0604167 0.705014 99.66063499450684
2 0.377635 0.664583 0.057377 0.0916667 0.743548 99.66063499450684
2 0.107728 0.753125 0.0960187 0.11875 0.78612 99.66063499450684
2 0.785714 0.665625 0.0655738 0.09375 0.790091 99.66063499450684
2 0.713115 0.708333 0.0819672 0.1375 0.800906 99.66063499450684
