2 0.580211 0.445833 0.0245902 0.0291667 0.270633 160.28881072998047
2 0.45726 0.441667 0.0245902 0.0333333 0.330025 160.28881072998047
7 0.624707 0.429167 0.0526932 0.1 0.488144 160.28881072998047
2 0.560304 0.484375 0.029274 0.0479167 0.541641 160.28881072998047
2 0.388759 0.485417 0.030445 0.0416667 0.580349 160.28881072998047
2 0.730094 0.922917 0.122951 0.154167 0.606142 160.28881072998047
2 0.436183 0.5125 0.0339578 0.05 0.692598 160.28881072998047
2 0.394028 0.621875 0.0456674 0.0729167 0.709782 160.28881072998047
2 0.139344 0.729167 0.0960187 0.104167 0.78207 160.28881072998047
2 0.15808 0.891667 0.128806 0.170833 0.816694 160.28881072998047
