2 0.539227 0.430208 0.0199063 0.0354167 0.372597 112.74194717407227
2 0.443794 0.478125 0.0257611 0.0395833 0.4748 112.74194717407227
2 0.388173 0.488542 0.0316159 0.04375 0.560714 112.74194717407227
2 0.419204 0.535417 0.0491803 0.0958333 0.561676 112.74194717407227
2 0.666276 0.5125 0.0351288 0.05 0.578127 112.74194717407227
2 0.29274 0.545833 0.0398126 0.0583333 0.601543 112.74194717407227
7 0.183255 0.633333 0.115925 0.1875 0.638756 112.74194717407227
2 0.38466 0.682292 0.0550351 0.09375 0.733431 112.74194717407227
2 0.326112 0.598958 0.0480094 0.0729167 0.73891 112.74194717407227
2 0.190867 0.829167 0.103044 0.145833 0.789991 112.74194717407227
2 0.943208 0.853125 0.113583 0.210417 0.844018 112.74194717407227
