2 0.464871 0.419792 0.0234192 0.0354167 0.264788 104.7811508178711
2 0.427986 0.420833 0.0245902 0.0333333 0.337301 104.7811508178711
2 0.443208 0.460417 0.0245902 0.0333333 0.344853 104.7811508178711
2 0.348946 0.51875 0.0515222 0.0583333 0.368075 104.7811508178711
2 0.593091 0.471875 0.0269321 0.0354167 0.417534 104.7811508178711
2 0.334309 0.501042 0.0339578 0.04375 0.447815 104.7811508178711
2 0.741218 0.571875 0.0679157 0.122917 0.490301 104.7811508178711
2 0.190281 0.651042 0.0784543 0.09375 0.58885 104.7811508178711
2 0.629391 0.459375 0.0269321 0.0479167 0.598198 104.7811508178711
2 0.557377 0.494792 0.030445 0.04375 0.61387 104.7811508178711
2 0.358314 0.538542 0.0327869 0.0520833 0.69109 104.7811508178711
2 0.266393 0.707292 0.0714286 0.102083 0.712458 104.7811508178711
2 0.377049 0.70625 0.0632318 0.116667 0.781819 104.7811508178711
