2 0.401054 0.460417 0.0269321 0.0458333 0.35829 154.71553802490234
2 0.600117 0.472917 0.0316159 0.0416667 0.36625 154.71553802490234
2 0.0532787 0.879167 0.106557 0.220833 0.527167 154.71553802490234
2 0.281616 0.553125 0.0362998 0.0604167 0.593082 154.71553802490234
2 0.333138 0.578125 0.0480094 0.06875 0.631068 154.71553802490234
2 0.617682 0.652083 0.0620609 0.125 0.642096 154.71553802490234
2 0.340749 0.669792 0.0562061 0.0854167 0.759949 154.71553802490234
2 0.788642 0.66875 0.0667447 0.0875 0.760194 154.71553802490234
2 0.429742 0.513542 0.0374707 0.06875 0.764641 154.71553802490234
2 0.149883 0.907292 0.126464 0.16875 0.867011 154.71553802490234
