2 0.458431 0.43125 0.0222482 0.0333333 0.256577 126.01804733276367
5 0.922717 0.748958 0.152225 0.447917 0.357022 126.01804733276367
2 0.394028 0.471875 0.0269321 0.0395833 0.431581 126.01804733276367
2 0.3226 0.509375 0.0316159 0.04375 0.489633 126.01804733276367
2 0.441452 0.484375 0.0327869 0.0479167 0.521851 126.01804733276367
2 0.548009 0.461458 0.0257611 0.0395833 0.538544 126.01804733276367
2 0.342506 0.578125 0.0503513 0.0729167 0.699939 126.01804733276367
2 0.626464 0.53125 0.0351288 0.0583333 0.701154 126.01804733276367
2 0.0907494 0.948958 0.144028 0.102083 0.723896 126.01804733276367
2 0.149297 0.71875 0.0948478 0.108333 0.774884 126.01804733276367
2 0.370023 0.695833 0.058548 0.0958333 0.779292 126.01804733276367
