5 0.316745 0.460417 0.0526932 0.0958333 0.271435 110.86130142211914
2 0.286885 0.577083 0.119438 0.0875 0.272658 110.86130142211914
2 0.319087 0.572917 0.0948478 0.116667 0.345888 110.86130142211914
2 0.451991 0.442708 0.028103 0.0395833 0.39429 110.86130142211914
5 0.814403 0.840625 0.139344 0.252083 0.473994 110.86130142211914
2 0.440281 0.4875 0.030445 0.0416667 0.580087 110.86130142211914
2 0.580211 0.547917 0.0409836 0.0833333 0.637434 110.86130142211914
2 0.70082 0.548958 0.0456674 0.0604167 0.684099 110.86130142211914
2 0.303279 0.91875 0.114754 0.158333 0.756105 110.86130142211914
2 0.253513 0.58125 0.0503513 0.0625 0.777089 110.86130142211914
2 0.406323 0.588542 0.0398126 0.0604167 0.790727 110.86130142211914
