2 0.416276 0.445833 0.0199063 0.0458333 0.265309 99.78771209716797
2 0.451405 0.448958 0.0245902 0.0395833 0.408063 99.78771209716797
2 0.652225 0.497917 0.0327869 0.0458333 0.55327 99.78771209716797
2 0.598361 0.492708 0.0374707 0.0479167 0.559188 99.78771209716797
5 0.344848 0.446875 0.0807962 0.139583 0.590285 99.78771209716797
2 0.897541 0.797917 0.108899 0.154167 0.660579 99.78771209716797
2 0.376464 0.510417 0.0362998 0.05 0.679186 99.78771209716797
2 0.290984 0.91875 0.118267 0.154167 0.707394 99.78771209716797
2 0.209016 0.634375 0.0620609 0.0770833 0.725399 99.78771209716797
2 0.673888 0.636458 0.0620609 0.0895833 0.738747 99.78771209716797
2 0.431499 0.526042 0.0339578 0.0520833 0.754777 99.78771209716797
2 0.212529 0.770833 0.0901639 0.116667 0.815635 99.78771209716797
