2 0.459602 0.413542 0.0222482 0.03125 0.259916 109.51113700866699
5 0.399883 0.397917 0.0362998 0.0583333 0.389779 109.51113700866699
2 0.334895 0.501042 0.030445 0.04375 0.397976 109.51113700866699
2 0.0948478 0.854167 0.154567 0.204167 0.409046 109.51113700866699
2 0.442037 0.461458 0.029274 0.04375 0.444249 109.51113700866699
2 0.265808 0.578125 0.0491803 0.08125 0.568218 109.51113700866699
2 0.385246 0.503125 0.0327869 0.04375 0.568268 109.51113700866699
2 0.315574 0.610417 0.0550351 0.075 0.676071 109.51113700866699
2 0.589578 0.569792 0.0409836 0.0645833 0.740667 109.51113700866699
2 0.32377 0.819792 0.0831382 0.114583 0.777631 109.51113700866699
2 0.744145 0.594792 0.0503513 0.0729167 0.780747 109.51113700866699
2 0.0778688 0.801042 0.120609 0.139583 0.812092 109.51113700866699
2 0.147541 0.889583 0.12178 0.158333 0.830271 109.51113700866699
