2 0.312061 0.509375 0.0362998 0.0479167 0.296346 115.48948287963867
2 0.403396 0.464583 0.0222482 0.0375 0.367839 115.48948287963867
2 0.348361 0.475 0.0316159 0.0416667 0.391613 115.48948287963867
2 0.0714286 0.8 0.119438 0.129167 0.573704 115.48948287963867
2 0.447307 0.463542 0.030445 0.04375 0.575516 115.48948287963867
2 0.647541 0.547917 0.0538642 0.1 0.687091 115.48948287963867
2 0.281616 0.961458 0.111241 0.0770833 0.710565 115.48948287963867
2 0.419789 0.535417 0.0362998 0.0583333 0.73313 115.48948287963867
2 0.163934 0.895833 0.133489 0.166667 0.74444 115.48948287963867
2 0.767564 0.634375 0.059719 0.0854167 0.745457 115.48948287963867
2 0.258782 0.586458 0.0491803 0.06875 0.759955 115.48948287963867
2 0.328454 0.6 0.0480094 0.0708333 0.786332 115.48948287963867
