2 0.457845 0.420833 0.0234192 0.0291667 0.285735 146.6045379638672
2 0.357728 0.514583 0.0667447 0.0916667 0.357171 146.6045379638672
2 0.730679 0.935417 0.124122 0.129167 0.415011 146.6045379638672
2 0.448478 0.461458 0.030445 0.0395833 0.421718 146.6045379638672
2 0.608899 0.49375 0.030445 0.0416667 0.55068 146.6045379638672
2 0.890515 0.771875 0.0925059 0.152083 0.629237 146.6045379638672
2 0.424473 0.53125 0.0362998 0.0541667 0.681161 146.6045379638672
2 0.303279 0.527083 0.0421546 0.0541667 0.706674 146.6045379638672
2 0.169204 0.877083 0.129977 0.170833 0.74191 146.6045379638672
2 0.369438 0.728125 0.0714286 0.102083 0.788316 146.6045379638672
2 0.28103 0.941667 0.131148 0.1125 0.823995 146.6045379638672
