2 0.451991 0.442708 0.0257611 0.0354167 0.294897 118.69406700134277
2 0.539813 0.402083 0.028103 0.0416667 0.314845 118.69406700134277
2 0.389344 0.470833 0.029274 0.0416667 0.326422 118.69406700134277
2 0.580211 0.436458 0.0269321 0.0520833 0.511298 118.69406700134277
2 0.944965 0.875 0.107728 0.2 0.53172 118.69406700134277
2 0.25644 0.5875 0.0374707 0.0583333 0.604319 118.69406700134277
2 0.283372 0.954167 0.117096 0.0916667 0.632895 118.69406700134277
2 0.559719 0.489583 0.030445 0.0458333 0.635334 118.69406700134277
2 0.0222482 0.90625 0.0444965 0.108333 0.682793 118.69406700134277
2 0.436183 0.502083 0.0339578 0.05 0.691744 118.69406700134277
2 0.2863 0.653125 0.0526932 0.0770833 0.714453 118.69406700134277
2 0.731265 0.591667 0.0480094 0.0791667 0.732455 118.69406700134277
2 0.365925 0.515625 0.0386417 0.0520833 0.747968 118.69406700134277
2 0.697307 0.661458 0.057377 0.0895833 0.768852 118.69406700134277
2 0.112412 0.938542 0.140515 0.122917 0.819322 118.69406700134277
