2 0.443794 0.398958 0.0187354 0.03125 0.257933 144.6523666381836
2 0.466628 0.4 0.0245902 0.0291667 0.2682 144.6523666381836
2 0.334895 0.494792 0.0327869 0.0520833 0.300517 144.6523666381836
2 0.448478 0.453125 0.0257611 0.0354167 0.394585 144.6523666381836
5 0.37822 0.414583 0.0515222 0.0875 0.499311 144.6523666381836
2 0.278689 0.566667 0.0374707 0.05 0.646261 144.6523666381836
2 0.115925 0.753125 0.124122 0.15625 0.697246 144.6523666381836
2 0.336066 0.585417 0.0421546 0.0666667 0.719386 144.6523666381836
2 0.419204 0.534375 0.0351288 0.05625 0.776123 144.6523666381836
2 0.67623 0.6125 0.0526932 0.075 0.800704 144.6523666381836
2 0.161007 0.889583 0.125293 0.166667 0.855753 144.6523666381836
