2 0.392272 0.425 0.0210773 0.0333333 0.25524 130.8579444885254
2 0.459016 0.411458 0.0257611 0.0270833 0.27465 130.8579444885254
2 0.441452 0.48125 0.028103 0.0416667 0.377106 130.8579444885254
2 0.379391 0.49375 0.030445 0.0416667 0.470334 130.8579444885254
2 0.305035 0.523958 0.0362998 0.0479167 0.480023 130.8579444885254
2 0.727166 0.953125 0.12178 0.09375 0.60332 130.8579444885254
2 0.327283 0.571875 0.0480094 0.0729167 0.667919 130.8579444885254
2 0.236534 0.759375 0.0866511 0.122917 0.710161 130.8579444885254
2 0.796253 0.671875 0.0749414 0.110417 0.745169 130.8579444885254
2 0.0954333 0.764583 0.113583 0.1375 0.783736 130.8579444885254
2 0.413349 0.554167 0.0444965 0.0625 0.789976 130.8579444885254
