2 0.421546 0.426042 0.0257611 0.0395833 0.288057 123.03757667541504
2 0.455504 0.435417 0.0234192 0.0291667 0.367047 123.03757667541504
5 0.350703 0.447917 0.0690866 0.104167 0.619853 123.03757667541504
2 0.696136 0.542708 0.0362998 0.0520833 0.654135 123.03757667541504
2 0.665105 0.567708 0.0444965 0.0729167 0.688662 123.03757667541504
2 0.266393 0.573958 0.0480094 0.06875 0.716369 123.03757667541504
2 0.4274 0.527083 0.030445 0.05 0.746243 123.03757667541504
2 0.201405 0.809375 0.105386 0.135417 0.756419 123.03757667541504
2 0.139344 0.735417 0.0913349 0.108333 0.785627 123.03757667541504
2 0.348946 0.751042 0.0749414 0.11875 0.800317 123.03757667541504
