2 0.409836 0.451042 0.0327869 0.04375 0.318474 98.7694263458252
2 0.628806 0.461458 0.0234192 0.0395833 0.365386 98.7694263458252
2 0.439696 0.495833 0.0269321 0.0416667 0.397315 98.7694263458252
2 0.306206 0.96875 0.0995316 0.0625 0.419884 98.7694263458252
5 0.766393 0.582292 0.127635 0.202083 0.440504 98.7694263458252
2 0.0392272 0.7875 0.0480094 0.0833333 0.482468 98.7694263458252
7 0.123536 0.635417 0.115925 0.191667 0.486785 98.7694263458252
2 0.101874 0.773958 0.135831 0.114583 0.503233 98.7694263458252
2 0.296253 0.533333 0.0421546 0.0625 0.595177 98.7694263458252
5 0.81733 0.623958 0.119438 0.20625 0.676637 98.7694263458252
2 0.415105 0.559375 0.0362998 0.05625 0.687529 98.7694263458252
2 0.376464 0.677083 0.0644028 0.108333 0.693142 98.7694263458252
2 0.355972 0.533333 0.0398126 0.0583333 0.740232 98.7694263458252
2 0.590749 0.596875 0.0480094 0.0729167 0.789101 98.7694263458252
2 0.259368 0.7125 0.0690866 0.104167 0.810459 98.7694263458252
