2 0.387002 0.479167 0.0316159 0.0416667 0.272512 114.9132251739502
2 0.416862 0.442708 0.0234192 0.0520833 0.301013 114.9132251739502
2 0.464871 0.409375 0.0187354 0.03125 0.343755 114.9132251739502
2 0.346604 0.479167 0.0327869 0.0541667 0.472062 114.9132251739502
2 0.452576 0.472917 0.029274 0.0375 0.472207 114.9132251739502
2 0.300351 0.86875 0.15808 0.2625 0.519792 114.9132251739502
2 0.269321 0.578125 0.0491803 0.0645833 0.633755 114.9132251739502
2 0.301522 0.646875 0.057377 0.0895833 0.730193 114.9132251739502
2 0.393443 0.678125 0.0538642 0.08125 0.79531 114.9132251739502
2 0.810304 0.676042 0.0843091 0.122917 0.83142 114.9132251739502
