7 0.428571 0.39375 0.0374707 0.0791667 0.266591 106.93788528442383
2 0.641101 0.478125 0.0269321 0.0395833 0.416968 106.93788528442383
2 0.448478 0.46875 0.0327869 0.0416667 0.449555 106.93788528442383
2 0.250585 0.58125 0.0468384 0.0583333 0.541948 106.93788528442383
2 0.580211 0.434375 0.0269321 0.0479167 0.569848 106.93788528442383
2 0.372951 0.508333 0.0362998 0.0458333 0.577853 106.93788528442383
2 0.306792 0.527083 0.0398126 0.05 0.656473 106.93788528442383
2 0.434426 0.513542 0.0351288 0.0520833 0.692138 106.93788528442383
2 0.839578 0.907292 0.138173 0.185417 0.732394 106.93788528442383
2 0.38466 0.647917 0.0526932 0.0791667 0.764716 106.93788528442383
2 0.870023 0.764583 0.114754 0.1375 0.820981 106.93788528442383
2 0.196721 0.834375 0.114754 0.160417 0.837482 106.93788528442383
2 0.159251 0.696875 0.0819672 0.09375 0.850473 106.93788528442383
