2 0.413934 0.445833 0.0316159 0.0416667 0.400606 115.10968208312988
2 0.271077 0.952083 0.111241 0.0958333 0.505964 115.10968208312988
2 0.451405 0.454167 0.0269321 0.0375 0.520879 115.10968208312988
2 0.0310304 0.902083 0.0620609 0.133333 0.554002 115.10968208312988
2 0.63466 0.46875 0.028103 0.0458333 0.554969 115.10968208312988
2 0.61007 0.483333 0.0327869 0.05 0.574618 115.10968208312988
5 0.333138 0.466667 0.0784543 0.120833 0.66252 115.10968208312988
2 0.216042 0.635417 0.0690866 0.0875 0.757358 115.10968208312988
2 0.737119 0.711458 0.0807962 0.127083 0.798133 115.10968208312988
2 0.408665 0.586458 0.0398126 0.0645833 0.804092 115.10968208312988
