2 0.338407 0.486458 0.028103 0.0395833 0.293754 119.41123008728027
2 0.358314 0.520833 0.0398126 0.0708333 0.305644 119.41123008728027
2 0.452576 0.445833 0.0269321 0.0375 0.336448 119.41123008728027
2 0.776932 0.760417 0.118267 0.233333 0.542937 119.41123008728027
2 0.429742 0.504167 0.028103 0.0458333 0.69046 119.41123008728027
2 0.360656 0.544792 0.0351288 0.05625 0.707526 119.41123008728027
2 0.171546 0.682292 0.0784543 0.09375 0.714044 119.41123008728027
2 0.963115 0.90625 0.0737705 0.175 0.752921 119.41123008728027
2 0.292155 0.547917 0.0433255 0.0541667 0.75737 119.41123008728027
2 0.265808 0.710417 0.0725995 0.1 0.765917 119.41123008728027
2 0.338993 0.801042 0.0901639 0.139583 0.846175 119.41123008728027
