2 0.454918 0.43125 0.0245902 0.0333333 0.323575 153.29360961914062
5 0.392272 0.407292 0.0468384 0.0729167 0.362797 153.29360961914062
2 0.316745 0.522917 0.0362998 0.0458333 0.43753 153.29360961914062
2 0.013466 0.929167 0.0269321 0.0958333 0.497398 153.29360961914062
2 0.562646 0.489583 0.029274 0.0416667 0.546998 153.29360961914062
2 0.669789 0.50625 0.0327869 0.0458333 0.607873 153.29360961914062
2 0.224239 0.627083 0.0714286 0.0958333 0.631039 153.29360961914062
2 0.369438 0.527083 0.0362998 0.05 0.635862 153.29360961914062
2 0.433841 0.486458 0.0316159 0.0479167 0.66105 153.29360961914062
2 0.274005 0.684375 0.0702576 0.0979167 0.794619 153.29360961914062
