2 0.614754 0.442708 0.0257611 0.0354167 0.292452 150.33626556396484
7 0.0644028 0.701042 0.128806 0.235417 0.410242 150.33626556396484
7 0.727166 0.539583 0.105386 0.166667 0.540966 150.33626556396484
2 0.433255 0.51875 0.0327869 0.05 0.660444 150.33626556396484
2 0.34192 0.554167 0.0444965 0.0541667 0.685013 150.33626556396484
2 0.354801 0.748958 0.0796253 0.135417 0.6853 150.33626556396484
2 0.275176 0.558333 0.0444965 0.0666667 0.685742 150.33626556396484
2 0.563817 0.516667 0.0316159 0.0541667 0.708148 150.33626556396484
2 0.220141 0.784375 0.0936768 0.13125 0.770442 150.33626556396484
2 0.405738 0.590625 0.0433255 0.0729167 0.797324 150.33626556396484
