2 0.457845 0.420833 0.0234192 0.0333333 0.280384 95.92533111572266
2 0.357143 0.517708 0.0632318 0.0895833 0.363664 95.92533111572266
2 0.604215 0.486458 0.030445 0.04375 0.420513 95.92533111572266
2 0.448478 0.4625 0.030445 0.0375 0.470731 95.92533111572266
5 0.711358 0.894792 0.139344 0.210417 0.647066 95.92533111572266
2 0.422717 0.534375 0.0351288 0.0479167 0.656693 95.92533111572266
2 0.272248 0.952083 0.122951 0.0958333 0.662488 95.92533111572266
2 0.300937 0.53125 0.0421546 0.0541667 0.703288 95.92533111572266
2 0.362412 0.740625 0.0784543 0.102083 0.723764 95.92533111572266
2 0.848946 0.734375 0.0960187 0.13125 0.796245 95.92533111572266
2 0.153396 0.907292 0.142857 0.177083 0.81908 95.92533111572266
