2 0.447307 0.446875 0.028103 0.0354167 0.313832 97.78904914855957
2 0.360656 0.4875 0.0398126 0.05 0.315986 97.78904914855957
2 0.405738 0.457292 0.0269321 0.0395833 0.387555 97.78904914855957
2 0.35363 0.476042 0.028103 0.0395833 0.457733 97.78904914855957
2 0.296838 0.53125 0.0339578 0.05 0.539037 97.78904914855957
2 0.874707 0.753125 0.100703 0.14375 0.562115 97.78904914855957
2 0.372365 0.514583 0.0327869 0.0458333 0.586331 97.78904914855957
2 0.330211 0.863542 0.100703 0.15625 0.603306 97.78904914855957
2 0.619438 0.501042 0.0351288 0.0479167 0.754339 97.78904914855957
2 0.412178 0.557292 0.0444965 0.0645833 0.769137 97.78904914855957
2 0.132318 0.921875 0.138173 0.147917 0.799666 97.78904914855957
2 0.104801 0.75625 0.106557 0.125 0.806952 97.78904914855957
