2 0.354801 0.502083 0.0444965 0.0416667 0.341098 99.80535507202148
2 0.454333 0.440625 0.0257611 0.0354167 0.365888 99.80535507202148
2 0.702576 0.63125 0.0866511 0.166667 0.406793 99.80535507202148
2 0.362412 0.515625 0.0409836 0.0520833 0.442347 99.80535507202148
2 0.405152 0.45625 0.0374707 0.0458333 0.451668 99.80535507202148
2 0.286885 0.963542 0.107728 0.0729167 0.653283 99.80535507202148
2 0.583724 0.547917 0.0503513 0.1 0.668076 99.80535507202148
2 0.223068 0.617708 0.0550351 0.06875 0.690393 99.80535507202148
2 0.310304 0.611458 0.0491803 0.0729167 0.699154 99.80535507202148
2 0.399297 0.613542 0.0444965 0.06875 0.767383 99.80535507202148
2 0.142857 0.895833 0.147541 0.191667 0.844164 99.80535507202148
