2 0.425644 0.490625 0.029274 0.0479167 0.276282 116.4543628692627
2 0.61007 0.446875 0.030445 0.03125 0.299685 116.4543628692627
2 0.429157 0.422917 0.0222482 0.0375 0.304622 116.4543628692627
2 0.446721 0.451042 0.0245902 0.0354167 0.345416 116.4543628692627
2 0.324941 0.5125 0.0316159 0.0458333 0.433568 116.4543628692627
2 0.550937 0.452083 0.0269321 0.0375 0.468005 116.4543628692627
2 0.418618 0.553125 0.0433255 0.0770833 0.618923 116.4543628692627
2 0.366511 0.521875 0.0351288 0.0520833 0.619008 116.4543628692627
2 0.290984 0.955208 0.120609 0.0895833 0.633973 116.4543628692627
7 0.76171 0.58125 0.148712 0.216667 0.672218 116.4543628692627
2 0.125878 0.934375 0.148712 0.127083 0.782751 116.4543628692627
