2 0.459016 0.434375 0.028103 0.0354167 0.26473 97.78904914855957
5 0.642272 0.439583 0.057377 0.1125 0.283878 97.78904914855957
2 0.345433 0.475 0.0257611 0.0375 0.291173 97.78904914855957
2 0.37178 0.50625 0.0316159 0.0458333 0.538341 97.78904914855957
2 0.355386 0.730208 0.0807962 0.110417 0.689802 97.78904914855957
2 0.42096 0.522917 0.0339578 0.05 0.696136 97.78904914855957
2 0.255269 0.576042 0.0421546 0.0604167 0.710131 97.78904914855957
2 0.638173 0.548958 0.0351288 0.0604167 0.713626 97.78904914855957
2 0.112998 0.940625 0.148712 0.11875 0.732457 97.78904914855957
2 0.302108 0.632292 0.058548 0.08125 0.733087 97.78904914855957
2 0.584309 0.564583 0.0468384 0.075 0.755875 97.78904914855957
2 0.0480094 0.854167 0.0960187 0.145833 0.775705 97.78904914855957
2 0.770492 0.801042 0.0960187 0.15625 0.77923 97.78904914855957
