2 0.457845 0.411458 0.0257611 0.03125 0.275221 104.56013679504395
2 0.299766 0.528125 0.0351288 0.0520833 0.365365 104.56013679504395
2 0.439696 0.484375 0.0316159 0.0479167 0.423008 104.56013679504395
2 0.376464 0.497917 0.0316159 0.0416667 0.513915 104.56013679504395
2 0.69555 0.909375 0.112412 0.18125 0.656075 104.56013679504395
2 0.324356 0.576042 0.0491803 0.0729167 0.677597 104.56013679504395
2 0.229508 0.779167 0.0913349 0.125 0.747913 104.56013679504395
2 0.0802108 0.786458 0.118267 0.147917 0.749709 104.56013679504395
2 0.775761 0.652083 0.0737705 0.108333 0.757929 104.56013679504395
2 0.411007 0.557292 0.0444965 0.06875 0.76252 104.56013679504395
