2 0.336066 0.492708 0.0327869 0.0520833 0.316894 189.5143985748291
2 0.62178 0.446875 0.0257611 0.03125 0.353571 189.5143985748291
5 0.379391 0.414583 0.0491803 0.0833333 0.44352 189.5143985748291
2 0.452576 0.451042 0.0269321 0.0354167 0.476459 189.5143985748291
2 0.12822 0.740625 0.113583 0.147917 0.657263 189.5143985748291
2 0.282787 0.563542 0.0409836 0.05625 0.698941 189.5143985748291
2 0.338407 0.576042 0.0398126 0.0604167 0.740961 189.5143985748291
2 0.420375 0.528125 0.0351288 0.05625 0.753111 189.5143985748291
2 0.687939 0.632292 0.0550351 0.08125 0.782795 189.5143985748291
2 0.173888 0.863542 0.120609 0.160417 0.838685 189.5143985748291
