2 0.559719 0.41875 0.028103 0.0375 0.2876 122.6949691772461
2 0.0275176 0.884375 0.0550351 0.102083 0.456529 122.6949691772461
2 0.357143 0.477083 0.030445 0.0458333 0.481334 122.6949691772461
2 0.41452 0.445833 0.030445 0.0458333 0.489255 122.6949691772461
2 0.450234 0.465625 0.0339578 0.0479167 0.522532 122.6949691772461
2 0.556792 0.486458 0.0316159 0.0479167 0.535533 122.6949691772461
2 0.677986 0.529167 0.0374707 0.0541667 0.622295 122.6949691772461
2 0.277518 0.563542 0.0491803 0.0604167 0.720699 122.6949691772461
2 0.593677 0.604167 0.0444965 0.0708333 0.727572 122.6949691772461
2 0.264637 0.710417 0.0796253 0.104167 0.756466 122.6949691772461
2 0.413934 0.588542 0.0409836 0.0645833 0.75893 122.6949691772461
