2 0.57904 0.435417 0.0199063 0.0333333 0.2842 106.80508613586426
2 0.405738 0.45625 0.0433255 0.0708333 0.323761 106.80508613586426
2 0.264052 0.65625 0.0690866 0.158333 0.324832 106.80508613586426
5 0.129391 0.782292 0.258782 0.40625 0.421395 106.80508613586426
2 0.63993 0.75625 0.0737705 0.141667 0.476129 106.80508613586426
2 0.354801 0.466667 0.028103 0.0416667 0.51058 106.80508613586426
2 0.44555 0.464583 0.0316159 0.0416667 0.535686 106.80508613586426
2 0.422131 0.561458 0.0409836 0.0479167 0.61749 106.80508613586426
2 0.569087 0.516667 0.0351288 0.0541667 0.740673 106.80508613586426
2 0.386417 0.648958 0.0562061 0.0979167 0.743995 106.80508613586426
2 0.336651 0.578125 0.0456674 0.0729167 0.761277 106.80508613586426
