2 0.45726 0.434375 0.0222482 0.03125 0.304826 121.74153327941895
2 0.629391 0.466667 0.0222482 0.0333333 0.30833 121.74153327941895
2 0.328454 0.50625 0.0316159 0.0458333 0.332798 121.74153327941895
2 0.379977 0.448958 0.0245902 0.0354167 0.364985 121.74153327941895
2 0.564988 0.415625 0.0245902 0.0354167 0.373761 121.74153327941895
2 0.625293 0.704167 0.0655738 0.133333 0.456868 121.74153327941895
2 0.4274 0.422917 0.028103 0.0416667 0.483359 121.74153327941895
2 0.589578 0.470833 0.0316159 0.0458333 0.521609 121.74153327941895
2 0.382904 0.732292 0.0725995 0.10625 0.718489 121.74153327941895
2 0.436183 0.514583 0.0339578 0.0458333 0.72423 121.74153327941895
2 0.180328 0.667708 0.0772834 0.0854167 0.748329 121.74153327941895
2 0.337237 0.584375 0.0468384 0.06875 0.749283 121.74153327941895
2 0.875293 0.783333 0.104215 0.145833 0.827883 121.74153327941895
