2 0.577283 0.4375 0.0257611 0.0291667 0.374745 114.43257331848145
2 0.541569 0.433333 0.0222482 0.0333333 0.376281 114.43257331848145
2 0.598946 0.488542 0.029274 0.0354167 0.387862 114.43257331848145
2 0.402225 0.464583 0.0339578 0.0458333 0.465793 114.43257331848145
2 0.296838 0.529167 0.0339578 0.05 0.481969 114.43257331848145
5 0.374122 0.41875 0.059719 0.108333 0.609017 114.43257331848145
2 0.449649 0.467708 0.0327869 0.04375 0.618971 114.43257331848145
2 0.5726 0.529167 0.0374707 0.0708333 0.651523 114.43257331848145
2 0.322014 0.590625 0.0421546 0.0604167 0.743745 114.43257331848145
2 0.38466 0.639583 0.0526932 0.0791667 0.792659 114.43257331848145
2 0.765808 0.8 0.100703 0.175 0.806489 114.43257331848145
2 0.136417 0.71875 0.087822 0.104167 0.808613 114.43257331848145
2 0.831382 0.729167 0.0913349 0.125 0.81755 114.43257331848145
2 0.118267 0.930208 0.138173 0.135417 0.853455 114.43257331848145
