2 0.446136 0.48125 0.0327869 0.0416667 0.276865 92.79370307922363
5 0.403981 0.395833 0.0257611 0.0583333 0.309937 92.79370307922363
7 0.600703 0.409375 0.0398126 0.0770833 0.316167 92.79370307922363
2 0.651054 0.495833 0.028103 0.0416667 0.331297 92.79370307922363
2 0.392857 0.485417 0.0269321 0.0458333 0.383442 92.79370307922363
5 0.324356 0.552083 0.103044 0.1875 0.41422 92.79370307922363
2 0.555621 0.476042 0.0316159 0.04375 0.535218 92.79370307922363
2 0.244145 0.590625 0.0480094 0.0729167 0.64283 92.79370307922363
2 0.284543 0.952083 0.128806 0.0958333 0.70829 92.79370307922363
2 0.4274 0.529167 0.0327869 0.0583333 0.743483 92.79370307922363
2 0.659836 0.585417 0.0480094 0.075 0.751277 92.79370307922363
2 0.580211 0.564583 0.0386417 0.0708333 0.753501 92.79370307922363
2 0.748244 0.607292 0.0491803 0.0645833 0.753863 92.79370307922363
2 0.377049 0.7 0.0655738 0.1 0.76391 92.79370307922363
