2 0.453747 0.444792 0.0222482 0.03125 0.260652 130.34796714782715
2 0.62178 0.452083 0.030445 0.0458333 0.354567 130.34796714782715
2 0.590164 0.453125 0.028103 0.04375 0.484967 130.34796714782715
2 0.368267 0.525 0.0386417 0.0541667 0.562008 130.34796714782715
2 0.296253 0.927083 0.131148 0.145833 0.568049 130.34796714782715
2 0.442037 0.491667 0.0269321 0.0458333 0.602204 130.34796714782715
2 0.28103 0.552083 0.0491803 0.0708333 0.662665 130.34796714782715
2 0.387588 0.68125 0.0562061 0.0916667 0.73089 130.34796714782715
2 0.609485 0.616667 0.0503513 0.0833333 0.740063 130.34796714782715
2 0.653396 0.565625 0.0421546 0.0604167 0.747391 130.34796714782715
2 0.761124 0.627083 0.0655738 0.0875 0.74756 130.34796714782715
