2 0.413349 0.442708 0.030445 0.04375 0.315802 113.44599723815918
2 0.418033 0.529167 0.0491803 0.0916667 0.34056 113.44599723815918
7 0.358314 0.446875 0.0374707 0.06875 0.361748 113.44599723815918
2 0.454918 0.45 0.0269321 0.0333333 0.366541 113.44599723815918
2 0.576698 0.43125 0.0222482 0.0333333 0.378596 113.44599723815918
2 0.552693 0.461458 0.0234192 0.0395833 0.476015 113.44599723815918
2 0.86534 0.73125 0.11007 0.183333 0.49261 113.44599723815918
2 0.384075 0.490625 0.028103 0.04375 0.55834 113.44599723815918
2 0.305621 0.539583 0.0398126 0.0583333 0.601144 113.44599723815918
2 0.645199 0.7125 0.0725995 0.120833 0.624878 113.44599723815918
2 0.237119 0.722917 0.0690866 0.0916667 0.789806 113.44599723815918
