5 0.417447 0.384375 0.0362998 0.06875 0.306245 203.52506637573242
2 0.409251 0.447917 0.029274 0.0458333 0.340079 203.52506637573242
7 0.877049 0.708333 0.24356 0.454167 0.380766 203.52506637573242
2 0.447892 0.45 0.029274 0.0375 0.382032 203.52506637573242
2 0.333138 0.486458 0.0316159 0.04375 0.389399 203.52506637573242
2 0.56733 0.44375 0.0269321 0.0416667 0.395718 203.52506637573242
2 0.381148 0.501042 0.0339578 0.0479167 0.543778 203.52506637573242
2 0.714286 0.696875 0.0608899 0.10625 0.628302 203.52506637573242
2 0.420375 0.526042 0.0351288 0.0520833 0.667651 203.52506637573242
2 0.26171 0.576042 0.0386417 0.0604167 0.713405 203.52506637573242
2 0.565574 0.520833 0.0327869 0.05 0.718679 203.52506637573242
2 0.330211 0.592708 0.0421546 0.06875 0.726004 203.52506637573242
2 0.0316159 0.876042 0.0632318 0.135417 0.728367 203.52506637573242
2 0.386417 0.692708 0.058548 0.0979167 0.748587 203.52506637573242
2 0.229508 0.759375 0.107728 0.139583 0.806661 203.52506637573242
