2 0.457845 0.435417 0.0210773 0.0291667 0.264456 106.53424263000488
2 0.630562 0.467708 0.0222482 0.03125 0.351701 106.53424263000488
2 0.379977 0.448958 0.0245902 0.0354167 0.354819 106.53424263000488
2 0.330211 0.504167 0.030445 0.0458333 0.360665 106.53424263000488
2 0.629977 0.71875 0.0702576 0.154167 0.414293 106.53424263000488
2 0.565574 0.417708 0.0257611 0.0354167 0.42953 106.53424263000488
2 0.427986 0.422917 0.0245902 0.0416667 0.458266 106.53424263000488
2 0.590749 0.475 0.0269321 0.0458333 0.524919 106.53424263000488
2 0.386417 0.726042 0.0749414 0.10625 0.66869 106.53424263000488
2 0.436183 0.5125 0.0339578 0.0458333 0.729967 106.53424263000488
2 0.186183 0.661458 0.0749414 0.0854167 0.749012 106.53424263000488
2 0.338407 0.578125 0.0468384 0.0645833 0.771659 106.53424263000488
2 0.891101 0.801042 0.11007 0.152083 0.840831 106.53424263000488
