2 0.628806 0.465625 0.028103 0.0354167 0.331445 106.08291625976562
2 0.447892 0.445833 0.0269321 0.0375 0.388909 106.08291625976562
5 0.405738 0.396875 0.0362998 0.05625 0.410097 106.08291625976562
2 0.293911 0.546875 0.0421546 0.06875 0.431013 106.08291625976562
2 0.393443 0.482292 0.028103 0.0395833 0.436403 106.08291625976562
2 0.63993 0.725 0.0737705 0.125 0.588158 106.08291625976562
2 0.339578 0.566667 0.0468384 0.0625 0.675334 106.08291625976562
2 0.148712 0.717708 0.088993 0.110417 0.711107 106.08291625976562
2 0.367096 0.69375 0.059719 0.0833333 0.762712 106.08291625976562
2 0.217799 0.765625 0.0843091 0.114583 0.774793 106.08291625976562
2 0.876464 0.746875 0.087822 0.11875 0.844285 106.08291625976562
