2 0.590164 0.402083 0.0327869 0.0583333 0.289951 177.95419692993164
2 0.338993 0.495833 0.0316159 0.0416667 0.398798 177.95419692993164
2 0.443794 0.464583 0.030445 0.0375 0.494493 177.95419692993164
2 0.377635 0.50625 0.0316159 0.0458333 0.507971 177.95419692993164
2 0.668033 0.5125 0.0339578 0.05 0.519332 177.95419692993164
2 0.394614 0.6 0.0491803 0.0666667 0.721158 177.95419692993164
2 0.56733 0.525 0.0339578 0.0541667 0.744111 177.95419692993164
2 0.347775 0.75 0.0725995 0.120833 0.755136 177.95419692993164
2 0.806206 0.827083 0.122951 0.195833 0.79696 177.95419692993164
2 0.822014 0.703125 0.0796253 0.110417 0.797485 177.95419692993164
2 0.111241 0.763542 0.100703 0.122917 0.828045 177.95419692993164
