2 0.553864 0.389583 0.0187354 0.0291667 0.272701 94.35462951660156
2 0.372365 0.45 0.028103 0.0375 0.290759 94.35462951660156
2 0.440281 0.480208 0.0327869 0.0645833 0.298662 94.35462951660156
2 0.444965 0.463542 0.0327869 0.0354167 0.405126 94.35462951660156
2 0.333724 0.501042 0.0351288 0.0479167 0.432573 94.35462951660156
5 0.412763 0.417708 0.0480094 0.0895833 0.513583 94.35462951660156
2 0.280445 0.944792 0.122951 0.110417 0.536668 94.35462951660156
2 0.660422 0.505208 0.0374707 0.0520833 0.67038 94.35462951660156
2 0.434426 0.525 0.0351288 0.0458333 0.671736 94.35462951660156
2 0.131733 0.763542 0.087822 0.11875 0.693291 94.35462951660156
2 0.224824 0.619792 0.0608899 0.0729167 0.707645 94.35462951660156
2 0.602459 0.505208 0.0362998 0.0520833 0.737915 94.35462951660156
2 0.3226 0.592708 0.0456674 0.0645833 0.740136 94.35462951660156
2 0.403981 0.616667 0.0468384 0.0833333 0.750559 94.35462951660156
2 0.93911 0.854167 0.119438 0.1875 0.83306 94.35462951660156
