2 0.454333 0.453125 0.0257611 0.0395833 0.419013 119.63272094726562
2 0.354801 0.471875 0.030445 0.0395833 0.452065 119.63272094726562
2 0.579625 0.440625 0.0234192 0.03125 0.459107 119.63272094726562
2 0.241803 0.601042 0.0503513 0.0729167 0.570839 119.63272094726562
2 0.38466 0.505208 0.0316159 0.0479167 0.60302 119.63272094726562
2 0.551522 0.467708 0.0257611 0.0395833 0.606861 119.63272094726562
2 0.261124 0.69375 0.0655738 0.0916667 0.768218 119.63272094726562
2 0.587237 0.595833 0.0433255 0.075 0.778503 119.63272094726562
2 0.409836 0.575 0.0421546 0.0625 0.784585 119.63272094726562
2 0.790984 0.822917 0.111241 0.183333 0.829983 119.63272094726562
