2 0.602459 0.48125 0.0362998 0.0625 0.273013 112.43247985839844
2 0.398126 0.473958 0.028103 0.0354167 0.279605 112.43247985839844
2 0.45726 0.417708 0.0222482 0.0270833 0.282738 112.43247985839844
2 0.296838 0.530208 0.0409836 0.05625 0.559915 112.43247985839844
2 0.788642 0.641667 0.0784543 0.125 0.598764 112.43247985839844
2 0.424473 0.540625 0.0362998 0.05625 0.652052 112.43247985839844
2 0.661007 0.510417 0.0362998 0.05 0.659156 112.43247985839844
2 0.354801 0.552083 0.0374707 0.0541667 0.73213 112.43247985839844
2 0.369438 0.714583 0.0644028 0.104167 0.734302 112.43247985839844
2 0.161592 0.914583 0.131148 0.1625 0.762969 112.43247985839844
2 0.757026 0.752083 0.0925059 0.141667 0.805766 112.43247985839844
