2 0.541569 0.435417 0.0199063 0.0333333 0.271294 102.94771194458008
2 0.454333 0.446875 0.0234192 0.03125 0.468956 102.94771194458008
5 0.352459 0.441667 0.0819672 0.1375 0.598798 102.94771194458008
2 0.379977 0.503125 0.0339578 0.0479167 0.622494 102.94771194458008
2 0.662178 0.514583 0.0339578 0.05 0.647203 102.94771194458008
2 0.223068 0.615625 0.059719 0.06875 0.698045 102.94771194458008
2 0.951405 0.895833 0.0971897 0.191667 0.732269 102.94771194458008
2 0.435012 0.517708 0.0339578 0.0520833 0.732358 102.94771194458008
2 0.607143 0.510417 0.0386417 0.0583333 0.73487 102.94771194458008
2 0.313232 0.876042 0.104215 0.164583 0.752537 102.94771194458008
2 0.701405 0.686458 0.0679157 0.110417 0.755554 102.94771194458008
2 0.231265 0.7375 0.0807962 0.1125 0.794016 102.94771194458008
