2 0.342506 0.5625 0.0503513 0.0541667 0.374421 118.41797828674316
2 0.404567 0.448958 0.0245902 0.05625 0.374881 118.41797828674316
7 0.0685012 0.830208 0.13466 0.20625 0.427299 118.41797828674316
2 0.292155 0.54375 0.0362998 0.05 0.537855 118.41797828674316
2 0.608314 0.491667 0.0339578 0.05 0.557021 118.41797828674316
7 0.652225 0.736458 0.0843091 0.197917 0.590542 118.41797828674316
2 0.346604 0.640625 0.0491803 0.0770833 0.709518 118.41797828674316
2 0.432084 0.503125 0.0374707 0.0645833 0.738963 118.41797828674316
2 0.83548 0.730208 0.087822 0.11875 0.779122 118.41797828674316
2 0.183255 0.845833 0.108899 0.141667 0.843276 118.41797828674316
