2 0.390515 0.46875 0.0433255 0.0791667 0.297321 180.6347370147705
2 0.451991 0.45625 0.030445 0.0416667 0.379393 180.6347370147705
2 0.336066 0.483333 0.0327869 0.05 0.459868 180.6347370147705
2 0.620023 0.447917 0.0245902 0.0375 0.499115 180.6347370147705
2 0.0234192 0.905208 0.0468384 0.110417 0.551628 180.6347370147705
7 0.685012 0.497917 0.088993 0.158333 0.60132 180.6347370147705
2 0.387002 0.644792 0.0550351 0.0979167 0.693086 180.6347370147705
2 0.423888 0.536458 0.0374707 0.05625 0.712892 180.6347370147705
2 0.570843 0.510417 0.0362998 0.0625 0.762267 180.6347370147705
2 0.162178 0.879167 0.129977 0.179167 0.791979 180.6347370147705
