2 0.604215 0.438542 0.0210773 0.03125 0.254016 108.41655731201172
2 0.446721 0.458333 0.0316159 0.0416667 0.447091 108.41655731201172
7 0.721897 0.654167 0.108899 0.225 0.524006 108.41655731201172
2 0.387588 0.4875 0.030445 0.0458333 0.526919 108.41655731201172
2 0.347775 0.472917 0.030445 0.0458333 0.579675 108.41655731201172
2 0.557963 0.508333 0.0362998 0.0541667 0.660852 108.41655731201172
2 0.652225 0.488542 0.030445 0.04375 0.670993 108.41655731201172
2 0.343091 0.784375 0.0866511 0.147917 0.69431 108.41655731201172
2 0.309133 0.615625 0.0538642 0.0770833 0.716654 108.41655731201172
2 0.144028 0.727083 0.107728 0.116667 0.723674 108.41655731201172
2 0.148126 0.864583 0.141686 0.191667 0.823768 108.41655731201172
2 0.411593 0.590625 0.0409836 0.0729167 0.826075 108.41655731201172
