2 0.429742 0.389583 0.0234192 0.0291667 0.264247 98.84953498840332
2 0.39637 0.477083 0.0316159 0.0416667 0.284853 98.84953498840332
2 0.456674 0.419792 0.028103 0.0479167 0.306161 98.84953498840332
2 0.571429 0.5125 0.030445 0.0375 0.375488 98.84953498840332
2 0.3226 0.511458 0.029274 0.0479167 0.391865 98.84953498840332
2 0.666276 0.778125 0.0819672 0.160417 0.683713 98.84953498840332
2 0.412178 0.540625 0.0327869 0.0520833 0.686152 98.84953498840332
2 0.735363 0.590625 0.0515222 0.0729167 0.747772 98.84953498840332
2 0.372365 0.726042 0.0679157 0.0979167 0.750294 98.84953498840332
2 0.0614754 0.828125 0.120609 0.135417 0.840832 98.84953498840332
