2 0.451991 0.422917 0.028103 0.0375 0.257364 103.28149795532227
2 0.0175644 0.736458 0.0351288 0.152083 0.341422 103.28149795532227
2 0.398126 0.470833 0.030445 0.0458333 0.382758 103.28149795532227
2 0.0222482 0.826042 0.0444965 0.29375 0.425199 103.28149795532227
7 0.682084 0.496875 0.0807962 0.127083 0.500583 103.28149795532227
2 0.551522 0.467708 0.028103 0.0395833 0.55445 103.28149795532227
2 0.320843 0.8625 0.100703 0.183333 0.571345 103.28149795532227
2 0.247073 0.591667 0.0491803 0.0833333 0.602296 103.28149795532227
2 0.425059 0.546875 0.0351288 0.05625 0.694809 103.28149795532227
2 0.327283 0.579167 0.0456674 0.0625 0.754453 103.28149795532227
2 0.388759 0.64375 0.0491803 0.0833333 0.764155 103.28149795532227
2 0.155738 0.904167 0.124122 0.170833 0.839763 103.28149795532227
