2 0.466042 0.411458 0.0210773 0.03125 0.283883 118.15929412841797
2 0.433255 0.4125 0.0210773 0.0333333 0.2876 118.15929412841797
2 0.566745 0.427083 0.0234192 0.0375 0.342125 118.15929412841797
2 0.593091 0.461458 0.029274 0.0395833 0.405124 118.15929412841797
2 0.373536 0.516667 0.0351288 0.0458333 0.542835 118.15929412841797
2 0.70082 0.554167 0.0386417 0.0583333 0.609288 118.15929412841797
2 0.447307 0.472917 0.0327869 0.0416667 0.617495 118.15929412841797
2 0.266393 0.567708 0.0456674 0.0604167 0.667627 118.15929412841797
2 0.296838 0.95 0.115925 0.1 0.678602 118.15929412841797
2 0.415105 0.601042 0.0480094 0.0645833 0.735438 118.15929412841797
2 0.658665 0.598958 0.0480094 0.0729167 0.802727 118.15929412841797
2 0.202576 0.802083 0.11007 0.141667 0.817948 118.15929412841797
