2 0.564988 0.432292 0.0269321 0.0354167 0.284626 106.16230964660645
2 0.418033 0.4375 0.028103 0.0416667 0.298737 106.16230964660645
2 0.36534 0.464583 0.030445 0.0458333 0.40299 106.16230964660645
2 0.452576 0.45625 0.029274 0.0416667 0.419059 106.16230964660645
2 0.327283 0.921875 0.113583 0.15625 0.420228 106.16230964660645
2 0.296838 0.540625 0.0362998 0.0520833 0.481766 106.16230964660645
2 0.629391 0.730208 0.0737705 0.11875 0.589522 106.16230964660645
2 0.569087 0.526042 0.0351288 0.0604167 0.659855 106.16230964660645
2 0.714871 0.578125 0.0550351 0.06875 0.730382 106.16230964660645
2 0.423302 0.555208 0.0386417 0.0520833 0.733548 106.16230964660645
2 0.296838 0.654167 0.0644028 0.0833333 0.799325 106.16230964660645
2 0.0661592 0.807292 0.129977 0.13125 0.827339 106.16230964660645
