2 0.359485 0.463542 0.0234192 0.0395833 0.259223 113.7993335723877
2 0.454333 0.425 0.0210773 0.0333333 0.29929 113.7993335723877
2 0.398126 0.471875 0.030445 0.0479167 0.380351 113.7993335723877
2 0.548009 0.465625 0.028103 0.0395833 0.395071 113.7993335723877
2 0.0175644 0.821875 0.0351288 0.30625 0.407926 113.7993335723877
2 0.31733 0.876042 0.107728 0.177083 0.477996 113.7993335723877
7 0.678571 0.491667 0.0807962 0.125 0.509369 113.7993335723877
2 0.244731 0.59375 0.0515222 0.0791667 0.701881 113.7993335723877
2 0.422717 0.548958 0.0351288 0.05625 0.724944 113.7993335723877
2 0.387002 0.645833 0.0503513 0.0875 0.747416 113.7993335723877
2 0.324941 0.582292 0.0456674 0.0604167 0.765047 113.7993335723877
2 0.14637 0.913542 0.131148 0.16875 0.860341 113.7993335723877
