2 0.422717 0.428125 0.030445 0.0395833 0.260058 90.36707878112793
2 0.599532 0.423958 0.0210773 0.0270833 0.282799 90.36707878112793
2 0.539813 0.421875 0.028103 0.03125 0.314106 90.36707878112793
2 0.442623 0.457292 0.0234192 0.0395833 0.342585 90.36707878112793
2 0.566745 0.494792 0.030445 0.04375 0.604955 90.36707878112793
2 0.433255 0.527083 0.0374707 0.0458333 0.608055 90.36707878112793
2 0.644028 0.4875 0.0351288 0.0458333 0.614627 90.36707878112793
2 0.275176 0.56875 0.0444965 0.0583333 0.679487 90.36707878112793
2 0.372951 0.764583 0.0784543 0.120833 0.742431 90.36707878112793
2 0.244145 0.719792 0.087822 0.10625 0.82904 90.36707878112793
