2 0.454918 0.442708 0.0245902 0.03125 0.277558 95.18575668334961
2 0.365925 0.461458 0.029274 0.0395833 0.429205 95.18575668334961
2 0.397541 0.488542 0.0316159 0.0479167 0.462595 95.18575668334961
2 0.641101 0.477083 0.0269321 0.0375 0.474166 95.18575668334961
2 0.59192 0.464583 0.029274 0.0416667 0.555438 95.18575668334961
2 0.62822 0.728125 0.0667447 0.127083 0.585884 95.18575668334961
2 0.266979 0.572917 0.0444965 0.0583333 0.618575 95.18575668334961
2 0.563232 0.504167 0.030445 0.0458333 0.678904 95.18575668334961
2 0.421546 0.540625 0.0351288 0.0520833 0.692404 95.18575668334961
2 0.296253 0.635417 0.0515222 0.0791667 0.765229 95.18575668334961
2 0.285129 0.915625 0.122951 0.160417 0.837882 95.18575668334961
