2 0.430328 0.4125 0.0222482 0.0333333 0.264195 108.2150936126709
2 0.379391 0.498958 0.0327869 0.0479167 0.31063 108.2150936126709
2 0.583724 0.434375 0.0245902 0.0354167 0.32854 108.2150936126709
2 0.440281 0.485417 0.0351288 0.05 0.552242 108.2150936126709
2 0.564403 0.492708 0.030445 0.0479167 0.623108 108.2150936126709
2 0.350117 0.552083 0.0374707 0.0541667 0.736399 108.2150936126709
2 0.717799 0.715625 0.0725995 0.114583 0.739724 108.2150936126709
2 0.258782 0.592708 0.0538642 0.0729167 0.741174 108.2150936126709
2 0.601874 0.644792 0.058548 0.0854167 0.751974 108.2150936126709
2 0.82377 0.698958 0.0761124 0.11875 0.780997 108.2150936126709
2 0.407494 0.59375 0.0491803 0.075 0.789853 108.2150936126709
