2 0.223068 0.6875 0.179157 0.183333 0.262244 112.66517639160156
2 0.139344 0.80625 0.159251 0.229167 0.305172 112.66517639160156
7 0.276347 0.509375 0.0936768 0.127083 0.321757 112.66517639160156
2 0.540984 0.43125 0.0210773 0.0375 0.322334 112.66517639160156
2 0.394028 0.475 0.0339578 0.0416667 0.362395 112.66517639160156
2 0.442037 0.472917 0.0269321 0.0416667 0.474994 112.66517639160156
2 0.614169 0.502083 0.0409836 0.0708333 0.611426 112.66517639160156
2 0.68911 0.694792 0.0784543 0.127083 0.626443 112.66517639160156
2 0.784543 0.647917 0.0562061 0.0791667 0.671812 112.66517639160156
2 0.357143 0.540625 0.0398126 0.0520833 0.676217 112.66517639160156
2 0.106557 0.7375 0.0819672 0.1 0.676872 112.66517639160156
2 0.423888 0.547917 0.0351288 0.0583333 0.715869 112.66517639160156
2 0.361241 0.729167 0.0644028 0.0958333 0.781175 112.66517639160156
