2 0.442623 0.459375 0.028103 0.0395833 0.350235 108.41965675354004
2 0.57904 0.428125 0.029274 0.0604167 0.425315 108.41965675354004
2 0.38466 0.490625 0.029274 0.04375 0.472469 108.41965675354004
2 0.352459 0.471875 0.030445 0.0395833 0.532414 108.41965675354004
2 0.794496 0.648958 0.0690866 0.10625 0.705601 108.41965675354004
2 0.423302 0.53125 0.0409836 0.0541667 0.737759 108.41965675354004
2 0.331967 0.865625 0.0995316 0.172917 0.760058 108.41965675354004
2 0.274005 0.555208 0.0491803 0.0604167 0.797635 108.41965675354004
2 0.117681 0.923958 0.141686 0.147917 0.806945 108.41965675354004
2 0.34192 0.565625 0.0468384 0.0604167 0.813959 108.41965675354004
