2 0.396955 0.472917 0.028103 0.0458333 0.327675 100.7685661315918
2 0.564988 0.430208 0.0269321 0.0354167 0.40409 100.7685661315918
2 0.375293 0.515625 0.0339578 0.0479167 0.416893 100.7685661315918
2 0.593677 0.480208 0.030445 0.0395833 0.494284 100.7685661315918
2 0.43911 0.4875 0.030445 0.0416667 0.508496 100.7685661315918
2 0.0521077 0.833333 0.104215 0.141667 0.596031 100.7685661315918
2 0.678571 0.527083 0.0386417 0.0541667 0.619063 100.7685661315918
2 0.343677 0.563542 0.0480094 0.05625 0.628548 100.7685661315918
5 0.303864 0.486458 0.108899 0.177083 0.661086 100.7685661315918
2 0.826112 0.69375 0.0901639 0.1375 0.709655 100.7685661315918
2 0.406323 0.607292 0.0444965 0.0729167 0.808362 100.7685661315918
