2 0.447892 0.463542 0.0316159 0.0354167 0.323202 111.96374893188477
2 0.529274 0.371875 0.0210773 0.0229167 0.32327 111.96374893188477
2 0.453162 0.41875 0.0257611 0.0333333 0.334926 111.96374893188477
2 0.333724 0.503125 0.0327869 0.0520833 0.363984 111.96374893188477
2 0.553864 0.469792 0.028103 0.0479167 0.465474 111.96374893188477
2 0.357143 0.717708 0.103044 0.202083 0.514571 111.96374893188477
2 0.604801 0.484375 0.0269321 0.0479167 0.568161 111.96374893188477
2 0.653396 0.489583 0.0327869 0.05 0.665673 111.96374893188477
2 0.755269 0.951042 0.107728 0.0979167 0.742755 111.96374893188477
2 0.334895 0.571875 0.0468384 0.0604167 0.747619 111.96374893188477
2 0.576698 0.539583 0.0362998 0.0583333 0.777268 111.96374893188477
2 0.418033 0.579167 0.0444965 0.0708333 0.794048 111.96374893188477
2 0.172131 0.684375 0.0843091 0.102083 0.80654 111.96374893188477
2 0.929157 0.834375 0.132318 0.172917 0.841925 111.96374893188477
2 0.177986 0.860417 0.119438 0.170833 0.84355 111.96374893188477
