2 0.452576 0.429167 0.029274 0.0333333 0.25352 113.67511749267578
2 0.566745 0.438542 0.0257611 0.0354167 0.260733 113.67511749267578
2 0.613583 0.447917 0.028103 0.0291667 0.274413 113.67511749267578
2 0.349532 0.471875 0.0316159 0.04375 0.438596 113.67511749267578
2 0.435012 0.5 0.0339578 0.0416667 0.500228 113.67511749267578
2 0.293911 0.548958 0.0374707 0.0520833 0.576868 113.67511749267578
5 0.396955 0.4375 0.0608899 0.120833 0.615078 113.67511749267578
2 0.354801 0.798958 0.0796253 0.139583 0.701168 113.67511749267578
2 0.69555 0.547917 0.0421546 0.0625 0.750012 113.67511749267578
2 0.117681 0.744792 0.113583 0.110417 0.79345 113.67511749267578
2 0.415105 0.588542 0.0433255 0.06875 0.797551 113.67511749267578
2 0.25 0.7125 0.0784543 0.1 0.814092 113.67511749267578
