2 0.410422 0.442708 0.029274 0.0395833 0.253183 90.84081649780273
2 0.456674 0.432292 0.0210773 0.0354167 0.283114 90.84081649780273
2 0.425644 0.460417 0.0503513 0.05 0.295576 90.84081649780273
2 0.311475 0.920833 0.11007 0.15 0.517702 90.84081649780273
2 0.379977 0.4875 0.029274 0.0458333 0.531608 90.84081649780273
2 0.436183 0.476042 0.0316159 0.0520833 0.531874 90.84081649780273
2 0.59192 0.401042 0.0339578 0.0520833 0.566835 90.84081649780273
2 0.281616 0.553125 0.0386417 0.06875 0.634964 90.84081649780273
2 0.642857 0.741667 0.0725995 0.133333 0.640228 90.84081649780273
2 0.350703 0.561458 0.0409836 0.05625 0.676423 90.84081649780273
2 0.120609 0.917708 0.142857 0.164583 0.701937 90.84081649780273
2 0.631733 0.523958 0.0386417 0.05625 0.730878 90.84081649780273
