2 0.542155 0.435417 0.0187354 0.0291667 0.255831 121.0331916809082
2 0.454333 0.446875 0.0257611 0.03125 0.452706 121.0331916809082
2 0.959602 0.903125 0.0807962 0.177083 0.564368 121.0331916809082
5 0.353045 0.440625 0.0807962 0.135417 0.603277 121.0331916809082
2 0.381148 0.501042 0.0362998 0.0479167 0.644681 121.0331916809082
2 0.665105 0.515625 0.0351288 0.0520833 0.647944 121.0331916809082
2 0.70726 0.701042 0.0725995 0.122917 0.672556 121.0331916809082
2 0.607728 0.511458 0.0374707 0.05625 0.733523 121.0331916809082
2 0.436183 0.514583 0.0339578 0.05 0.741735 121.0331916809082
2 0.224824 0.6125 0.0562061 0.0666667 0.764937 121.0331916809082
2 0.316745 0.867708 0.104215 0.164583 0.785819 121.0331916809082
2 0.235948 0.730208 0.0737705 0.110417 0.826637 121.0331916809082
