2 0.182084 0.770833 0.151054 0.233333 0.31735 116.47295951843262
2 0.545082 0.439583 0.0245902 0.0458333 0.37422 116.47295951843262
7 0.283958 0.494792 0.0901639 0.114583 0.389475 116.47295951843262
2 0.39637 0.469792 0.0386417 0.0479167 0.410058 116.47295951843262
2 0.444379 0.467708 0.0269321 0.0395833 0.441471 116.47295951843262
2 0.266979 0.646875 0.0960187 0.122917 0.465246 116.47295951843262
2 0.135831 0.708333 0.0772834 0.0916667 0.660269 116.47295951843262
2 0.369438 0.703125 0.059719 0.0979167 0.661445 116.47295951843262
2 0.361241 0.526042 0.0409836 0.0520833 0.683716 116.47295951843262
2 0.624122 0.520833 0.0444965 0.075 0.708742 116.47295951843262
2 0.427986 0.536458 0.0409836 0.0604167 0.711447 116.47295951843262
2 0.824356 0.688542 0.0702576 0.0979167 0.749788 116.47295951843262
2 0.740047 0.778125 0.107728 0.177083 0.78577 116.47295951843262
