2 0.55445 0.395833 0.0245902 0.0291667 0.251309 106.66847229003906
2 0.368267 0.4625 0.0316159 0.0458333 0.303785 106.66847229003906
2 0.418618 0.436458 0.0245902 0.0395833 0.334922 106.66847229003906
2 0.454333 0.451042 0.028103 0.04375 0.376221 106.66847229003906
2 0.652225 0.798958 0.0866511 0.147917 0.461725 106.66847229003906
2 0.303279 0.532292 0.0374707 0.0520833 0.559222 106.66847229003906
2 0.574941 0.547917 0.0374707 0.0666667 0.709513 106.66847229003906
2 0.425644 0.548958 0.0362998 0.0520833 0.721112 106.66847229003906
2 0.341335 0.89375 0.106557 0.179167 0.742554 106.66847229003906
2 0.730679 0.6 0.0538642 0.0791667 0.75704 106.66847229003906
2 0.300937 0.641667 0.0562061 0.0791667 0.764967 106.66847229003906
2 0.0895785 0.776042 0.120609 0.13125 0.805136 106.66847229003906
