2 0.723068 0.898958 0.125293 0.202083 0.392442 122.03478813171387
2 0.35363 0.547917 0.0444965 0.0625 0.432044 122.03478813171387
7 0.101288 0.773958 0.141686 0.197917 0.434062 122.03478813171387
2 0.30445 0.530208 0.0327869 0.04375 0.509055 122.03478813171387
2 0.354215 0.6125 0.0433255 0.0708333 0.642259 122.03478813171387
2 0.623536 0.515625 0.0362998 0.0520833 0.676131 122.03478813171387
2 0.433841 0.495833 0.0339578 0.0666667 0.74873 122.03478813171387
2 0.217799 0.7875 0.0913349 0.129167 0.774053 122.03478813171387
2 0.316745 0.94375 0.111241 0.1125 0.780921 122.03478813171387
2 0.929742 0.846875 0.131148 0.164583 0.861352 122.03478813171387
