2 0.537471 0.425 0.0234192 0.0375 0.362658 111.63663864135742
2 0.910422 0.965625 0.0971897 0.06875 0.494812 111.63663864135742
2 0.310304 0.519792 0.0327869 0.0479167 0.507192 111.63663864135742
2 0.59192 0.473958 0.0269321 0.0395833 0.523764 111.63663864135742
2 0.453162 0.452083 0.0257611 0.0375 0.524934 111.63663864135742
2 0.39637 0.480208 0.0316159 0.0395833 0.530321 111.63663864135742
2 0.43267 0.5375 0.0386417 0.0541667 0.676284 111.63663864135742
2 0.367682 0.751042 0.0702576 0.127083 0.763923 111.63663864135742
2 0.290398 0.647917 0.0562061 0.0875 0.76851 111.63663864135742
2 0.645785 0.547917 0.0386417 0.0708333 0.789382 111.63663864135742
2 0.876464 0.784375 0.106557 0.14375 0.826234 111.63663864135742
