2 0.416862 0.4375 0.0234192 0.0333333 0.35465 106.24337196350098
2 0.456089 0.446875 0.0245902 0.0395833 0.451727 106.24337196350098
5 0.797424 0.614583 0.206089 0.333333 0.524573 106.24337196350098
2 0.295082 0.547917 0.0421546 0.0541667 0.53299 106.24337196350098
2 0.433255 0.492708 0.030445 0.04375 0.639189 106.24337196350098
2 0.649883 0.473958 0.0398126 0.0729167 0.703705 106.24337196350098
2 0.29918 0.934375 0.127635 0.13125 0.706204 106.24337196350098
2 0.0673302 0.792708 0.127635 0.152083 0.749259 106.24337196350098
2 0.3226 0.598958 0.0480094 0.06875 0.767483 106.24337196350098
2 0.733607 0.736458 0.0854801 0.127083 0.809325 106.24337196350098
2 0.131148 0.926042 0.135831 0.14375 0.861557 106.24337196350098
