7 0.357143 0.433333 0.0468384 0.075 0.260014 114.40873146057129
2 0.368852 0.503125 0.0538642 0.0770833 0.392515 114.40873146057129
2 0.454333 0.448958 0.028103 0.04375 0.423775 114.40873146057129
2 0.632318 0.535417 0.0374707 0.0583333 0.642406 114.40873146057129
2 0.430913 0.511458 0.0374707 0.0479167 0.667321 114.40873146057129
2 0.552108 0.478125 0.0269321 0.04375 0.677847 114.40873146057129
2 0.318501 0.507292 0.0398126 0.0479167 0.679494 114.40873146057129
2 0.234192 0.759375 0.0913349 0.122917 0.741686 114.40873146057129
2 0.385831 0.66875 0.0644028 0.0916667 0.755038 114.40873146057129
2 0.316745 0.873958 0.108899 0.177083 0.780948 114.40873146057129
