2 0.928571 0.963542 0.128806 0.0729167 0.337358 122.52259254455566
2 0.454918 0.445833 0.0245902 0.0333333 0.374869 122.52259254455566
2 0.362412 0.464583 0.029274 0.0375 0.398892 122.52259254455566
2 0.632904 0.469792 0.029274 0.0354167 0.474781 122.52259254455566
2 0.586651 0.45625 0.030445 0.0375 0.5318 122.52259254455566
2 0.394028 0.492708 0.0409836 0.05625 0.585264 122.52259254455566
2 0.557963 0.492708 0.029274 0.04375 0.598899 122.52259254455566
2 0.258782 0.579167 0.0444965 0.0666667 0.641291 122.52259254455566
2 0.614754 0.671875 0.0632318 0.10625 0.702347 122.52259254455566
2 0.417447 0.55 0.0362998 0.0583333 0.70823 122.52259254455566
2 0.289227 0.651042 0.0562061 0.0854167 0.758767 122.52259254455566
2 0.276932 0.9375 0.120609 0.120833 0.810157 122.52259254455566
