2 0.455504 0.427083 0.0234192 0.0291667 0.285617 135.5125904083252
2 0.399883 0.469792 0.0316159 0.04375 0.33801 135.5125904083252
2 0.644028 0.480208 0.030445 0.0395833 0.350756 135.5125904083252
2 0.58548 0.446875 0.0257611 0.0354167 0.402471 135.5125904083252
7 0.669204 0.844792 0.0995316 0.19375 0.431275 135.5125904083252
2 0.552693 0.454167 0.0257611 0.0333333 0.447249 135.5125904083252
2 0.437354 0.482292 0.0316159 0.04375 0.489 135.5125904083252
2 0.312061 0.519792 0.0339578 0.0520833 0.511312 135.5125904083252
2 0.367682 0.521875 0.0351288 0.0479167 0.610485 135.5125904083252
2 0.17623 0.667708 0.087822 0.110417 0.612942 135.5125904083252
2 0.309133 0.941667 0.103044 0.1125 0.62629 135.5125904083252
2 0.62178 0.5375 0.0421546 0.0666667 0.634143 135.5125904083252
2 0.314403 0.616667 0.059719 0.0916667 0.691586 135.5125904083252
2 0.417447 0.572917 0.0386417 0.0625 0.748922 135.5125904083252
