2 0.00995316 0.933333 0.0199063 0.1 0.272407 107.4063777923584
2 0.45082 0.45625 0.0234192 0.0333333 0.355378 107.4063777923584
2 0.272834 0.948958 0.107728 0.102083 0.552548 107.4063777923584
2 0.366511 0.515625 0.0374707 0.05625 0.67562 107.4063777923584
2 0.42623 0.540625 0.0374707 0.0604167 0.694236 107.4063777923584
2 0.270492 0.573958 0.0538642 0.0604167 0.731384 107.4063777923584
2 0.59192 0.596875 0.0456674 0.0770833 0.775008 107.4063777923584
2 0.717799 0.703125 0.0796253 0.13125 0.796784 107.4063777923584
2 0.263466 0.719792 0.088993 0.11875 0.797435 107.4063777923584
5 0.729508 0.528125 0.133489 0.24375 0.8017 107.4063777923584
