2 0.406323 0.45 0.0234192 0.0375 0.272689 104.03680801391602
2 0.346019 0.519792 0.0644028 0.0604167 0.338772 104.03680801391602
2 0.374122 0.446875 0.029274 0.0395833 0.357467 104.03680801391602
2 0.45726 0.441667 0.0222482 0.0375 0.430397 104.03680801391602
2 0.327869 0.511458 0.0327869 0.0395833 0.476974 104.03680801391602
2 0.666862 0.515625 0.0362998 0.0520833 0.478943 104.03680801391602
5 0.385831 0.642708 0.0784543 0.164583 0.569826 104.03680801391602
2 0.425059 0.564583 0.0374707 0.05 0.63543 104.03680801391602
2 0.359485 0.54375 0.0327869 0.0625 0.638221 104.03680801391602
2 0.0562061 0.825 0.112412 0.154167 0.713233 104.03680801391602
