7 0.0269321 0.801042 0.0538642 0.310417 0.372461 125.59795379638672
2 0.401054 0.470833 0.0316159 0.0416667 0.395844 125.59795379638672
7 0.685012 0.498958 0.0796253 0.13125 0.57447 125.59795379638672
2 0.25 0.584375 0.0456674 0.0770833 0.587636 125.59795379638672
2 0.552693 0.471875 0.028103 0.04375 0.618092 125.59795379638672
2 0.425644 0.544792 0.0362998 0.05625 0.621971 125.59795379638672
2 0.325527 0.847917 0.0936768 0.170833 0.689679 125.59795379638672
2 0.162763 0.892708 0.119438 0.160417 0.691573 125.59795379638672
2 0.329625 0.575 0.0456674 0.0625 0.709161 125.59795379638672
2 0.390515 0.6375 0.0480094 0.0791667 0.758417 125.59795379638672
