2 0.454918 0.423958 0.0199063 0.03125 0.252839 110.39447784423828
2 0.351874 0.610417 0.0620609 0.0791667 0.255115 110.39447784423828
2 0.402225 0.46875 0.029274 0.0416667 0.401511 110.39447784423828
7 0.693208 0.509375 0.0843091 0.127083 0.554286 110.39447784423828
5 0.0357143 0.79375 0.0714286 0.329167 0.597834 110.39447784423828
2 0.254684 0.583333 0.0480094 0.075 0.6215 110.39447784423828
2 0.330211 0.826042 0.0936768 0.16875 0.636184 110.39447784423828
2 0.427986 0.535417 0.0339578 0.0541667 0.682279 110.39447784423828
2 0.55445 0.483333 0.0316159 0.0458333 0.69222 110.39447784423828
2 0.331382 0.571875 0.0444965 0.0645833 0.708786 110.39447784423828
2 0.173302 0.865625 0.114754 0.160417 0.748949 110.39447784423828
2 0.393443 0.628125 0.0491803 0.08125 0.753489 110.39447784423828
