2 0.454333 0.45 0.0234192 0.0416667 0.266338 129.1966438293457
2 0.444379 0.48125 0.0269321 0.0458333 0.291277 129.1966438293457
2 0.384075 0.478125 0.0421546 0.0520833 0.293195 129.1966438293457
2 0.622951 0.458333 0.0234192 0.0375 0.327461 129.1966438293457
2 0.581967 0.455208 0.0234192 0.0354167 0.356165 129.1966438293457
2 0.343677 0.479167 0.0269321 0.0458333 0.367463 129.1966438293457
5 0.250585 0.548958 0.0819672 0.16875 0.536825 129.1966438293457
2 0.419204 0.538542 0.0444965 0.06875 0.598062 129.1966438293457
2 0.724824 0.577083 0.0491803 0.0708333 0.693037 129.1966438293457
2 0.336066 0.573958 0.0421546 0.0645833 0.734607 129.1966438293457
2 0.199649 0.810417 0.113583 0.15 0.745229 129.1966438293457
2 0.394614 0.661458 0.0538642 0.0854167 0.756783 129.1966438293457
