2 0.461358 0.417708 0.0234192 0.0354167 0.371724 105.4224967956543
2 0.381148 0.491667 0.0269321 0.0416667 0.390567 105.4224967956543
2 0.332553 0.494792 0.0351288 0.0604167 0.439312 105.4224967956543
2 0.65281 0.722917 0.0854801 0.179167 0.442123 105.4224967956543
2 0.409836 0.458333 0.028103 0.0416667 0.455466 105.4224967956543
2 0.447307 0.488542 0.030445 0.0395833 0.556171 105.4224967956543
2 0.241218 0.615625 0.0632318 0.0770833 0.619948 105.4224967956543
2 0.264052 0.933333 0.172131 0.133333 0.745427 105.4224967956543
2 0.722482 0.576042 0.0538642 0.0770833 0.782329 105.4224967956543
2 0.372951 0.744792 0.0667447 0.110417 0.783268 105.4224967956543
2 0.274005 0.710417 0.0725995 0.116667 0.809309 105.4224967956543
