2 0.370609 0.454167 0.0269321 0.0375 0.303898 111.64498329162598
7 0.326112 0.478125 0.0480094 0.08125 0.402038 111.64498329162598
2 0.555035 0.472917 0.0257611 0.0458333 0.467676 111.64498329162598
2 0.384075 0.627083 0.0679157 0.133333 0.504119 111.64498329162598
2 0.39637 0.470833 0.0316159 0.0458333 0.517281 111.64498329162598
2 0.352459 0.544792 0.0327869 0.0520833 0.534418 111.64498329162598
2 0.442037 0.486458 0.0269321 0.04375 0.574218 111.64498329162598
2 0.241218 0.617708 0.0562061 0.0770833 0.689303 111.64498329162598
2 0.673302 0.508333 0.0444965 0.0666667 0.753817 111.64498329162598
2 0.917447 0.827083 0.120609 0.145833 0.811198 111.64498329162598
2 0.802693 0.825 0.104215 0.183333 0.832701 111.64498329162598
2 0.106557 0.935417 0.131148 0.129167 0.861469 111.64498329162598
