2 0.354801 0.476042 0.028103 0.0395833 0.335673 157.3483943939209
5 0.408665 0.390625 0.0351288 0.0479167 0.352116 157.3483943939209
2 0.641686 0.479167 0.0234192 0.0375 0.356227 157.3483943939209
2 0.451991 0.442708 0.0257611 0.03125 0.385038 157.3483943939209
2 0.397541 0.477083 0.0269321 0.0375 0.435796 157.3483943939209
2 0.305035 0.533333 0.0409836 0.0708333 0.477236 157.3483943939209
2 0.9637 0.877083 0.0725995 0.166667 0.532047 157.3483943939209
2 0.690867 0.872917 0.103044 0.2 0.614652 157.3483943939209
2 0.350117 0.551042 0.0421546 0.05625 0.625259 157.3483943939209
2 0.17623 0.685417 0.0761124 0.0958333 0.741248 157.3483943939209
2 0.241803 0.726042 0.0737705 0.102083 0.761761 157.3483943939209
2 0.381148 0.655208 0.057377 0.0729167 0.796536 157.3483943939209
