2 0.459016 0.414583 0.0257611 0.0333333 0.274303 118.40438842773438
2 0.429742 0.420833 0.0210773 0.0291667 0.275525 118.40438842773438
2 0.602459 0.427083 0.0222482 0.0333333 0.314667 118.40438842773438
2 0.44555 0.459375 0.029274 0.0354167 0.323577 118.40438842773438
2 0.332553 0.492708 0.028103 0.04375 0.329805 118.40438842773438
2 0.405738 0.45 0.0269321 0.0416667 0.345626 118.40438842773438
2 0.5726 0.421875 0.0257611 0.04375 0.421052 118.40438842773438
2 0.384075 0.494792 0.028103 0.0395833 0.478626 118.40438842773438
7 0.357728 0.789583 0.0761124 0.133333 0.481986 118.40438842773438
2 0.609485 0.488542 0.0339578 0.0479167 0.535896 118.40438842773438
2 0.432084 0.530208 0.0351288 0.0520833 0.650939 118.40438842773438
2 0.567916 0.502083 0.0327869 0.05 0.673387 118.40438842773438
2 0.238876 0.595833 0.0632318 0.0875 0.709956 118.40438842773438
2 0.343677 0.561458 0.0503513 0.06875 0.73119 118.40438842773438
2 0.683841 0.529167 0.0398126 0.0583333 0.752571 118.40438842773438
2 0.710187 0.698958 0.0831382 0.139583 0.778515 118.40438842773438
