2 0.637002 0.470833 0.030445 0.0375 0.309099 124.63951110839844
2 0.533372 0.405208 0.0222482 0.0395833 0.356056 124.63951110839844
2 0.439696 0.502083 0.0316159 0.05 0.530927 124.63951110839844
7 0.640515 0.716667 0.0702576 0.141667 0.540105 124.63951110839844
2 0.372365 0.508333 0.0398126 0.05 0.584846 124.63951110839844
2 0.405738 0.571875 0.057377 0.110417 0.639035 124.63951110839844
2 0.0989461 0.951042 0.151054 0.0979167 0.683741 124.63951110839844
2 0.265808 0.573958 0.0491803 0.0645833 0.689158 124.63951110839844
5 0.110656 0.7 0.160422 0.25 0.691908 124.63951110839844
2 0.7863 0.646875 0.0761124 0.102083 0.735509 124.63951110839844
2 0.297424 0.642708 0.058548 0.0979167 0.780483 124.63951110839844
2 0.357143 0.776042 0.0772834 0.122917 0.792677 124.63951110839844
2 0.782787 0.791667 0.101874 0.1625 0.848077 124.63951110839844
