2 0.322014 0.505208 0.0327869 0.04375 0.314678 106.11224174499512
2 0.379391 0.503125 0.030445 0.04375 0.444396 106.11224174499512
2 0.603045 0.4875 0.030445 0.05 0.457217 106.11224174499512
2 0.54918 0.454167 0.028103 0.0375 0.47241 106.11224174499512
2 0.437354 0.492708 0.029274 0.0479167 0.52533 106.11224174499512
2 0.324356 0.584375 0.0444965 0.08125 0.540431 106.11224174499512
2 0.620023 0.720833 0.0667447 0.125 0.606623 106.11224174499512
5 0.63993 0.441667 0.0644028 0.1375 0.613921 106.11224174499512
2 0.175644 0.6875 0.088993 0.104167 0.645457 106.11224174499512
2 0.653396 0.5625 0.0421546 0.0625 0.676763 106.11224174499512
2 0.398126 0.63125 0.0444965 0.0791667 0.683702 106.11224174499512
2 0.755269 0.745833 0.0913349 0.158333 0.764036 106.11224174499512
