2 0.451991 0.448958 0.028103 0.04375 0.282464 131.15715980529785
2 0.578454 0.389583 0.0257611 0.0416667 0.333042 131.15715980529785
2 0.399883 0.463542 0.029274 0.04375 0.410115 131.15715980529785
2 0.354801 0.49375 0.0421546 0.05 0.433078 131.15715980529785
2 0.343091 0.48125 0.030445 0.0458333 0.465039 131.15715980529785
2 0.589578 0.453125 0.0269321 0.0354167 0.479722 131.15715980529785
2 0.363583 0.514583 0.0362998 0.0541667 0.572367 131.15715980529785
2 0.230094 0.607292 0.0503513 0.08125 0.645439 131.15715980529785
2 0.430913 0.502083 0.0351288 0.05 0.669969 131.15715980529785
2 0.56733 0.51875 0.0316159 0.0541667 0.701145 131.15715980529785
2 0.319672 0.6125 0.0491803 0.0708333 0.701277 131.15715980529785
