2 0.466628 0.410417 0.0222482 0.0333333 0.262781 134.32788848876953
2 0.0843091 0.95625 0.135831 0.0875 0.298862 134.32788848876953
2 0.356557 0.491667 0.0362998 0.0541667 0.350064 134.32788848876953
2 0.345433 0.485417 0.0327869 0.0416667 0.396022 134.32788848876953
2 0.444965 0.452083 0.0257611 0.0375 0.518502 134.32788848876953
2 0.401054 0.467708 0.029274 0.0395833 0.598119 134.32788848876953
2 0.604215 0.478125 0.0327869 0.04375 0.613271 134.32788848876953
2 0.364169 0.532292 0.0327869 0.0479167 0.660231 134.32788848876953
2 0.283958 0.551042 0.0409836 0.05625 0.661897 134.32788848876953
2 0.290984 0.929167 0.144028 0.141667 0.679258 134.32788848876953
2 0.790398 0.658333 0.0702576 0.0958333 0.747728 134.32788848876953
2 0.0567916 0.8125 0.113583 0.129167 0.76137 134.32788848876953
2 0.40808 0.578125 0.0456674 0.0645833 0.761545 134.32788848876953
