2 0.443208 0.436458 0.0433255 0.0520833 0.264264 127.17580795288086
2 0.553279 0.461458 0.0245902 0.0395833 0.402727 127.17580795288086
7 0.324356 0.480208 0.058548 0.0895833 0.40517 127.17580795288086
2 0.395199 0.475 0.0316159 0.0458333 0.46819 127.17580795288086
7 0.381733 0.642708 0.0702576 0.147917 0.512352 127.17580795288086
2 0.439696 0.488542 0.0316159 0.0479167 0.575456 127.17580795288086
2 0.34719 0.552083 0.0362998 0.0541667 0.606366 127.17580795288086
2 0.229508 0.628125 0.058548 0.08125 0.703458 127.17580795288086
2 0.758197 0.75 0.0831382 0.141667 0.748263 127.17580795288086
2 0.0837237 0.952083 0.139344 0.0958333 0.763736 127.17580795288086
2 0.66452 0.497917 0.0362998 0.0583333 0.764513 127.17580795288086
2 0.864169 0.7625 0.0960187 0.129167 0.834031 127.17580795288086
