2 0.546253 0.448958 0.0245902 0.0354167 0.264194 151.2606143951416
2 0.384075 0.44375 0.0257611 0.0375 0.280468 151.2606143951416
2 0.417447 0.457292 0.029274 0.04375 0.446625 151.2606143951416
2 0.307963 0.528125 0.0327869 0.0479167 0.457204 151.2606143951416
2 0.435012 0.497917 0.0339578 0.0416667 0.596768 151.2606143951416
2 0.693208 0.544792 0.0351288 0.0479167 0.6033 151.2606143951416
2 0.276932 0.94375 0.122951 0.1125 0.657685 151.2606143951416
2 0.343677 0.558333 0.0409836 0.0583333 0.672823 151.2606143951416
2 0.611827 0.647917 0.057377 0.104167 0.713748 151.2606143951416
2 0.63993 0.547917 0.0433255 0.0708333 0.731213 151.2606143951416
2 0.355386 0.716667 0.0761124 0.1 0.813643 151.2606143951416
