2 0.60363 0.425 0.0222482 0.0375 0.281045 124.04823303222656
2 0.386417 0.479167 0.0351288 0.0458333 0.387356 124.04823303222656
2 0.346604 0.476042 0.028103 0.04375 0.392514 124.04823303222656
2 0.628806 0.4625 0.0257611 0.0458333 0.552974 124.04823303222656
2 0.589578 0.4625 0.0339578 0.0375 0.561911 124.04823303222656
2 0.423302 0.534375 0.0409836 0.06875 0.663921 124.04823303222656
2 0.340749 0.565625 0.0421546 0.0604167 0.698784 124.04823303222656
2 0.216628 0.782292 0.103044 0.139583 0.723942 124.04823303222656
5 0.259368 0.532292 0.0737705 0.160417 0.732396 124.04823303222656
2 0.741803 0.594792 0.0550351 0.0770833 0.780768 124.04823303222656
2 0.399883 0.642708 0.0480094 0.08125 0.783803 124.04823303222656
