2 0.363583 0.463542 0.0245902 0.0395833 0.348552 104.01296615600586
2 0.398126 0.471875 0.028103 0.0354167 0.412731 104.01296615600586
5 0.655152 0.8 0.0901639 0.183333 0.419268 104.01296615600586
2 0.452576 0.440625 0.0222482 0.03125 0.431548 104.01296615600586
2 0.419789 0.529167 0.0339578 0.0541667 0.629569 104.01296615600586
2 0.216628 0.639583 0.058548 0.0791667 0.679619 104.01296615600586
2 0.324356 0.865625 0.114754 0.214583 0.694953 104.01296615600586
2 0.385831 0.619792 0.0503513 0.0770833 0.719099 104.01296615600586
2 0.767564 0.634375 0.0620609 0.0854167 0.781957 104.01296615600586
2 0.233607 0.754167 0.0971897 0.133333 0.829055 104.01296615600586
