2 0.453162 0.45 0.0210773 0.0333333 0.453606 130.18321990966797
2 0.584895 0.455208 0.0339578 0.04375 0.522565 130.18321990966797
2 0.372951 0.50625 0.0339578 0.05 0.603691 130.18321990966797
2 0.430913 0.527083 0.0327869 0.05 0.671625 130.18321990966797
2 0.0392272 0.895833 0.0784543 0.158333 0.695793 130.18321990966797
2 0.2863 0.55625 0.0480094 0.0666667 0.721301 130.18321990966797
2 0.305621 0.909375 0.100703 0.16875 0.730357 130.18321990966797
2 0.618267 0.682292 0.0632318 0.114583 0.760535 130.18321990966797
2 0.289813 0.672917 0.0737705 0.104167 0.773227 130.18321990966797
2 0.800351 0.844792 0.115925 0.20625 0.773233 130.18321990966797
5 0.781616 0.578125 0.179157 0.31875 0.881749 130.18321990966797
