2 0.418033 0.439583 0.028103 0.0416667 0.281205 103.45077514648438
2 0.449063 0.455208 0.0316159 0.0395833 0.377314 103.45077514648438
2 0.351288 0.469792 0.030445 0.04375 0.516729 103.45077514648438
5 0.752927 0.698958 0.124122 0.25625 0.565154 103.45077514648438
2 0.389344 0.484375 0.0316159 0.04375 0.570022 103.45077514648438
2 0.161592 0.701042 0.0983607 0.114583 0.677943 103.45077514648438
2 0.658665 0.502083 0.0386417 0.0541667 0.692699 103.45077514648438
2 0.351288 0.764583 0.0796253 0.129167 0.696144 103.45077514648438
2 0.564403 0.526042 0.0351288 0.0520833 0.714022 103.45077514648438
2 0.168618 0.829167 0.133489 0.175 0.723883 103.45077514648438
2 0.314403 0.605208 0.0503513 0.0729167 0.734625 103.45077514648438
2 0.412763 0.582292 0.0433255 0.0729167 0.812421 103.45077514648438
