2 0.442623 0.395833 0.0210773 0.0333333 0.253188 117.06686019897461
2 0.455504 0.4375 0.028103 0.0416667 0.329398 117.06686019897461
2 0.626464 0.464583 0.028103 0.0333333 0.47789 117.06686019897461
2 0.397541 0.475 0.0269321 0.0375 0.483686 117.06686019897461
2 0.333138 0.50625 0.0362998 0.05 0.59861 117.06686019897461
2 0.555621 0.485417 0.0316159 0.0416667 0.600303 117.06686019897461
2 0.437939 0.496875 0.0327869 0.0479167 0.655352 117.06686019897461
2 0.209602 0.641667 0.0655738 0.0791667 0.705291 117.06686019897461
2 0.387588 0.686458 0.058548 0.0895833 0.718317 117.06686019897461
2 0.686183 0.60625 0.0538642 0.0791667 0.788513 117.06686019897461
2 0.131148 0.927083 0.142857 0.145833 0.795864 117.06686019897461
