2 0.464871 0.416667 0.0234192 0.0375 0.260727 108.95824432373047
2 0.580211 0.441667 0.0222482 0.0333333 0.313561 108.95824432373047
2 0.560304 0.420833 0.0245902 0.0375 0.32825 108.95824432373047
2 0.430328 0.415625 0.0222482 0.0395833 0.36054 108.95824432373047
2 0.668618 0.5125 0.030445 0.0541667 0.457567 108.95824432373047
2 0.440867 0.484375 0.0339578 0.04375 0.645712 108.95824432373047
2 0.361827 0.542708 0.0374707 0.0520833 0.652542 108.95824432373047
2 0.241218 0.598958 0.0515222 0.0729167 0.671063 108.95824432373047
2 0.625293 0.533333 0.0351288 0.0541667 0.68608 108.95824432373047
2 0.406909 0.638542 0.0503513 0.08125 0.738158 108.95824432373047
2 0.129977 0.9125 0.140515 0.166667 0.830746 108.95824432373047
