2 0.401054 0.48125 0.0456674 0.0583333 0.259295 130.1281452178955
2 0.575527 0.380208 0.0222482 0.0354167 0.265476 130.1281452178955
2 0.330211 0.491667 0.030445 0.0416667 0.395842 130.1281452178955
2 0.448478 0.458333 0.030445 0.0416667 0.432682 130.1281452178955
2 0.392857 0.470833 0.029274 0.0458333 0.460261 130.1281452178955
2 0.553864 0.475 0.028103 0.0416667 0.558625 130.1281452178955
2 0.196136 0.651042 0.0761124 0.102083 0.643506 130.1281452178955
2 0.351874 0.532292 0.0409836 0.0604167 0.657689 130.1281452178955
2 0.424473 0.517708 0.0386417 0.0479167 0.773313 130.1281452178955
2 0.296838 0.652083 0.059719 0.0791667 0.77556 130.1281452178955
