2 0.371194 0.49375 0.0632318 0.0541667 0.250389 98.05512428283691
2 0.411593 0.446875 0.0362998 0.0520833 0.281169 98.05512428283691
2 0.44555 0.444792 0.0409836 0.06875 0.306699 98.05512428283691
2 0.44555 0.470833 0.0339578 0.0416667 0.416571 98.05512428283691
2 0.633489 0.465625 0.028103 0.0395833 0.500533 98.05512428283691
2 0.547424 0.471875 0.0269321 0.0395833 0.532511 98.05512428283691
7 0.66452 0.560417 0.0690866 0.141667 0.54447 98.05512428283691
2 0.378806 0.504167 0.0386417 0.05 0.565876 98.05512428283691
2 0.336066 0.485417 0.0327869 0.05 0.579409 98.05512428283691
2 0.316745 0.877083 0.101874 0.175 0.708791 98.05512428283691
2 0.402225 0.617708 0.0503513 0.08125 0.753473 98.05512428283691
2 0.289227 0.648958 0.0562061 0.08125 0.773446 98.05512428283691
2 0.0843091 0.792708 0.131148 0.14375 0.803181 98.05512428283691
2 0.0866511 0.935417 0.168618 0.129167 0.816133 98.05512428283691
