5 0.419789 0.38125 0.0316159 0.0416667 0.257401 107.42568969726562
2 0.346604 0.477083 0.028103 0.0458333 0.283137 107.42568969726562
2 0.459016 0.416667 0.0234192 0.0333333 0.332896 107.42568969726562
2 0.596019 0.409375 0.0234192 0.0395833 0.357569 107.42568969726562
2 0.383489 0.495833 0.0339578 0.0458333 0.52232 107.42568969726562
2 0.422131 0.53125 0.0339578 0.0458333 0.611298 107.42568969726562
2 0.318501 0.588542 0.0515222 0.06875 0.698978 107.42568969726562
2 0.260539 0.576042 0.0362998 0.0645833 0.711354 107.42568969726562
5 0.101288 0.815625 0.200234 0.352083 0.725639 107.42568969726562
2 0.336651 0.789583 0.0854801 0.1375 0.731534 107.42568969726562
2 0.768735 0.638542 0.0667447 0.09375 0.768894 107.42568969726562
