2 0.543326 0.436458 0.028103 0.04375 0.252 128.41010093688965
2 0.443208 0.486458 0.0316159 0.0354167 0.301061 128.41010093688965
2 0.580211 0.445833 0.0245902 0.0333333 0.322496 128.41010093688965
2 0.312646 0.526042 0.0374707 0.0479167 0.389446 128.41010093688965
2 0.62822 0.458333 0.0269321 0.0416667 0.572585 128.41010093688965
5 0.309133 0.845833 0.145199 0.295833 0.579001 128.41010093688965
2 0.555621 0.479167 0.0316159 0.0416667 0.610173 128.41010093688965
2 0.0837237 0.954167 0.155738 0.0916667 0.651102 128.41010093688965
2 0.624707 0.663542 0.0550351 0.0979167 0.730073 128.41010093688965
2 0.406909 0.63125 0.0503513 0.0791667 0.735441 128.41010093688965
2 0.101874 0.766667 0.11007 0.129167 0.746741 128.41010093688965
2 0.308548 0.614583 0.057377 0.075 0.800456 128.41010093688965
2 0.747658 0.616667 0.0620609 0.0958333 0.802043 128.41010093688965
