2 0.430913 0.525 0.0421546 0.05 0.37525 105.65066337585449
2 0.451405 0.453125 0.0269321 0.0354167 0.37735 105.65066337585449
2 0.59192 0.463542 0.0269321 0.0395833 0.4729 105.65066337585449
2 0.644028 0.483333 0.030445 0.0333333 0.505403 105.65066337585449
2 0.181499 0.738542 0.0983607 0.16875 0.518275 105.65066337585449
2 0.310304 0.919792 0.11007 0.15625 0.56633 105.65066337585449
2 0.357143 0.542708 0.0398126 0.05625 0.696059 105.65066337585449
2 0.115925 0.728125 0.0632318 0.10625 0.730996 105.65066337585449
2 0.401639 0.598958 0.0444965 0.0770833 0.764661 105.65066337585449
2 0.601874 0.610417 0.0468384 0.075 0.77452 105.65066337585449
