2 0.612998 0.4375 0.029274 0.0416667 0.290889 106.41765594482422
2 0.342506 0.488542 0.0316159 0.0479167 0.33173 106.41765594482422
2 0.357143 0.502083 0.0491803 0.05 0.346808 106.41765594482422
7 0.285129 0.527083 0.0690866 0.120833 0.472868 106.41765594482422
2 0.440281 0.461458 0.0398126 0.0645833 0.47902 106.41765594482422
5 0.306206 0.848958 0.132318 0.26875 0.572514 106.41765594482422
2 0.683255 0.5375 0.0362998 0.0583333 0.590995 106.41765594482422
2 0.61534 0.504167 0.029274 0.05 0.614622 106.41765594482422
2 0.372365 0.514583 0.0351288 0.05 0.641974 106.41765594482422
2 0.423302 0.545833 0.0339578 0.0583333 0.671656 106.41765594482422
2 0.88466 0.78125 0.0995316 0.1375 0.720419 106.41765594482422
2 0.590164 0.583333 0.0515222 0.0958333 0.733015 106.41765594482422
2 0.306206 0.622917 0.0526932 0.0833333 0.774656 106.41765594482422
2 0.108899 0.78125 0.105386 0.129167 0.788287 106.41765594482422
