2 0.41452 0.432292 0.0468384 0.0645833 0.257763 107.35702514648438
2 0.358314 0.484375 0.0702576 0.0520833 0.326137 107.35702514648438
2 0.442623 0.442708 0.0468384 0.06875 0.333962 107.35702514648438
2 0.538056 0.423958 0.0222482 0.0354167 0.339878 107.35702514648438
2 0.446136 0.465625 0.0327869 0.04375 0.452542 107.35702514648438
2 0.638173 0.471875 0.030445 0.04375 0.496032 107.35702514648438
2 0.382318 0.498958 0.0362998 0.0520833 0.513243 107.35702514648438
7 0.680328 0.585417 0.0843091 0.175 0.557629 107.35702514648438
2 0.553279 0.483333 0.0316159 0.0458333 0.565344 107.35702514648438
2 0.340164 0.482292 0.0316159 0.04375 0.569596 107.35702514648438
2 0.326112 0.841667 0.0948478 0.166667 0.676407 107.35702514648438
2 0.10363 0.917708 0.169789 0.164583 0.698636 107.35702514648438
2 0.105386 0.770833 0.119438 0.133333 0.700146 107.35702514648438
2 0.295667 0.6375 0.057377 0.0791667 0.763732 107.35702514648438
2 0.406323 0.608333 0.0491803 0.0875 0.787271 107.35702514648438
