5 0.405152 0.390625 0.0351288 0.06875 0.310964 115.39435386657715
2 0.390515 0.479167 0.0269321 0.0416667 0.446465 115.39435386657715
2 0.601874 0.489583 0.030445 0.0416667 0.466291 115.39435386657715
2 0.293326 0.53125 0.0339578 0.0541667 0.552047 115.39435386657715
7 0.693794 0.501042 0.0995316 0.18125 0.558425 115.39435386657715
2 0.699063 0.882292 0.12178 0.227083 0.596386 115.39435386657715
2 0.435012 0.486458 0.0316159 0.0479167 0.640814 115.39435386657715
2 0.344848 0.561458 0.0386417 0.0520833 0.641107 115.39435386657715
2 0.392857 0.611458 0.0480094 0.06875 0.703421 115.39435386657715
2 0.311475 0.952083 0.11007 0.0958333 0.716513 115.39435386657715
2 0.171546 0.685417 0.0761124 0.0958333 0.738761 115.39435386657715
2 0.244731 0.736458 0.0866511 0.110417 0.774851 115.39435386657715
2 0.754098 0.748958 0.0936768 0.139583 0.82066 115.39435386657715
