2 0.407494 0.458333 0.028103 0.0416667 0.266229 121.04511260986328
2 0.0696721 0.830208 0.132318 0.152083 0.444007 121.04511260986328
7 0.748244 0.560417 0.107728 0.179167 0.527074 121.04511260986328
5 0.0784543 0.68125 0.135831 0.220833 0.533769 121.04511260986328
2 0.362998 0.725 0.0679157 0.125 0.577259 121.04511260986328
2 0.435012 0.5125 0.0316159 0.05 0.579628 121.04511260986328
2 0.282201 0.55 0.0444965 0.0708333 0.588035 121.04511260986328
2 0.345433 0.548958 0.0374707 0.0520833 0.679712 121.04511260986328
2 0.571429 0.5375 0.0374707 0.0583333 0.737849 121.04511260986328
2 0.40808 0.585417 0.0386417 0.0666667 0.765357 121.04511260986328
2 0.233021 0.758333 0.0843091 0.120833 0.816099 121.04511260986328
