2 0.547424 0.442708 0.0269321 0.0395833 0.444497 100.95429420471191
2 0.294496 0.53125 0.0362998 0.0583333 0.507479 100.95429420471191
5 0.625293 0.436458 0.058548 0.102083 0.549844 100.95429420471191
2 0.439696 0.488542 0.0339578 0.0520833 0.590413 100.95429420471191
2 0.683255 0.883333 0.111241 0.220833 0.601491 100.95429420471191
2 0.349532 0.788542 0.087822 0.160417 0.606598 100.95429420471191
2 0.969555 0.910417 0.0608899 0.141667 0.672379 100.95429420471191
2 0.739461 0.609375 0.059719 0.0895833 0.722798 100.95429420471191
2 0.876464 0.913542 0.141686 0.164583 0.749109 100.95429420471191
2 0.590164 0.584375 0.0468384 0.0729167 0.749295 100.95429420471191
2 0.40281 0.608333 0.0468384 0.075 0.751807 100.95429420471191
