2 0.557377 0.425 0.0234192 0.0375 0.250026 123.08073043823242
5 0.415105 0.386458 0.0362998 0.06875 0.250294 123.08073043823242
2 0.403396 0.45625 0.0245902 0.0375 0.351276 123.08073043823242
2 0.443794 0.459375 0.028103 0.0395833 0.431661 123.08073043823242
5 0.790398 0.565625 0.173302 0.252083 0.485806 123.08073043823242
2 0.320258 0.497917 0.0316159 0.0458333 0.504422 123.08073043823242
7 0.850703 0.660417 0.106557 0.220833 0.574442 123.08073043823242
2 0.555621 0.482292 0.0316159 0.0479167 0.57562 123.08073043823242
2 0.371194 0.514583 0.0351288 0.05 0.584522 123.08073043823242
2 0.237705 0.603125 0.0444965 0.0729167 0.624504 123.08073043823242
2 0.309133 0.626042 0.0515222 0.0729167 0.738684 123.08073043823242
2 0.413934 0.55 0.0386417 0.0583333 0.743203 123.08073043823242
2 0.173302 0.857292 0.131148 0.177083 0.756142 123.08073043823242
2 0.659251 0.59375 0.0444965 0.0666667 0.79977 123.08073043823242
2 0.369438 0.760417 0.0714286 0.120833 0.809117 123.08073043823242
