2 0.42623 0.460417 0.0515222 0.05 0.282455 104.43878173828125
2 0.358899 0.463542 0.0245902 0.0395833 0.29682 104.43878173828125
2 0.456674 0.434375 0.0210773 0.03125 0.306308 104.43878173828125
2 0.589578 0.396875 0.0316159 0.0520833 0.44699 104.43878173828125
2 0.435597 0.48125 0.0351288 0.0458333 0.525787 104.43878173828125
2 0.377049 0.490625 0.030445 0.0479167 0.581875 104.43878173828125
2 0.302693 0.942708 0.108899 0.114583 0.643401 104.43878173828125
2 0.275761 0.559375 0.0433255 0.0645833 0.693615 104.43878173828125
2 0.0977752 0.936458 0.155738 0.127083 0.6953 104.43878173828125
2 0.62178 0.509375 0.0351288 0.0604167 0.727362 104.43878173828125
2 0.346604 0.566667 0.0421546 0.0583333 0.772134 104.43878173828125
2 0.620023 0.680208 0.059719 0.0979167 0.797978 104.43878173828125
