2 0.543911 0.453125 0.0245902 0.0354167 0.361769 162.98437118530273
2 0.454918 0.447917 0.029274 0.0416667 0.434283 162.98437118530273
2 0.345433 0.471875 0.028103 0.04375 0.512369 162.98437118530273
2 0.634075 0.464583 0.0316159 0.0416667 0.572884 162.98437118530273
2 0.219555 0.778125 0.104215 0.139583 0.585879 162.98437118530273
2 0.0579625 0.83125 0.115925 0.141667 0.595714 162.98437118530273
5 0.715457 0.526042 0.112412 0.214583 0.696785 162.98437118530273
2 0.430328 0.519792 0.0362998 0.0520833 0.696907 162.98437118530273
2 0.39637 0.6125 0.0503513 0.0916667 0.74424 162.98437118530273
2 0.583724 0.552083 0.0433255 0.0708333 0.802014 162.98437118530273
