2 0.558548 0.419792 0.0234192 0.0354167 0.303432 111.43898963928223
2 0.451405 0.440625 0.0269321 0.03125 0.357918 111.43898963928223
2 0.337237 0.488542 0.0327869 0.04375 0.453112 111.43898963928223
2 0.654567 0.49375 0.0327869 0.05 0.546827 111.43898963928223
5 0.387588 0.444792 0.0702576 0.135417 0.657232 111.43898963928223
2 0.429157 0.520833 0.0386417 0.0458333 0.692052 111.43898963928223
2 0.272248 0.572917 0.0480094 0.0583333 0.704602 111.43898963928223
2 0.40281 0.63125 0.0468384 0.075 0.752131 111.43898963928223
2 0.190281 0.8125 0.113583 0.1375 0.765768 111.43898963928223
2 0.314403 0.938542 0.108899 0.11875 0.76796 111.43898963928223
2 0.0556206 0.841667 0.111241 0.145833 0.844715 111.43898963928223
