2 0.636417 0.470833 0.0316159 0.0416667 0.296339 111.60707473754883
2 0.221311 0.7125 0.114754 0.170833 0.300592 111.60707473754883
7 0.289813 0.496875 0.0761124 0.114583 0.325449 111.60707473754883
2 0.400468 0.465625 0.030445 0.04375 0.357469 111.60707473754883
2 0.54918 0.452083 0.0257611 0.0458333 0.379404 111.60707473754883
2 0.447307 0.461458 0.030445 0.04375 0.386784 111.60707473754883
2 0.283372 0.613542 0.0866511 0.102083 0.40237 111.60707473754883
2 0.173302 0.958333 0.0398126 0.075 0.463609 111.60707473754883
2 0.907494 0.794792 0.0913349 0.11875 0.607828 111.60707473754883
2 0.369438 0.513542 0.0409836 0.0479167 0.626567 111.60707473754883
2 0.863583 0.930208 0.165105 0.139583 0.675249 111.60707473754883
2 0.431499 0.527083 0.0339578 0.05 0.676937 111.60707473754883
2 0.644614 0.55625 0.0503513 0.0875 0.69728 111.60707473754883
2 0.37822 0.66875 0.0562061 0.0916667 0.714492 111.60707473754883
2 0.169789 0.671875 0.0655738 0.0895833 0.730487 111.60707473754883
