2 0.446721 0.448958 0.0269321 0.0354167 0.338594 110.91399192810059
2 0.361241 0.465625 0.0245902 0.0395833 0.339653 110.91399192810059
7 0.588408 0.441667 0.0339578 0.075 0.363518 110.91399192810059
2 0.392272 0.479167 0.030445 0.0416667 0.420451 110.91399192810059
2 0.290398 0.535417 0.0398126 0.0583333 0.720421 110.91399192810059
2 0.428571 0.5125 0.0374707 0.0541667 0.723164 110.91399192810059
2 0.353045 0.548958 0.0386417 0.05625 0.746039 110.91399192810059
2 0.354801 0.779167 0.0819672 0.1375 0.75895 110.91399192810059
2 0.906909 0.7875 0.108899 0.15 0.766728 110.91399192810059
2 0.179742 0.840625 0.115925 0.139583 0.814089 110.91399192810059
