7 0.340164 0.445833 0.0456674 0.075 0.269571 95.64423561096191
5 0.135246 0.6375 0.265808 0.370833 0.411871 95.64423561096191
2 0.618267 0.446875 0.028103 0.0354167 0.438086 95.64423561096191
2 0.712529 0.553125 0.0550351 0.0854167 0.495665 95.64423561096191
2 0.898712 0.79375 0.108899 0.170833 0.499983 95.64423561096191
2 0.390515 0.482292 0.0269321 0.0395833 0.507119 95.64423561096191
2 0.439696 0.501042 0.0316159 0.0479167 0.587439 95.64423561096191
2 0.346019 0.557292 0.0433255 0.0729167 0.642116 95.64423561096191
2 0.570258 0.538542 0.0374707 0.05625 0.67209 95.64423561096191
2 0.397541 0.620833 0.0503513 0.0791667 0.758145 95.64423561096191
2 0.299766 0.648958 0.0538642 0.08125 0.783533 95.64423561096191
2 0.196136 0.838542 0.127635 0.15625 0.838422 95.64423561096191
