2 0.593091 0.470833 0.0269321 0.0375 0.322695 123.0621337890625
2 0.429742 0.419792 0.0210773 0.0354167 0.335491 123.0621337890625
2 0.461944 0.41875 0.0245902 0.0291667 0.345421 123.0621337890625
5 0.360656 0.433333 0.0632318 0.1 0.501798 123.0621337890625
2 0.434426 0.498958 0.030445 0.0479167 0.602034 123.0621337890625
2 0.29274 0.545833 0.0421546 0.0583333 0.658827 123.0621337890625
2 0.740047 0.689583 0.0772834 0.141667 0.668465 123.0621337890625
2 0.782787 0.64375 0.059719 0.0916667 0.682265 123.0621337890625
2 0.262295 0.704167 0.0679157 0.1 0.711823 123.0621337890625
2 0.200234 0.660417 0.0655738 0.0833333 0.730137 123.0621337890625
2 0.382904 0.647917 0.0562061 0.0833333 0.824316 123.0621337890625
