2 0.454918 0.4375 0.0222482 0.0291667 0.332349 103.23858261108398
2 0.546838 0.453125 0.0210773 0.0354167 0.394443 103.23858261108398
2 0.389344 0.486458 0.0339578 0.0479167 0.488803 103.23858261108398
5 0.357728 0.4375 0.0667447 0.125 0.54007 103.23858261108398
2 0.43911 0.5 0.030445 0.0458333 0.597752 103.23858261108398
2 0.251756 0.58125 0.0444965 0.0625 0.644472 103.23858261108398
2 0.270492 0.672917 0.0655738 0.0916667 0.711203 103.23858261108398
2 0.0199063 0.897917 0.0398126 0.120833 0.724688 103.23858261108398
2 0.696136 0.55625 0.0409836 0.0625 0.758917 103.23858261108398
2 0.345433 0.771875 0.0796253 0.114583 0.770069 103.23858261108398
2 0.632318 0.557292 0.0468384 0.06875 0.833338 103.23858261108398
2 0.812646 0.898958 0.12178 0.197917 0.839079 103.23858261108398
