2 0.55445 0.402083 0.0245902 0.0333333 0.253856 123.08454513549805
2 0.548009 0.455208 0.028103 0.0395833 0.325844 123.08454513549805
2 0.347775 0.486458 0.0351288 0.0479167 0.430819 123.08454513549805
2 0.648712 0.491667 0.0327869 0.0416667 0.475695 123.08454513549805
2 0.408665 0.45625 0.0351288 0.05 0.48823 123.08454513549805
2 0.44555 0.475 0.0316159 0.0458333 0.523261 123.08454513549805
2 0.569672 0.529167 0.0362998 0.0541667 0.662699 123.08454513549805
2 0.248244 0.597917 0.0515222 0.075 0.695648 123.08454513549805
2 0.40281 0.626042 0.0468384 0.0729167 0.762161 123.08454513549805
2 0.215457 0.796875 0.100703 0.13125 0.822451 123.08454513549805
2 0.780445 0.759375 0.0925059 0.147917 0.850918 123.08454513549805
