2 0.367682 0.453125 0.0257611 0.03125 0.280967 127.64167785644531
2 0.400468 0.470833 0.028103 0.0375 0.291564 127.64167785644531
2 0.458431 0.416667 0.0269321 0.0458333 0.322279 127.64167785644531
2 0.332553 0.502083 0.0351288 0.05 0.478084 127.64167785644531
2 0.106557 0.777083 0.105386 0.116667 0.609406 127.64167785644531
2 0.747073 0.944792 0.107728 0.110417 0.667683 127.64167785644531
2 0.419204 0.527083 0.0327869 0.05 0.683454 127.64167785644531
2 0.584895 0.545833 0.0409836 0.0583333 0.708418 127.64167785644531
2 0.790984 0.663542 0.0714286 0.09375 0.730943 127.64167785644531
2 0.384075 0.686458 0.0632318 0.0895833 0.74722 127.64167785644531
