2 0.580796 0.445833 0.0234192 0.0333333 0.251881 131.26325607299805
2 0.356557 0.519792 0.0456674 0.0729167 0.26073 131.26325607299805
2 0.330211 0.565625 0.0913349 0.114583 0.285079 131.26325607299805
2 0.453162 0.436458 0.028103 0.0354167 0.287209 131.26325607299805
2 0.892857 0.908333 0.172131 0.183333 0.35246 131.26325607299805
5 0.319672 0.459375 0.0538642 0.0979167 0.393129 131.26325607299805
2 0.591335 0.588542 0.0468384 0.0895833 0.435755 131.26325607299805
2 0.443208 0.483333 0.0316159 0.0416667 0.542086 131.26325607299805
2 0.721311 0.569792 0.0468384 0.06875 0.705628 131.26325607299805
2 0.264052 0.569792 0.0480094 0.0604167 0.740658 131.26325607299805
2 0.409251 0.572917 0.0386417 0.0583333 0.746089 131.26325607299805
2 0.320258 0.88125 0.101874 0.158333 0.830732 131.26325607299805
