2 0.38993 0.466667 0.0421546 0.0791667 0.254611 178.6348819732666
2 0.451991 0.45625 0.030445 0.0416667 0.391928 178.6348819732666
2 0.617682 0.445833 0.0245902 0.0333333 0.422911 178.6348819732666
2 0.334895 0.484375 0.030445 0.0479167 0.451958 178.6348819732666
5 0.680913 0.489583 0.0925059 0.158333 0.560334 178.6348819732666
2 0.739461 0.966667 0.115925 0.0666667 0.582995 178.6348819732666
2 0.0169789 0.917708 0.0339578 0.102083 0.625957 178.6348819732666
2 0.422717 0.538542 0.0374707 0.05625 0.712251 178.6348819732666
2 0.384075 0.647917 0.0562061 0.1 0.739091 178.6348819732666
2 0.569087 0.50625 0.0351288 0.0583333 0.745029 178.6348819732666
2 0.154567 0.892708 0.135831 0.177083 0.832946 178.6348819732666
