7 0.379977 0.433333 0.0316159 0.0458333 0.27274 139.05692100524902
2 0.532787 0.395833 0.0210773 0.0291667 0.303819 139.05692100524902
2 0.448478 0.452083 0.0257611 0.0375 0.380652 139.05692100524902
2 0.382318 0.485417 0.0339578 0.0458333 0.450429 139.05692100524902
2 0.552108 0.460417 0.029274 0.0333333 0.456959 139.05692100524902
2 0.5726 0.423958 0.0257611 0.04375 0.523089 139.05692100524902
2 0.229508 0.61875 0.0468384 0.0708333 0.621106 139.05692100524902
2 0.687939 0.534375 0.0362998 0.0479167 0.657248 139.05692100524902
2 0.645785 0.567708 0.0409836 0.05625 0.663378 139.05692100524902
2 0.257026 0.702083 0.0620609 0.0958333 0.738855 139.05692100524902
2 0.429742 0.522917 0.0351288 0.0583333 0.740133 139.05692100524902
2 0.824941 0.7 0.0784543 0.1125 0.751816 139.05692100524902
2 0.354215 0.536458 0.0409836 0.0604167 0.760987 139.05692100524902
