2 0.398126 0.45625 0.028103 0.0583333 0.268335 113.13509941101074
2 0.59719 0.466667 0.028103 0.0416667 0.350611 113.13509941101074
2 0.276932 0.557292 0.0409836 0.0604167 0.580894 113.13509941101074
2 0.330796 0.583333 0.0480094 0.0708333 0.679418 113.13509941101074
2 0.61007 0.629167 0.058548 0.104167 0.680984 113.13509941101074
2 0.429157 0.516667 0.0409836 0.0666667 0.734093 113.13509941101074
2 0.338407 0.680208 0.0538642 0.0854167 0.734907 113.13509941101074
2 0.770492 0.646875 0.058548 0.0854167 0.739548 113.13509941101074
2 0.045082 0.885417 0.0901639 0.2 0.770575 113.13509941101074
2 0.129391 0.921875 0.137002 0.147917 0.80752 113.13509941101074
