2 0.544496 0.45 0.0234192 0.0333333 0.309686 105.43656349182129
2 0.45082 0.458333 0.028103 0.0375 0.421415 105.43656349182129
2 0.359485 0.513542 0.0608899 0.0854167 0.47404 105.43656349182129
2 0.613583 0.504167 0.030445 0.0416667 0.564289 105.43656349182129
2 0.186768 0.85 0.120609 0.154167 0.579645 105.43656349182129
2 0.910422 0.809375 0.137002 0.16875 0.604871 105.43656349182129
2 0.42623 0.528125 0.0327869 0.0479167 0.611632 105.43656349182129
2 0.306792 0.523958 0.0444965 0.0520833 0.704848 105.43656349182129
2 0.372365 0.715625 0.0702576 0.0979167 0.775003 105.43656349182129
2 0.2863 0.929167 0.129977 0.141667 0.839435 105.43656349182129
