2 0.454333 0.448958 0.0210773 0.03125 0.470213 113.2361888885498
2 0.586066 0.459375 0.0339578 0.0479167 0.514781 113.2361888885498
2 0.313817 0.88125 0.0960187 0.158333 0.5733 113.2361888885498
2 0.843677 0.895833 0.14637 0.208333 0.597062 113.2361888885498
2 0.432084 0.517708 0.0327869 0.05625 0.647069 113.2361888885498
2 0.377635 0.501042 0.0316159 0.0479167 0.648171 113.2361888885498
2 0.289227 0.551042 0.0468384 0.0604167 0.679096 113.2361888885498
2 0.0456674 0.877083 0.0913349 0.158333 0.71449 113.2361888885498
5 0.793911 0.592708 0.196721 0.34375 0.734846 113.2361888885498
2 0.627049 0.711458 0.0644028 0.13125 0.768103 113.2361888885498
2 0.297424 0.659375 0.0655738 0.102083 0.768548 113.2361888885498
