2 0.565574 0.388542 0.0163934 0.01875 0.255804 118.26395988464355
2 0.427986 0.391667 0.0245902 0.0291667 0.284079 118.26395988464355
2 0.454918 0.427083 0.0339578 0.05 0.314554 118.26395988464355
2 0.563232 0.477083 0.0257611 0.0375 0.331821 118.26395988464355
2 0.388759 0.488542 0.030445 0.04375 0.339168 118.26395988464355
2 0.354801 0.470833 0.0327869 0.0416667 0.391885 118.26395988464355
2 0.312646 0.521875 0.0374707 0.0479167 0.485866 118.26395988464355
2 0.0380562 0.898958 0.0761124 0.152083 0.56507 118.26395988464355
2 0.694379 0.542708 0.0421546 0.0604167 0.640902 118.26395988464355
2 0.354215 0.78125 0.0807962 0.125 0.699082 118.26395988464355
2 0.408665 0.55625 0.0398126 0.0666667 0.734551 118.26395988464355
2 0.617682 0.645833 0.059719 0.0916667 0.784195 118.26395988464355
