7 0.622365 0.438542 0.0316159 0.05625 0.252649 119.659423828125
2 0.326698 0.502083 0.030445 0.0458333 0.313846 119.659423828125
2 0.410422 0.452083 0.0269321 0.0333333 0.317823 119.659423828125
7 0.615925 0.421875 0.0468384 0.0979167 0.368535 119.659423828125
2 0.29274 0.908333 0.133489 0.166667 0.415958 119.659423828125
2 0.597775 0.472917 0.0245902 0.0375 0.426302 119.659423828125
5 0.383489 0.4125 0.0409836 0.0833333 0.43003 119.659423828125
2 0.632904 0.709375 0.0714286 0.147917 0.48639 119.659423828125
2 0.455504 0.45 0.0257611 0.0333333 0.50116 119.659423828125
2 0.352459 0.538542 0.0351288 0.05625 0.583228 119.659423828125
2 0.553279 0.476042 0.029274 0.0479167 0.637725 119.659423828125
2 0.207845 0.632292 0.0550351 0.08125 0.650325 119.659423828125
2 0.643443 0.567708 0.0456674 0.0645833 0.694197 119.659423828125
2 0.406323 0.573958 0.0468384 0.06875 0.798074 119.659423828125
2 0.242389 0.7375 0.0866511 0.1125 0.818918 119.659423828125
