2 0.451405 0.444792 0.0269321 0.03125 0.459428 99.0438461303711
2 0.333724 0.495833 0.0327869 0.0458333 0.46108 99.0438461303711
2 0.64637 0.485417 0.0327869 0.0416667 0.570846 99.0438461303711
2 0.298595 0.9625 0.103044 0.075 0.573468 99.0438461303711
2 0.427986 0.527083 0.0339578 0.05 0.646723 99.0438461303711
5 0.385831 0.451042 0.0714286 0.135417 0.647417 99.0438461303711
2 0.264637 0.585417 0.0444965 0.0666667 0.663145 99.0438461303711
2 0.174473 0.845833 0.126464 0.154167 0.718273 99.0438461303711
2 0.043911 0.86875 0.087822 0.1375 0.745549 99.0438461303711
2 0.397541 0.65 0.0503513 0.0791667 0.838146 99.0438461303711
