2 0.578454 0.441667 0.028103 0.0416667 0.26749 91.7809009552002
2 0.454333 0.439583 0.0234192 0.0333333 0.427629 91.7809009552002
5 0.114169 0.805208 0.225995 0.364583 0.448778 91.7809009552002
2 0.668033 0.509375 0.0339578 0.04375 0.479882 91.7809009552002
2 0.331382 0.497917 0.0351288 0.05 0.498453 91.7809009552002
2 0.282787 0.938542 0.127635 0.11875 0.534386 91.7809009552002
7 0.206674 0.572917 0.148712 0.204167 0.56199 91.7809009552002
2 0.578454 0.490625 0.0327869 0.0479167 0.584665 91.7809009552002
2 0.372951 0.511458 0.0339578 0.0479167 0.626907 91.7809009552002
2 0.433255 0.509375 0.0327869 0.0479167 0.62768 91.7809009552002
2 0.936768 0.872917 0.126464 0.195833 0.704802 91.7809009552002
2 0.316745 0.608333 0.0526932 0.0708333 0.776188 91.7809009552002
2 0.406909 0.61875 0.0503513 0.0833333 0.789347 91.7809009552002
