2 0.742389 0.961458 0.119438 0.0770833 0.316737 103.64389419555664
2 0.358314 0.513542 0.058548 0.0854167 0.383743 103.64389419555664
2 0.450234 0.459375 0.029274 0.0395833 0.452912 103.64389419555664
2 0.61007 0.496875 0.0327869 0.04375 0.525496 103.64389419555664
2 0.894614 0.7875 0.124122 0.1625 0.556888 103.64389419555664
2 0.425644 0.530208 0.0316159 0.0479167 0.669711 103.64389419555664
2 0.305621 0.527083 0.0444965 0.0541667 0.713546 103.64389419555664
2 0.178571 0.863542 0.125293 0.16875 0.773098 103.64389419555664
2 0.371194 0.721875 0.0749414 0.09375 0.789174 103.64389419555664
2 0.283958 0.936458 0.129977 0.127083 0.874039 103.64389419555664
