2 0.382904 0.434375 0.0257611 0.0395833 0.252325 115.54121971130371
2 0.430913 0.416667 0.0234192 0.0375 0.281244 115.54121971130371
2 0.411007 0.438542 0.030445 0.0395833 0.293272 115.54121971130371
2 0.457845 0.430208 0.028103 0.03125 0.50581 115.54121971130371
2 0.345433 0.4875 0.0327869 0.0375 0.5176 115.54121971130371
2 0.37822 0.510417 0.030445 0.0583333 0.522508 115.54121971130371
2 0.437354 0.533333 0.0316159 0.05 0.545937 115.54121971130371
2 0.735363 0.603125 0.0491803 0.0770833 0.674632 115.54121971130371
2 0.405152 0.590625 0.0632318 0.13125 0.701299 115.54121971130371
2 0.138173 0.713542 0.0983607 0.114583 0.832742 115.54121971130371
2 0.144614 0.908333 0.144028 0.166667 0.876556 115.54121971130371
