2 0.392272 0.467708 0.028103 0.0395833 0.342907 119.04048919677734
2 0.58548 0.442708 0.030445 0.0520833 0.507211 119.04048919677734
2 0.269321 0.575 0.0421546 0.0625 0.530567 119.04048919677734
2 0.437354 0.497917 0.0316159 0.05 0.600514 119.04048919677734
2 0.294496 0.636458 0.0503513 0.0770833 0.728034 119.04048919677734
2 0.292155 0.93125 0.122951 0.133333 0.730986 119.04048919677734
2 0.37178 0.508333 0.0386417 0.0458333 0.737989 119.04048919677734
2 0.755269 0.619792 0.058548 0.08125 0.749213 119.04048919677734
2 0.563817 0.504167 0.0316159 0.0458333 0.749744 119.04048919677734
2 0.727752 0.715625 0.0714286 0.110417 0.753752 119.04048919677734
2 0.0374707 0.884375 0.0749414 0.152083 0.798735 119.04048919677734
2 0.141686 0.909375 0.128806 0.164583 0.871846 119.04048919677734
