2 0.547424 0.451042 0.0245902 0.0354167 0.349511 138.6432647705078
2 0.418033 0.455208 0.030445 0.04375 0.423202 138.6432647705078
2 0.31089 0.53125 0.0362998 0.0583333 0.462148 138.6432647705078
2 0.435012 0.496875 0.0316159 0.0395833 0.567908 138.6432647705078
2 0.345433 0.553125 0.0398126 0.05625 0.631616 138.6432647705078
2 0.697892 0.548958 0.0374707 0.0520833 0.660719 138.6432647705078
2 0.643443 0.55 0.0456674 0.0708333 0.710934 138.6432647705078
2 0.277518 0.944792 0.124122 0.110417 0.725167 138.6432647705078
2 0.617096 0.664583 0.0608899 0.104167 0.778314 138.6432647705078
2 0.358899 0.711458 0.0714286 0.0979167 0.805048 138.6432647705078
