2 0.538056 0.426042 0.0269321 0.0354167 0.345169 129.90617752075195
2 0.5726 0.421875 0.0257611 0.0354167 0.356484 129.90617752075195
2 0.406323 0.452083 0.0374707 0.0458333 0.399137 129.90617752075195
7 0.673302 0.802083 0.0960187 0.191667 0.41963 129.90617752075195
2 0.446136 0.459375 0.0327869 0.0479167 0.557649 129.90617752075195
2 0.579625 0.53125 0.0374707 0.0583333 0.695378 129.90617752075195
2 0.762881 0.636458 0.0644028 0.0854167 0.738779 129.90617752075195
2 0.409251 0.602083 0.0456674 0.0708333 0.784156 129.90617752075195
2 0.334309 0.5875 0.0409836 0.0666667 0.787818 129.90617752075195
2 0.135246 0.725 0.104215 0.116667 0.797474 129.90617752075195
