2 0.545667 0.447917 0.0234192 0.0375 0.252195 104.44092750549316
5 0.410422 0.390625 0.0386417 0.06875 0.257217 104.44092750549316
2 0.39637 0.466667 0.029274 0.0458333 0.470809 104.44092750549316
2 0.437939 0.473958 0.028103 0.04375 0.500126 104.44092750549316
2 0.615925 0.517708 0.030445 0.0479167 0.547275 104.44092750549316
2 0.305035 0.515625 0.0339578 0.0520833 0.551676 104.44092750549316
2 0.357143 0.54375 0.0374707 0.0541667 0.636093 104.44092750549316
7 0.723653 0.526042 0.117096 0.222917 0.656807 104.44092750549316
2 0.331382 0.902083 0.105386 0.175 0.707763 104.44092750549316
2 0.40281 0.586458 0.0421546 0.0645833 0.714136 104.44092750549316
2 0.199649 0.652083 0.0644028 0.0833333 0.720584 104.44092750549316
2 0.868852 0.908333 0.17096 0.183333 0.7553 104.44092750549316
2 0.272834 0.686458 0.0632318 0.09375 0.756831 104.44092750549316
2 0.0825527 0.953125 0.162763 0.09375 0.76145 104.44092750549316
