2 0.593677 0.4125 0.0234192 0.0291667 0.25585 120.38564682006836
2 0.453747 0.453125 0.0222482 0.03125 0.293126 120.38564682006836
2 0.639344 0.476042 0.028103 0.0395833 0.29576 120.38564682006836
2 0.581382 0.448958 0.0269321 0.03125 0.319865 120.38564682006836
2 0.401639 0.465625 0.028103 0.0395833 0.499923 120.38564682006836
2 0.3226 0.5125 0.029274 0.0458333 0.506053 120.38564682006836
2 0.0187354 0.936458 0.0374707 0.10625 0.512134 120.38564682006836
7 0.245316 0.564583 0.0925059 0.1375 0.565737 120.38564682006836
2 0.553864 0.477083 0.028103 0.0583333 0.598283 120.38564682006836
2 0.430913 0.49375 0.0374707 0.0791667 0.632624 120.38564682006836
2 0.354215 0.55 0.0386417 0.0625 0.663518 120.38564682006836
2 0.731265 0.589583 0.0480094 0.0708333 0.729309 120.38564682006836
2 0.262295 0.697917 0.0608899 0.104167 0.769026 120.38564682006836
2 0.406909 0.6 0.0409836 0.0708333 0.813998 120.38564682006836
