2 0.57904 0.398958 0.0222482 0.0270833 0.300106 92.03648567199707
2 0.605386 0.428125 0.028103 0.04375 0.434013 92.03648567199707
2 0.606557 0.498958 0.0327869 0.04375 0.488019 92.03648567199707
2 0.40281 0.4625 0.0257611 0.0375 0.555834 92.03648567199707
2 0.444965 0.477083 0.028103 0.0416667 0.578543 92.03648567199707
2 0.252342 0.720833 0.0831382 0.104167 0.648828 92.03648567199707
7 0.663349 0.471875 0.0784543 0.139583 0.69985 92.03648567199707
2 0.224824 0.628125 0.058548 0.0729167 0.732927 92.03648567199707
2 0.600703 0.607292 0.0491803 0.09375 0.747342 92.03648567199707
2 0.412178 0.554167 0.0374707 0.0583333 0.773968 92.03648567199707
