2 0.426815 0.447917 0.029274 0.0416667 0.271051 109.62033271789551
2 0.342506 0.529167 0.0667447 0.0541667 0.280665 109.62033271789551
2 0.579625 0.390625 0.0257611 0.04375 0.299683 109.62033271789551
2 0.638759 0.469792 0.0245902 0.0354167 0.323297 109.62033271789551
2 0.430913 0.463542 0.0374707 0.0479167 0.324493 109.62033271789551
2 0.298595 0.905208 0.0983607 0.177083 0.403099 109.62033271789551
2 0.438525 0.486458 0.029274 0.0395833 0.50049 109.62033271789551
2 0.319087 0.515625 0.029274 0.04375 0.513404 109.62033271789551
2 0.552108 0.464583 0.0269321 0.0416667 0.518591 109.62033271789551
2 0.355386 0.542708 0.0362998 0.0520833 0.635991 109.62033271789551
2 0.0374707 0.891667 0.0749414 0.154167 0.67271 109.62033271789551
2 0.670375 0.6 0.057377 0.0916667 0.704051 109.62033271789551
2 0.723068 0.578125 0.0409836 0.0645833 0.738964 109.62033271789551
2 0.653981 0.765625 0.0854801 0.160417 0.741162 109.62033271789551
2 0.37178 0.669792 0.059719 0.0895833 0.781695 109.62033271789551
