2 0.439696 0.501042 0.0362998 0.0770833 0.274636 110.36849021911621
2 0.447307 0.469792 0.0327869 0.0395833 0.356976 110.36849021911621
2 0.635831 0.467708 0.028103 0.0395833 0.47691 110.36849021911621
2 0.577869 0.429167 0.0245902 0.0458333 0.494763 110.36849021911621
2 0.302108 0.53125 0.0398126 0.05 0.565336 110.36849021911621
2 0.371194 0.5125 0.0327869 0.0458333 0.608418 110.36849021911621
2 0.241803 0.592708 0.0456674 0.06875 0.637589 110.36849021911621
2 0.432084 0.522917 0.0351288 0.05 0.705498 110.36849021911621
2 0.381148 0.6625 0.0526932 0.0875 0.705625 110.36849021911621
2 0.146956 0.713542 0.0925059 0.10625 0.768602 110.36849021911621
2 0.836066 0.717708 0.0960187 0.110417 0.791092 110.36849021911621
2 0.788056 0.832292 0.11007 0.18125 0.818357 110.36849021911621
2 0.171546 0.873958 0.125293 0.16875 0.832842 110.36849021911621
