2 0.428571 0.419792 0.0234192 0.0354167 0.259823 132.2164535522461
2 0.57904 0.429167 0.0199063 0.0333333 0.285845 132.2164535522461
2 0.557377 0.473958 0.0234192 0.04375 0.430492 132.2164535522461
2 0.436768 0.495833 0.0351288 0.0541667 0.556609 132.2164535522461
2 0.374122 0.505208 0.0362998 0.0520833 0.568572 132.2164535522461
2 0.340749 0.567708 0.0444965 0.0604167 0.70852 132.2164535522461
2 0.778689 0.646875 0.0655738 0.102083 0.734673 132.2164535522461
2 0.401639 0.608333 0.0515222 0.0833333 0.735657 132.2164535522461
2 0.244731 0.608333 0.058548 0.075 0.754289 132.2164535522461
2 0.683841 0.645833 0.0515222 0.0833333 0.780388 132.2164535522461
2 0.588408 0.59375 0.0480094 0.0666667 0.782332 132.2164535522461
