2 0.555621 0.401042 0.0199063 0.03125 0.28543 113.71684074401855
2 0.355972 0.466667 0.0257611 0.0333333 0.343941 113.71684074401855
2 0.415691 0.444792 0.0257611 0.0395833 0.368378 113.71684074401855
2 0.442623 0.466667 0.0257611 0.0416667 0.573702 113.71684074401855
2 0.282787 0.547917 0.0433255 0.0625 0.639648 113.71684074401855
2 0.667447 0.521875 0.0421546 0.0520833 0.645117 113.71684074401855
2 0.359485 0.794792 0.088993 0.14375 0.721984 113.71684074401855
2 0.334309 0.5875 0.0480094 0.0666667 0.770433 113.71684074401855
2 0.222482 0.780208 0.0983607 0.122917 0.795129 113.71684074401855
5 0.087822 0.75625 0.175644 0.3875 0.809568 113.71684074401855
2 0.412178 0.575 0.0444965 0.0583333 0.814603 113.71684074401855
