2 0.416276 0.442708 0.0245902 0.0395833 0.333433 114.12572860717773
2 0.64637 0.484375 0.030445 0.04375 0.522545 114.12572860717773
2 0.451991 0.451042 0.028103 0.0354167 0.543243 114.12572860717773
2 0.0526932 0.860417 0.105386 0.15 0.552456 114.12572860717773
5 0.336651 0.463542 0.0761124 0.110417 0.554984 114.12572860717773
2 0.2863 0.926042 0.125293 0.14375 0.665458 114.12572860717773
2 0.620023 0.496875 0.0362998 0.0520833 0.676977 114.12572860717773
2 0.0936768 0.951042 0.152225 0.0979167 0.686017 114.12572860717773
2 0.228337 0.617708 0.058548 0.08125 0.702846 114.12572860717773
2 0.411007 0.567708 0.0444965 0.0604167 0.727111 114.12572860717773
2 0.793326 0.807292 0.108899 0.15625 0.87385 114.12572860717773
