2 0.421546 0.429167 0.0257611 0.0333333 0.268529 129.59718704223633
2 0.572014 0.419792 0.0269321 0.0520833 0.412438 129.59718704223633
2 0.379391 0.5 0.030445 0.0458333 0.471395 129.59718704223633
2 0.440281 0.46875 0.028103 0.0416667 0.507453 129.59718704223633
2 0.0737705 0.957292 0.142857 0.0854167 0.510213 129.59718704223633
2 0.344262 0.479167 0.030445 0.0375 0.560105 129.59718704223633
2 0.295082 0.925 0.140515 0.15 0.595192 129.59718704223633
2 0.741803 0.590625 0.0550351 0.08125 0.722826 129.59718704223633
2 0.417447 0.548958 0.0386417 0.0604167 0.765858 129.59718704223633
2 0.25644 0.573958 0.0538642 0.06875 0.785912 129.59718704223633
2 0.334309 0.583333 0.0456674 0.0666667 0.809428 129.59718704223633
