2 0.4637 0.410417 0.0187354 0.0291667 0.264913 119.10486221313477
2 0.421546 0.378125 0.030445 0.0395833 0.287346 119.10486221313477
2 0.419789 0.439583 0.0199063 0.0291667 0.294661 119.10486221313477
2 0.355386 0.473958 0.0269321 0.0520833 0.435671 119.10486221313477
2 0.60363 0.420833 0.0269321 0.0458333 0.477323 119.10486221313477
2 0.390515 0.48125 0.0316159 0.0416667 0.553386 119.10486221313477
2 0.427986 0.510417 0.0316159 0.0458333 0.627001 119.10486221313477
2 0.280445 0.557292 0.0386417 0.0604167 0.644614 119.10486221313477
5 0.122951 0.78125 0.241218 0.420833 0.694794 119.10486221313477
2 0.334309 0.567708 0.0433255 0.0645833 0.707211 119.10486221313477
2 0.35363 0.722917 0.0819672 0.108333 0.79129 119.10486221313477
2 0.85363 0.741667 0.0960187 0.141667 0.853322 119.10486221313477
