2 0.375878 0.45625 0.028103 0.0416667 0.291302 98.76203536987305
2 0.423302 0.428125 0.0245902 0.04375 0.303783 98.76203536987305
2 0.456089 0.441667 0.0269321 0.0416667 0.322146 98.76203536987305
2 0.579625 0.454167 0.0234192 0.0375 0.335092 98.76203536987305
2 0.315574 0.517708 0.0339578 0.0479167 0.529494 98.76203536987305
2 0.367096 0.794792 0.087822 0.13125 0.732098 98.76203536987305
2 0.432084 0.529167 0.0351288 0.0541667 0.732716 98.76203536987305
2 0.595433 0.609375 0.0456674 0.0854167 0.749207 98.76203536987305
2 0.790984 0.673958 0.0714286 0.0979167 0.797477 98.76203536987305
2 0.145785 0.714583 0.0971897 0.108333 0.798434 98.76203536987305
2 0.324356 0.605208 0.0491803 0.06875 0.798847 98.76203536987305
