2 0.418033 0.439583 0.0257611 0.0333333 0.291965 99.44748878479004
2 0.371194 0.455208 0.0257611 0.0395833 0.300379 99.44748878479004
2 0.454333 0.43125 0.0234192 0.0291667 0.318232 99.44748878479004
2 0.394028 0.477083 0.029274 0.0375 0.331596 99.44748878479004
2 0.327283 0.502083 0.0362998 0.0458333 0.403778 99.44748878479004
2 0.251171 0.728125 0.0854801 0.110417 0.738956 99.44748878479004
2 0.428571 0.5125 0.0327869 0.0541667 0.739763 99.44748878479004
2 0.204333 0.640625 0.0667447 0.0854167 0.741718 99.44748878479004
2 0.697307 0.629167 0.059719 0.0958333 0.758553 99.44748878479004
2 0.377635 0.692708 0.0644028 0.102083 0.786105 99.44748878479004
