2 0.341335 0.478125 0.0269321 0.0395833 0.278118 195.953369140625
5 0.42096 0.382292 0.0339578 0.0645833 0.280857 195.953369140625
5 0.901054 0.730208 0.19555 0.414583 0.30421 195.953369140625
2 0.385831 0.492708 0.0316159 0.0479167 0.375586 195.953369140625
2 0.45082 0.445833 0.028103 0.0333333 0.39613 195.953369140625
2 0.578454 0.4625 0.030445 0.0416667 0.453151 195.953369140625
2 0.259953 0.70625 0.0960187 0.120833 0.53354 195.953369140625
2 0.794496 0.841667 0.106557 0.175 0.578524 195.953369140625
2 0.279274 0.55625 0.0362998 0.0625 0.632675 195.953369140625
2 0.0608899 0.810417 0.12178 0.1625 0.643459 195.953369140625
2 0.340749 0.567708 0.0421546 0.0604167 0.6554 195.953369140625
2 0.4274 0.511458 0.0351288 0.0520833 0.679553 195.953369140625
2 0.395199 0.65 0.0480094 0.0833333 0.77444 195.953369140625
2 0.580796 0.564583 0.0421546 0.0625 0.781226 195.953369140625
