2 0.40281 0.445833 0.0327869 0.0458333 0.256148 107.6962947845459
2 0.467213 0.409375 0.0187354 0.03125 0.256275 107.6962947845459
2 0.449063 0.441667 0.0269321 0.0416667 0.396189 107.6962947845459
5 0.63466 0.445833 0.0468384 0.0833333 0.400676 107.6962947845459
2 0.338993 0.490625 0.0339578 0.0520833 0.419971 107.6962947845459
2 0.387588 0.501042 0.030445 0.0479167 0.549924 107.6962947845459
2 0.34192 0.796875 0.0796253 0.139583 0.6714 107.6962947845459
2 0.283372 0.655208 0.0702576 0.0895833 0.686894 107.6962947845459
2 0.398712 0.628125 0.0456674 0.0770833 0.760595 107.6962947845459
2 0.173302 0.678125 0.0796253 0.110417 0.763905 107.6962947845459
