2 0.411007 0.448958 0.030445 0.04375 0.299506 101.62472724914551
2 0.632904 0.464583 0.0269321 0.0416667 0.424073 101.62472724914551
2 0.778689 0.584375 0.128806 0.197917 0.431221 101.62472724914551
2 0.442037 0.492708 0.0245902 0.04375 0.461967 101.62472724914551
2 0.115925 0.753125 0.135831 0.13125 0.468344 101.62472724914551
2 0.300351 0.53125 0.0409836 0.0583333 0.512203 101.62472724914551
5 0.13993 0.63125 0.106557 0.1875 0.528661 101.62472724914551
5 0.844262 0.645833 0.11007 0.220833 0.563052 101.62472724914551
2 0.0620609 0.769792 0.0562061 0.0854167 0.588212 101.62472724914551
2 0.312646 0.954167 0.105386 0.0916667 0.684739 101.62472724914551
2 0.418618 0.551042 0.0362998 0.0604167 0.700635 101.62472724914551
2 0.357143 0.529167 0.0374707 0.0541667 0.705565 101.62472724914551
2 0.381733 0.667708 0.058548 0.102083 0.714507 101.62472724914551
2 0.267564 0.696875 0.0690866 0.10625 0.795794 101.62472724914551
2 0.597775 0.615625 0.0480094 0.08125 0.803355 101.62472724914551
