2 0.449649 0.4125 0.028103 0.0291667 0.259191 92.57078170776367
2 0.456674 0.417708 0.0234192 0.0270833 0.323164 92.57078170776367
2 0.39637 0.476042 0.029274 0.0354167 0.398266 92.57078170776367
7 0.289227 0.535417 0.0398126 0.0625 0.43077 92.57078170776367
2 0.655152 0.501042 0.0316159 0.04375 0.508819 92.57078170776367
2 0.765808 0.615625 0.0702576 0.110417 0.623859 92.57078170776367
2 0.422131 0.548958 0.0362998 0.0645833 0.72147 92.57078170776367
2 0.36007 0.7375 0.0737705 0.108333 0.76582 92.57078170776367
2 0.728923 0.707292 0.0737705 0.114583 0.769252 92.57078170776367
2 0.349532 0.559375 0.0409836 0.05625 0.780677 92.57078170776367
2 0.135246 0.936458 0.160422 0.127083 0.82058 92.57078170776367
