2 0.408665 0.457292 0.030445 0.0395833 0.317739 107.53226280212402
2 0.251171 0.585417 0.0456674 0.0708333 0.344499 107.53226280212402
2 0.375293 0.445833 0.0222482 0.0375 0.345953 107.53226280212402
2 0.454918 0.430208 0.0245902 0.0395833 0.360445 107.53226280212402
2 0.659251 0.508333 0.0351288 0.0583333 0.503373 107.53226280212402
2 0.724239 0.933333 0.151054 0.133333 0.540565 107.53226280212402
2 0.279274 0.65625 0.0761124 0.104167 0.66004 107.53226280212402
2 0.354801 0.538542 0.0398126 0.05625 0.677168 107.53226280212402
2 0.391101 0.625 0.0538642 0.0833333 0.689743 107.53226280212402
2 0.574356 0.544792 0.0362998 0.0604167 0.712665 107.53226280212402
2 0.430913 0.520833 0.0398126 0.0583333 0.719898 107.53226280212402
2 0.802108 0.670833 0.0749414 0.1 0.798915 107.53226280212402
