2 0.568501 0.435417 0.0222482 0.0333333 0.266638 96.07362747192383
2 0.59192 0.417708 0.0222482 0.04375 0.272289 96.07362747192383
2 0.447892 0.469792 0.0339578 0.04375 0.27562 96.07362747192383
2 0.609485 0.442708 0.0222482 0.0354167 0.294257 96.07362747192383
2 0.437354 0.502083 0.029274 0.0458333 0.312205 96.07362747192383
2 0.331967 0.494792 0.0316159 0.0520833 0.345836 96.07362747192383
2 0.453747 0.457292 0.0222482 0.0354167 0.370274 96.07362747192383
2 0.377635 0.494792 0.0339578 0.04375 0.386811 96.07362747192383
5 0.223653 0.572917 0.0866511 0.2 0.581382 96.07362747192383
2 0.124707 0.91875 0.144028 0.1625 0.634586 96.07362747192383
2 0.411007 0.567708 0.0421546 0.0770833 0.652819 96.07362747192383
2 0.377049 0.721875 0.0608899 0.102083 0.700267 96.07362747192383
2 0.685597 0.529167 0.0362998 0.0541667 0.734224 96.07362747192383
2 0.320843 0.601042 0.0491803 0.06875 0.755581 96.07362747192383
