5 0.405738 0.391667 0.0362998 0.0666667 0.302448 141.75820350646973
2 0.60363 0.49375 0.0269321 0.0375 0.382876 141.75820350646973
2 0.391686 0.477083 0.029274 0.0416667 0.421711 141.75820350646973
7 0.696721 0.502083 0.103044 0.191667 0.548281 141.75820350646973
2 0.294496 0.529167 0.0339578 0.0541667 0.561182 141.75820350646973
2 0.435597 0.484375 0.0327869 0.0479167 0.600456 141.75820350646973
2 0.711358 0.905208 0.125293 0.189583 0.601914 141.75820350646973
2 0.346019 0.559375 0.0386417 0.05625 0.648342 141.75820350646973
2 0.394614 0.608333 0.0491803 0.0708333 0.711637 141.75820350646973
2 0.17623 0.682292 0.0737705 0.09375 0.744122 141.75820350646973
2 0.248829 0.729167 0.0831382 0.104167 0.750133 141.75820350646973
2 0.313817 0.944792 0.112412 0.110417 0.753627 141.75820350646973
2 0.764637 0.76875 0.0936768 0.158333 0.794425 141.75820350646973
