2 0.407494 0.447917 0.0257611 0.0416667 0.302305 119.4002628326416
2 0.446721 0.458333 0.029274 0.0375 0.322386 119.4002628326416
2 0.577869 0.425 0.0245902 0.0416667 0.324718 119.4002628326416
2 0.33548 0.490625 0.0269321 0.0395833 0.330147 119.4002628326416
2 0.605386 0.43125 0.0234192 0.0375 0.34373 119.4002628326416
2 0.385831 0.492708 0.0316159 0.04375 0.478262 119.4002628326416
2 0.246487 0.585417 0.057377 0.0833333 0.61658 119.4002628326416
2 0.615925 0.501042 0.0327869 0.0479167 0.657762 119.4002628326416
2 0.363583 0.765625 0.0667447 0.11875 0.674752 119.4002628326416
2 0.434426 0.51875 0.0327869 0.0541667 0.689957 119.4002628326416
2 0.350117 0.554167 0.0421546 0.0625 0.739782 119.4002628326416
2 0.574941 0.519792 0.0351288 0.0520833 0.739949 119.4002628326416
2 0.694965 0.545833 0.0456674 0.0625 0.746359 119.4002628326416
2 0.745902 0.751042 0.11007 0.177083 0.77798 119.4002628326416
