2 0.425644 0.425 0.0245902 0.0333333 0.25934 119.41146850585938
2 0.460187 0.434375 0.0234192 0.0354167 0.334107 119.41146850585938
2 0.581967 0.448958 0.028103 0.03125 0.350687 119.41146850585938
2 0.333138 0.542708 0.0526932 0.0645833 0.409813 119.41146850585938
2 0.320843 0.517708 0.0351288 0.0479167 0.433606 119.41146850585938
2 0.615925 0.44375 0.0257611 0.0375 0.517007 119.41146850585938
2 0.43911 0.471875 0.028103 0.0395833 0.547152 119.41146850585938
7 0.155152 0.689583 0.0925059 0.116667 0.608228 119.41146850585938
2 0.548009 0.464583 0.0234192 0.0375 0.619113 119.41146850585938
2 0.347775 0.559375 0.0421546 0.05625 0.628944 119.41146850585938
2 0.696136 0.523958 0.0526932 0.09375 0.664783 119.41146850585938
2 0.357143 0.78125 0.0843091 0.145833 0.699475 119.41146850585938
2 0.228923 0.771875 0.087822 0.114583 0.751825 119.41146850585938
