2 0.45726 0.434375 0.029274 0.0354167 0.266157 119.37379837036133
5 0.402225 0.397917 0.029274 0.0583333 0.322569 119.37379837036133
5 0.59719 0.404167 0.0421546 0.0708333 0.411907 119.37379837036133
2 0.386417 0.492708 0.030445 0.0479167 0.460928 119.37379837036133
2 0.552693 0.463542 0.028103 0.04375 0.481634 119.37379837036133
2 0.228923 0.604167 0.0526932 0.075 0.645857 119.37379837036133
2 0.422717 0.536458 0.0351288 0.0604167 0.684213 119.37379837036133
2 0.717799 0.571875 0.0421546 0.0520833 0.72824 119.37379837036133
2 0.640515 0.551042 0.0398126 0.0645833 0.742652 119.37379837036133
2 0.570258 0.535417 0.0351288 0.0625 0.747437 119.37379837036133
2 0.367682 0.733333 0.0725995 0.108333 0.776646 119.37379837036133
