5 0.33548 0.527083 0.0831382 0.166667 0.345836 107.73968696594238
2 0.307963 0.911458 0.117096 0.164583 0.464181 107.73968696594238
5 0.609485 0.417708 0.0456674 0.0770833 0.479497 107.73968696594238
2 0.668618 0.520833 0.0398126 0.0541667 0.513556 107.73968696594238
2 0.264637 0.564583 0.0444965 0.0666667 0.6213 107.73968696594238
2 0.563817 0.502083 0.0339578 0.05 0.69863 107.73968696594238
2 0.599532 0.632292 0.0491803 0.0770833 0.700065 107.73968696594238
2 0.430913 0.514583 0.0351288 0.0541667 0.702954 107.73968696594238
2 0.386417 0.665625 0.058548 0.0895833 0.769186 107.73968696594238
2 0.696721 0.65 0.0679157 0.1 0.784124 107.73968696594238
2 0.796838 0.66875 0.0714286 0.0875 0.7935 107.73968696594238
