2 0.629391 0.466667 0.0316159 0.0416667 0.321729 104.78925704956055
2 0.67096 0.533333 0.0538642 0.0708333 0.388012 104.78925704956055
2 0.395199 0.479167 0.0339578 0.0458333 0.453105 104.78925704956055
2 0.454333 0.453125 0.0234192 0.0395833 0.465271 104.78925704956055
2 0.32904 0.5 0.0374707 0.0583333 0.513575 104.78925704956055
2 0.564403 0.522917 0.0351288 0.05 0.537471 104.78925704956055
2 0.68267 0.514583 0.0421546 0.0666667 0.5999 104.78925704956055
2 0.375878 0.689583 0.0632318 0.116667 0.607621 104.78925704956055
2 0.413349 0.572917 0.0398126 0.0583333 0.692222 104.78925704956055
2 0.649883 0.553125 0.0468384 0.08125 0.698709 104.78925704956055
2 0.230679 0.760417 0.0936768 0.120833 0.80048 104.78925704956055
