2 0.465457 0.401042 0.0269321 0.0395833 0.257138 110.00561714172363
2 0.583724 0.410417 0.0222482 0.0291667 0.27933 110.00561714172363
2 0.545667 0.4375 0.0234192 0.025 0.312275 110.00561714172363
2 0.360656 0.470833 0.028103 0.0416667 0.4203 110.00561714172363
2 0.60363 0.441667 0.0222482 0.0291667 0.421586 110.00561714172363
2 0.433255 0.482292 0.0327869 0.04375 0.581395 110.00561714172363
2 0.219555 0.636458 0.057377 0.08125 0.725888 110.00561714172363
2 0.311475 0.946875 0.117096 0.10625 0.758625 110.00561714172363
2 0.41452 0.582292 0.0468384 0.05625 0.770959 110.00561714172363
2 0.127049 0.909375 0.13466 0.16875 0.860333 110.00561714172363
