2 0.463115 0.416667 0.0222482 0.0291667 0.251983 113.39616775512695
2 0.593677 0.459375 0.030445 0.0395833 0.269703 113.39616775512695
2 0.340164 0.492708 0.0316159 0.04375 0.392092 113.39616775512695
2 0.442037 0.458333 0.0245902 0.0333333 0.49831 113.39616775512695
2 0.283372 0.973958 0.112412 0.0520833 0.510014 113.39616775512695
2 0.39637 0.472917 0.029274 0.0375 0.585886 113.39616775512695
2 0.271663 0.565625 0.0444965 0.0520833 0.598841 113.39616775512695
2 0.354215 0.551042 0.0339578 0.0520833 0.641431 113.39616775512695
2 0.399883 0.601042 0.0456674 0.0729167 0.776716 113.39616775512695
2 0.734778 0.590625 0.0480094 0.0729167 0.779472 113.39616775512695
2 0.029274 0.889583 0.058548 0.1375 0.796354 113.39616775512695
