2 0.345433 0.55625 0.0491803 0.0583333 0.270127 128.0233860015869
2 0.406909 0.445833 0.0269321 0.05 0.380112 128.0233860015869
2 0.297424 0.534375 0.030445 0.05625 0.389571 128.0233860015869
2 0.68267 0.826042 0.103044 0.239583 0.444086 128.0233860015869
2 0.0796253 0.801042 0.152225 0.20625 0.486885 128.0233860015869
2 0.306206 0.9625 0.106557 0.075 0.634893 128.0233860015869
2 0.616511 0.501042 0.0339578 0.0479167 0.650331 128.0233860015869
2 0.349532 0.626042 0.0480094 0.0770833 0.67544 128.0233860015869
2 0.43267 0.498958 0.0339578 0.0645833 0.727241 128.0233860015869
2 0.201405 0.811458 0.103044 0.139583 0.800195 128.0233860015869
2 0.876464 0.784375 0.0948478 0.135417 0.815284 128.0233860015869
