2 0.378806 0.442708 0.0269321 0.04375 0.266775 115.94772338867188
2 0.430328 0.419792 0.0199063 0.0395833 0.26774 115.94772338867188
2 0.457845 0.436458 0.0210773 0.03125 0.403461 115.94772338867188
2 0.394028 0.616667 0.0737705 0.145833 0.451136 115.94772338867188
2 0.0936768 0.95625 0.145199 0.0875 0.480757 115.94772338867188
2 0.693208 0.54375 0.0398126 0.0583333 0.505585 115.94772338867188
2 0.334309 0.505208 0.0362998 0.0479167 0.507648 115.94772338867188
2 0.431499 0.545833 0.0316159 0.0458333 0.602696 115.94772338867188
2 0.366511 0.521875 0.0351288 0.0520833 0.606288 115.94772338867188
2 0.0884075 0.771875 0.115925 0.127083 0.805257 115.94772338867188
