2 0.466042 0.408333 0.0210773 0.0333333 0.281579 106.39619827270508
2 0.358314 0.471875 0.0257611 0.0479167 0.291678 106.39619827270508
5 0.423302 0.378125 0.0316159 0.04375 0.309431 106.39619827270508
2 0.2863 0.546875 0.0339578 0.05625 0.495851 106.39619827270508
2 0.607143 0.428125 0.0316159 0.05625 0.501933 106.39619827270508
2 0.432084 0.503125 0.0327869 0.04375 0.505087 106.39619827270508
2 0.394028 0.477083 0.0339578 0.0375 0.52883 106.39619827270508
5 0.124122 0.771875 0.245902 0.452083 0.544577 106.39619827270508
2 0.337822 0.557292 0.0456674 0.05625 0.706688 106.39619827270508
2 0.36534 0.692708 0.0655738 0.09375 0.794336 106.39619827270508
2 0.919204 0.820833 0.124122 0.1625 0.856485 106.39619827270508
