2 0.412763 0.439583 0.029274 0.0416667 0.273207 101.77016258239746
2 0.444965 0.457292 0.0374707 0.04375 0.318715 101.77016258239746
5 0.332553 0.465625 0.0491803 0.10625 0.384335 101.77016258239746
2 0.616511 0.442708 0.0245902 0.03125 0.385312 101.77016258239746
2 0.386417 0.485417 0.030445 0.0458333 0.536538 101.77016258239746
2 0.696136 0.536458 0.0503513 0.0770833 0.605232 101.77016258239746
2 0.437354 0.508333 0.0339578 0.05 0.640258 101.77016258239746
2 0.840164 0.714583 0.087822 0.158333 0.645117 101.77016258239746
2 0.899297 0.952083 0.117096 0.0958333 0.67729 101.77016258239746
2 0.340749 0.566667 0.0444965 0.0708333 0.701699 101.77016258239746
5 0.12822 0.666667 0.251756 0.4125 0.711352 101.77016258239746
2 0.564988 0.515625 0.0339578 0.05625 0.744402 101.77016258239746
2 0.16452 0.886458 0.14637 0.164583 0.782646 101.77016258239746
2 0.291569 0.666667 0.058548 0.0875 0.792129 101.77016258239746
2 0.392272 0.638542 0.058548 0.08125 0.812711 101.77016258239746
