2 0.539813 0.429167 0.0210773 0.0375 0.336608 102.16760635375977
7 0.274005 0.510417 0.0983607 0.125 0.343676 102.16760635375977
2 0.133489 0.848958 0.166276 0.264583 0.380881 102.16760635375977
2 0.393443 0.477083 0.0327869 0.0416667 0.385454 102.16760635375977
2 0.441452 0.475 0.0257611 0.0375 0.488172 102.16760635375977
2 0.677986 0.670833 0.0749414 0.1125 0.601955 102.16760635375977
2 0.611241 0.5 0.0421546 0.0708333 0.608411 102.16760635375977
2 0.102459 0.74375 0.0925059 0.108333 0.65896 102.16760635375977
2 0.779859 0.640625 0.058548 0.08125 0.673773 102.16760635375977
2 0.355386 0.542708 0.0409836 0.0520833 0.705633 102.16760635375977
2 0.424473 0.55 0.0362998 0.0625 0.716101 102.16760635375977
2 0.357728 0.736458 0.0667447 0.102083 0.762228 102.16760635375977
