2 0.405738 0.459375 0.0269321 0.0395833 0.351557 129.58002090454102
2 0.966042 0.926042 0.0608899 0.13125 0.390251 129.58002090454102
2 0.315574 0.511458 0.0316159 0.0395833 0.430272 129.58002090454102
2 0.454333 0.455208 0.0234192 0.0354167 0.43102 129.58002090454102
2 0.548595 0.45625 0.0269321 0.0375 0.496338 129.58002090454102
2 0.589578 0.45625 0.0269321 0.0333333 0.507415 129.58002090454102
5 0.379977 0.41875 0.0503513 0.0916667 0.546639 129.58002090454102
2 0.340164 0.558333 0.0386417 0.0541667 0.652479 129.58002090454102
2 0.622951 0.53125 0.0351288 0.0583333 0.656773 129.58002090454102
2 0.276932 0.945833 0.118267 0.108333 0.676894 129.58002090454102
2 0.599532 0.615625 0.0515222 0.102083 0.685524 129.58002090454102
2 0.184426 0.658333 0.0667447 0.0875 0.729227 129.58002090454102
2 0.399297 0.595833 0.0444965 0.0708333 0.776806 129.58002090454102
2 0.204333 0.804167 0.101874 0.129167 0.900198 129.58002090454102
