2 0.453162 0.427083 0.0210773 0.0416667 0.296192 92.79251098632812
7 0.617096 0.428125 0.0421546 0.0770833 0.300566 92.79251098632812
2 0.365925 0.461458 0.0245902 0.0354167 0.355697 92.79251098632812
2 0.399883 0.467708 0.029274 0.0395833 0.444747 92.79251098632812
5 0.67623 0.866667 0.111241 0.229167 0.530606 92.79251098632812
2 0.332553 0.839583 0.107728 0.2 0.53573 92.79251098632812
2 0.223068 0.630208 0.0550351 0.08125 0.623417 92.79251098632812
2 0.420375 0.526042 0.0351288 0.0520833 0.658762 92.79251098632812
2 0.388173 0.608333 0.0503513 0.075 0.692875 92.79251098632812
2 0.245316 0.733333 0.0901639 0.125 0.730953 92.79251098632812
2 0.783372 0.652083 0.0608899 0.0916667 0.774303 92.79251098632812
