2 0.548595 0.457292 0.029274 0.04375 0.397229 105.48233985900879
2 0.349532 0.484375 0.0362998 0.0479167 0.406509 105.48233985900879
2 0.651054 0.494792 0.0327869 0.04375 0.429349 105.48233985900879
2 0.408665 0.45625 0.0351288 0.05 0.52459 105.48233985900879
2 0.446136 0.473958 0.0351288 0.0479167 0.528903 105.48233985900879
2 0.251171 0.595833 0.0480094 0.0708333 0.610056 105.48233985900879
2 0.570843 0.535417 0.0386417 0.0583333 0.693249 105.48233985900879
2 0.405152 0.622917 0.0468384 0.075 0.726092 105.48233985900879
2 0.223653 0.788542 0.0936768 0.127083 0.800408 105.48233985900879
2 0.794496 0.782292 0.0971897 0.15625 0.851389 105.48233985900879
