2 0.431499 0.414583 0.0222482 0.0375 0.261085 114.43829536437988
2 0.589578 0.444792 0.0245902 0.0395833 0.380505 114.43829536437988
2 0.38466 0.488542 0.0339578 0.0479167 0.414276 114.43829536437988
2 0.62178 0.7125 0.0702576 0.108333 0.464357 114.43829536437988
2 0.442037 0.480208 0.0339578 0.04375 0.508155 114.43829536437988
2 0.569672 0.511458 0.0339578 0.05625 0.586675 114.43829536437988
2 0.779859 0.815625 0.088993 0.164583 0.73737 114.43829536437988
2 0.271077 0.576042 0.0503513 0.0604167 0.745163 114.43829536437988
2 0.411593 0.577083 0.0456674 0.075 0.75836 114.43829536437988
2 0.357143 0.542708 0.0351288 0.0479167 0.766428 114.43829536437988
2 0.879977 0.763542 0.0995316 0.152083 0.816893 114.43829536437988
