2 0.573185 0.423958 0.029274 0.05625 0.359332 99.70712661743164
2 0.382904 0.497917 0.030445 0.0416667 0.384125 99.70712661743164
2 0.442037 0.463542 0.0269321 0.0395833 0.524301 99.70712661743164
2 0.348361 0.477083 0.029274 0.0375 0.539343 99.70712661743164
2 0.761124 0.6125 0.0608899 0.0875 0.722029 99.70712661743164
2 0.318501 0.90625 0.112412 0.183333 0.728752 99.70712661743164
2 0.265808 0.565625 0.0491803 0.0645833 0.734146 99.70712661743164
2 0.419789 0.5375 0.0409836 0.0583333 0.748598 99.70712661743164
2 0.0884075 0.948958 0.151054 0.102083 0.789828 99.70712661743164
2 0.337237 0.575 0.0421546 0.0625 0.81719 99.70712661743164
