2 0.415105 0.455208 0.0269321 0.0395833 0.299836 139.65463638305664
2 0.345433 0.475 0.0257611 0.0416667 0.319548 139.65463638305664
7 0.590164 0.396875 0.0374707 0.05625 0.337464 139.65463638305664
2 0.44555 0.483333 0.0339578 0.0458333 0.495928 139.65463638305664
2 0.905738 0.922917 0.153396 0.154167 0.542718 139.65463638305664
2 0.314988 0.894792 0.100703 0.160417 0.697064 139.65463638305664
2 0.559719 0.490625 0.0327869 0.05625 0.707088 139.65463638305664
2 0.344848 0.555208 0.0409836 0.05625 0.711024 139.65463638305664
2 0.40808 0.60625 0.0456674 0.0708333 0.746929 139.65463638305664
2 0.66452 0.605208 0.0456674 0.0770833 0.766646 139.65463638305664
