2 0.355972 0.489583 0.0374707 0.05 0.302786 102.752685546875
2 0.451991 0.44375 0.028103 0.0291667 0.414932 102.752685546875
2 0.377635 0.508333 0.0316159 0.0458333 0.520998 102.752685546875
2 0.237119 0.598958 0.0526932 0.0854167 0.524509 102.752685546875
2 0.663349 0.496875 0.0362998 0.0645833 0.567024 102.752685546875
5 0.868267 0.716667 0.125293 0.208333 0.59925 102.752685546875
2 0.620609 0.51875 0.0398126 0.0541667 0.604783 102.752685546875
2 0.399883 0.620833 0.0480094 0.0875 0.684326 102.752685546875
2 0.586651 0.5875 0.0421546 0.0708333 0.768218 102.752685546875
2 0.306792 0.633333 0.0562061 0.0791667 0.775613 102.752685546875
