2 0.336066 0.490625 0.0327869 0.04375 0.323269 112.86163330078125
2 0.564403 0.413542 0.0234192 0.0270833 0.333486 112.86163330078125
2 0.388759 0.4875 0.028103 0.0416667 0.382214 112.86163330078125
2 0.925644 0.958333 0.137002 0.0833333 0.44355 112.86163330078125
2 0.441452 0.477083 0.0234192 0.0375 0.462554 112.86163330078125
2 0.703747 0.951042 0.100703 0.0979167 0.493375 112.86163330078125
2 0.557377 0.490625 0.030445 0.0520833 0.66059 112.86163330078125
2 0.628806 0.53125 0.0398126 0.0625 0.687395 112.86163330078125
5 0.661592 0.459375 0.0772834 0.164583 0.730096 112.86163330078125
2 0.341335 0.558333 0.0433255 0.0708333 0.735197 112.86163330078125
2 0.218384 0.638542 0.0737705 0.0854167 0.742142 112.86163330078125
2 0.410422 0.59375 0.0386417 0.0666667 0.772878 112.86163330078125
2 0.144028 0.909375 0.149883 0.16875 0.79701 112.86163330078125
2 0.706674 0.646875 0.0667447 0.0895833 0.823199 112.86163330078125
