2 0.326698 0.49375 0.030445 0.0458333 0.287218 109.04216766357422
2 0.356557 0.469792 0.029274 0.04375 0.297997 109.04216766357422
2 0.693794 0.626042 0.0714286 0.152083 0.36809 109.04216766357422
2 0.449063 0.455208 0.0316159 0.0395833 0.43398 109.04216766357422
2 0.424473 0.519792 0.0339578 0.04375 0.64525 109.04216766357422
2 0.34719 0.563542 0.0456674 0.0604167 0.684904 109.04216766357422
2 0.130562 0.73125 0.0971897 0.108333 0.7071 109.04216766357422
2 0.313232 0.897917 0.108899 0.179167 0.752585 109.04216766357422
2 0.278103 0.564583 0.0433255 0.0541667 0.76164 109.04216766357422
2 0.228337 0.78125 0.0960187 0.125 0.798201 109.04216766357422
2 0.854801 0.741667 0.0866511 0.125 0.852015 109.04216766357422
