2 0.0819672 0.954167 0.133489 0.0916667 0.292062 102.9806137084961
2 0.587237 0.448958 0.029274 0.0354167 0.347872 102.9806137084961
2 0.391686 0.471875 0.029274 0.0520833 0.384717 102.9806137084961
2 0.0163934 0.9375 0.030445 0.116667 0.476767 102.9806137084961
2 0.314988 0.610417 0.058548 0.0791667 0.574484 102.9806137084961
2 0.724824 0.589583 0.0468384 0.0666667 0.654602 102.9806137084961
2 0.584895 0.551042 0.0456674 0.0854167 0.673905 102.9806137084961
2 0.258782 0.578125 0.0398126 0.0645833 0.689996 102.9806137084961
2 0.326112 0.727083 0.0690866 0.104167 0.717004 102.9806137084961
2 0.425059 0.530208 0.0421546 0.0729167 0.75936 102.9806137084961
