2 0.440281 0.398958 0.0187354 0.0354167 0.259752 121.35958671569824
2 0.535129 0.413542 0.0257611 0.0354167 0.365235 121.35958671569824
2 0.579625 0.45 0.0234192 0.0375 0.378198 121.35958671569824
2 0.294496 0.533333 0.0339578 0.0583333 0.445648 121.35958671569824
2 0.449649 0.460417 0.0327869 0.0416667 0.472707 121.35958671569824
2 0.388173 0.491667 0.029274 0.0416667 0.564175 121.35958671569824
2 0.779274 0.658333 0.0690866 0.0916667 0.70809 121.35958671569824
2 0.4274 0.557292 0.0421546 0.0604167 0.720609 121.35958671569824
2 0.346604 0.825 0.088993 0.145833 0.722741 121.35958671569824
2 0.619438 0.507292 0.0351288 0.05625 0.739134 121.35958671569824
2 0.26171 0.692708 0.0737705 0.102083 0.771755 121.35958671569824
2 0.767564 0.792708 0.101874 0.147917 0.820633 121.35958671569824
