2 0.642857 0.482292 0.030445 0.0395833 0.27524 105.41152954101562
2 0.564403 0.498958 0.0327869 0.0395833 0.388124 105.41152954101562
2 0.455504 0.444792 0.0234192 0.04375 0.432901 105.41152954101562
2 0.401639 0.467708 0.0327869 0.0479167 0.468197 105.41152954101562
2 0.678571 0.603125 0.0620609 0.110417 0.489551 105.41152954101562
2 0.70726 0.541667 0.0444965 0.0791667 0.495701 105.41152954101562
2 0.336066 0.489583 0.0351288 0.0541667 0.499272 105.41152954101562
2 0.420375 0.552083 0.0351288 0.0625 0.666784 105.41152954101562
2 0.385831 0.65625 0.059719 0.0958333 0.686221 105.41152954101562
2 0.262295 0.70625 0.0796253 0.108333 0.708989 105.41152954101562
2 0.578454 0.565625 0.0421546 0.0645833 0.782155 105.41152954101562
