2 0.454333 0.448958 0.0210773 0.0354167 0.268611 117.75946617126465
2 0.345433 0.507292 0.0562061 0.0520833 0.296254 117.75946617126465
2 0.601288 0.421875 0.0245902 0.03125 0.312453 117.75946617126465
2 0.404567 0.459375 0.0245902 0.03125 0.338624 117.75946617126465
2 0.331967 0.502083 0.029274 0.0458333 0.33886 117.75946617126465
2 0.592506 0.463542 0.028103 0.0395833 0.408828 117.75946617126465
2 0.65281 0.494792 0.029274 0.04375 0.415362 117.75946617126465
7 0.262881 0.54375 0.0784543 0.125 0.417755 117.75946617126465
2 0.435597 0.478125 0.0351288 0.06875 0.475931 117.75946617126465
2 0.361827 0.535417 0.0351288 0.0583333 0.620366 117.75946617126465
2 0.0491803 0.877083 0.0983607 0.158333 0.64094 117.75946617126465
2 0.252927 0.916667 0.17096 0.166667 0.689191 117.75946617126465
2 0.564403 0.508333 0.0327869 0.0666667 0.693714 117.75946617126465
2 0.776347 0.65 0.0632318 0.0916667 0.766711 117.75946617126465
2 0.282787 0.663542 0.059719 0.0854167 0.778572 117.75946617126465
2 0.412763 0.576042 0.0409836 0.0645833 0.788261 117.75946617126465
