2 0.447307 0.445833 0.028103 0.0375 0.335357 97.71037101745605
2 0.352459 0.480208 0.030445 0.04375 0.407046 97.71037101745605
2 0.404567 0.460417 0.0269321 0.0416667 0.409896 97.71037101745605
2 0.320843 0.884375 0.105386 0.172917 0.429087 97.71037101745605
2 0.290984 0.542708 0.0339578 0.0479167 0.542248 97.71037101745605
2 0.370609 0.51875 0.0339578 0.0416667 0.562165 97.71037101745605
2 0.844262 0.722917 0.088993 0.125 0.632923 97.71037101745605
2 0.613583 0.496875 0.0327869 0.0479167 0.656796 97.71037101745605
2 0.410422 0.5625 0.0456674 0.0666667 0.76533 97.71037101745605
2 0.0901639 0.771875 0.107728 0.122917 0.81216 97.71037101745605
2 0.118267 0.939583 0.138173 0.120833 0.820826 97.71037101745605
