2 0.432084 0.416667 0.0234192 0.0375 0.278642 121.5217113494873
2 0.411007 0.442708 0.028103 0.0395833 0.293524 121.5217113494873
7 0.398126 0.605208 0.0679157 0.13125 0.419536 121.5217113494873
2 0.339578 0.5 0.0327869 0.0458333 0.447051 121.5217113494873
2 0.457845 0.434375 0.0257611 0.0270833 0.453708 121.5217113494873
2 0.372951 0.517708 0.0339578 0.0604167 0.544551 121.5217113494873
2 0.435012 0.536458 0.0339578 0.0479167 0.560799 121.5217113494873
2 0.7137 0.570833 0.0409836 0.0583333 0.591956 121.5217113494873
2 0.114169 0.740625 0.108899 0.11875 0.830068 121.5217113494873
2 0.121194 0.939583 0.144028 0.120833 0.859866 121.5217113494873
