7 0.586651 0.3875 0.0327869 0.0708333 0.258215 119.37975883483887
2 0.34192 0.490625 0.0257611 0.0354167 0.261496 119.37975883483887
2 0.351288 0.497917 0.0398126 0.0416667 0.281831 119.37975883483887
2 0.455504 0.439583 0.0257611 0.0333333 0.325594 119.37975883483887
2 0.708431 0.639583 0.0866511 0.170833 0.416894 119.37975883483887
2 0.404567 0.454167 0.0362998 0.0458333 0.446676 119.37975883483887
2 0.364754 0.515625 0.0339578 0.0479167 0.478287 119.37975883483887
2 0.58548 0.554167 0.0538642 0.108333 0.689731 119.37975883483887
2 0.312646 0.609375 0.0468384 0.0729167 0.703542 119.37975883483887
2 0.288642 0.959375 0.111241 0.08125 0.710592 119.37975883483887
2 0.228923 0.613542 0.057377 0.06875 0.724691 119.37975883483887
2 0.400468 0.611458 0.0444965 0.06875 0.759987 119.37975883483887
2 0.150468 0.8875 0.148712 0.195833 0.860118 119.37975883483887
