2 0.362998 0.467708 0.0234192 0.0354167 0.252079 123.03662300109863
2 0.566745 0.40625 0.0210773 0.025 0.259332 123.03662300109863
2 0.56089 0.478125 0.030445 0.04375 0.53439 123.03662300109863
2 0.398126 0.463542 0.028103 0.0395833 0.551798 123.03662300109863
2 0.440281 0.478125 0.0327869 0.0520833 0.558569 123.03662300109863
2 0.694379 0.552083 0.0421546 0.0583333 0.686496 123.03662300109863
2 0.604215 0.609375 0.0491803 0.0895833 0.715963 123.03662300109863
2 0.390515 0.664583 0.0550351 0.0875 0.720047 123.03662300109863
2 0.301522 0.641667 0.0550351 0.0791667 0.727679 123.03662300109863
2 0.0649883 0.817708 0.129977 0.152083 0.785068 123.03662300109863
