7 0.387002 0.410417 0.0409836 0.0708333 0.316094 173.12908172607422
2 0.454333 0.4375 0.0257611 0.0333333 0.36075 173.12908172607422
2 0.648126 0.48125 0.029274 0.0416667 0.401464 173.12908172607422
2 0.553279 0.461458 0.0245902 0.0395833 0.4756 173.12908172607422
2 0.305621 0.535417 0.0351288 0.0541667 0.589139 173.12908172607422
2 0.194379 0.663542 0.0866511 0.114583 0.605896 173.12908172607422
2 0.36007 0.547917 0.0362998 0.0541667 0.650534 173.12908172607422
2 0.432084 0.501042 0.0351288 0.0479167 0.718668 173.12908172607422
2 0.242389 0.7375 0.0913349 0.1125 0.761272 173.12908172607422
2 0.811475 0.83125 0.107728 0.183333 0.847628 173.12908172607422
