2 0.456674 0.432292 0.0257611 0.04375 0.257124 124.10926818847656
2 0.403396 0.465625 0.0339578 0.04375 0.44497 124.10926818847656
2 0.632904 0.471875 0.029274 0.0395833 0.535578 124.10926818847656
2 0.442037 0.486458 0.0339578 0.0520833 0.601033 124.10926818847656
2 0.557963 0.5 0.0362998 0.0458333 0.621735 124.10926818847656
2 0.338407 0.5 0.0351288 0.05 0.627787 124.10926818847656
2 0.224239 0.622917 0.057377 0.0791667 0.697831 124.10926818847656
2 0.713115 0.65 0.0608899 0.0958333 0.728748 124.10926818847656
2 0.391686 0.6625 0.0550351 0.0833333 0.741608 124.10926818847656
2 0.168033 0.884375 0.122951 0.160417 0.751543 124.10926818847656
