2 0.629977 0.467708 0.028103 0.0395833 0.338497 96.49038314819336
2 0.454918 0.45 0.0245902 0.0416667 0.409948 96.49038314819336
2 0.395785 0.479167 0.0351288 0.0458333 0.423217 96.49038314819336
2 0.329625 0.494792 0.0362998 0.0520833 0.540714 96.49038314819336
2 0.377049 0.685417 0.0679157 0.1125 0.621771 96.49038314819336
2 0.685597 0.516667 0.0409836 0.0666667 0.635832 96.49038314819336
2 0.41452 0.56875 0.0374707 0.0583333 0.646835 96.49038314819336
2 0.566745 0.529167 0.0327869 0.0541667 0.66502 96.49038314819336
2 0.234192 0.753125 0.0866511 0.11875 0.698891 96.49038314819336
2 0.65281 0.558333 0.0480094 0.0833333 0.804209 96.49038314819336
