2 0.454918 0.4375 0.0222482 0.0291667 0.330152 125.9603500366211
2 0.545082 0.45 0.0222482 0.0375 0.40184 125.9603500366211
2 0.0122951 0.914583 0.0222482 0.0958333 0.532523 125.9603500366211
2 0.438525 0.503125 0.029274 0.0479167 0.54561 125.9603500366211
2 0.387588 0.489583 0.0327869 0.0458333 0.55674 125.9603500366211
2 0.24356 0.589583 0.0491803 0.0666667 0.575485 125.9603500366211
5 0.355972 0.4375 0.0702576 0.129167 0.665221 125.9603500366211
2 0.628806 0.547917 0.0421546 0.0666667 0.742459 125.9603500366211
2 0.337822 0.790625 0.087822 0.139583 0.748446 125.9603500366211
2 0.688525 0.54375 0.0398126 0.0541667 0.768001 125.9603500366211
2 0.264052 0.682292 0.0620609 0.0979167 0.770888 125.9603500366211
2 0.781616 0.835417 0.106557 0.183333 0.838805 125.9603500366211
