2 0.40808 0.45 0.0245902 0.0333333 0.253431 119.19021606445312
2 0.329625 0.497917 0.0362998 0.0458333 0.349147 119.19021606445312
2 0.38466 0.492708 0.0269321 0.04375 0.433899 119.19021606445312
2 0.657494 0.844792 0.0925059 0.18125 0.511496 119.19021606445312
2 0.440281 0.4875 0.0257611 0.0416667 0.551069 119.19021606445312
5 0.656323 0.455208 0.057377 0.13125 0.598361 119.19021606445312
2 0.614754 0.50625 0.0374707 0.0583333 0.643907 119.19021606445312
2 0.828454 0.872917 0.132318 0.225 0.667933 119.19021606445312
2 0.333138 0.572917 0.0433255 0.0708333 0.731185 119.19021606445312
2 0.67623 0.598958 0.0480094 0.06875 0.731876 119.19021606445312
2 0.197307 0.664583 0.0854801 0.0916667 0.748264 119.19021606445312
2 0.551522 0.470833 0.028103 0.0458333 0.748734 119.19021606445312
2 0.102459 0.951042 0.172131 0.0979167 0.757035 119.19021606445312
2 0.405738 0.608333 0.0456674 0.0708333 0.785679 119.19021606445312
