2 0.357728 0.046875 0.0199063 0.0354167 0.283724 125.8544921875
2 0.505269 0.6125 0.0480094 0.0416667 0.308765 125.8544921875
2 0.32904 0.09375 0.0257611 0.0416667 0.426612 125.8544921875
2 0.429742 0.225 0.0444965 0.0791667 0.492731 125.8544921875
2 0.227752 0.420833 0.0690866 0.116667 0.569706 125.8544921875
2 0.337822 0.196875 0.0316159 0.05625 0.641253 125.8544921875
2 0.235948 0.164583 0.0433255 0.0625 0.669878 125.8544921875
2 0.280445 0.261458 0.0386417 0.0645833 0.68261 125.8544921875
2 0.312061 0.564583 0.0714286 0.1625 0.699966 125.8544921875
2 0.472482 0.358333 0.0503513 0.0916667 0.709632 125.8544921875
