2 0.32904 0.108333 0.0257611 0.0458333 0.274209 152.2846221923828
2 0.290984 0.0552083 0.0245902 0.04375 0.297704 152.2846221923828
2 0.183255 0.511458 0.0831382 0.135417 0.428342 152.2846221923828
2 0.336651 0.176042 0.0316159 0.0520833 0.438861 152.2846221923828
2 0.266979 0.288542 0.0655738 0.135417 0.498843 152.2846221923828
2 0.423302 0.227083 0.0409836 0.0666667 0.526195 152.2846221923828
5 0.170375 0.736458 0.291569 0.514583 0.57 152.2846221923828
2 0.285714 0.145833 0.0421546 0.0833333 0.577538 152.2846221923828
2 0.237705 0.163542 0.0374707 0.0645833 0.626889 152.2846221923828
2 0.346019 0.31875 0.0433255 0.0875 0.672289 152.2846221923828
2 0.473653 0.370833 0.0503513 0.0916667 0.714165 152.2846221923828
