2 0.358899 0.0520833 0.0199063 0.0375 0.250934 104.89130020141602
2 0.290398 0.046875 0.0257611 0.0520833 0.264805 104.89130020141602
2 0.334309 0.253125 0.0737705 0.20625 0.352632 104.89130020141602
2 0.388759 0.135417 0.0351288 0.0625 0.498323 104.89130020141602
2 0.290398 0.14375 0.0421546 0.075 0.637377 104.89130020141602
2 0.242389 0.805208 0.124122 0.28125 0.669314 104.89130020141602
2 0.0298595 0.965625 0.059719 0.06875 0.681417 104.89130020141602
2 0.498244 0.598958 0.0737705 0.16875 0.684304 104.89130020141602
5 0.145785 0.664583 0.115925 0.25 0.696122 104.89130020141602
2 0.456089 0.311458 0.0433255 0.0770833 0.697455 104.89130020141602
2 0.419204 0.211458 0.0374707 0.05625 0.698835 104.89130020141602
2 0.23829 0.161458 0.0386417 0.0604167 0.718074 104.89130020141602
2 0.216042 0.447917 0.0690866 0.125 0.779867 104.89130020141602
