2 0.356557 0.046875 0.0199063 0.04375 0.274825 92.21911430358887
2 0.337822 0.186458 0.0550351 0.147917 0.282079 92.21911430358887
2 0.291569 0.0822917 0.0374707 0.09375 0.420268 92.21911430358887
2 0.409836 0.186458 0.0351288 0.0520833 0.438169 92.21911430358887
2 0.436183 0.254167 0.0386417 0.0666667 0.575869 92.21911430358887
2 0.161007 0.623958 0.106557 0.222917 0.590768 92.21911430358887
2 0.240047 0.383333 0.058548 0.104167 0.707809 92.21911430358887
2 0.480679 0.436458 0.0620609 0.11875 0.728963 92.21911430358887
2 0.0386417 0.946875 0.0772834 0.102083 0.756333 92.21911430358887
2 0.313232 0.511458 0.0667447 0.14375 0.756761 92.21911430358887
2 0.23829 0.161458 0.0386417 0.05625 0.762701 92.21911430358887
