2 0.357728 0.0510417 0.0199063 0.0395833 0.268735 107.57255554199219
2 0.336651 0.253125 0.0737705 0.222917 0.40208 107.57255554199219
2 0.388759 0.133333 0.0351288 0.0583333 0.415518 107.57255554199219
2 0.292155 0.1375 0.0386417 0.075 0.586801 107.57255554199219
5 0.14637 0.658333 0.112412 0.241667 0.611452 107.57255554199219
2 0.419204 0.210417 0.0351288 0.0541667 0.623579 107.57255554199219
2 0.0286885 0.9625 0.057377 0.075 0.672895 107.57255554199219
2 0.258782 0.736458 0.107728 0.252083 0.680317 107.57255554199219
2 0.236534 0.163542 0.0421546 0.0604167 0.701882 107.57255554199219
2 0.45082 0.3 0.0421546 0.075 0.706744 107.57255554199219
2 0.496487 0.561458 0.0679157 0.152083 0.739398 107.57255554199219
2 0.220726 0.4375 0.0644028 0.125 0.745576 107.57255554199219
