5 0.141686 0.3875 0.147541 0.145833 0.259131 120.20158767700195
2 0.290984 0.0989583 0.0245902 0.0520833 0.349674 120.20158767700195
2 0.428571 0.216667 0.0398126 0.0666667 0.401527 120.20158767700195
2 0.255269 0.336458 0.0866511 0.15625 0.428302 120.20158767700195
2 0.33548 0.152083 0.0362998 0.0541667 0.55876 120.20158767700195
2 0.235363 0.1625 0.0444965 0.0625 0.562686 120.20158767700195
2 0.339578 0.252083 0.0351288 0.0666667 0.602426 120.20158767700195
2 0.283958 0.194792 0.0433255 0.0979167 0.628612 120.20158767700195
2 0.185012 0.530208 0.0913349 0.160417 0.643865 120.20158767700195
2 0.322014 0.505208 0.0655738 0.14375 0.666077 120.20158767700195
2 0.459016 0.314583 0.0421546 0.0791667 0.699014 120.20158767700195
5 0.505269 0.564583 0.0714286 0.166667 0.70489 120.20158767700195
5 0.0977752 0.779167 0.141686 0.295833 0.766627 120.20158767700195
