2 0.403981 0.18125 0.0398126 0.0583333 0.303733 113.39783668518066
2 0.289227 0.127083 0.028103 0.0541667 0.30986 113.39783668518066
5 0.528689 0.777083 0.087822 0.275 0.437333 113.39783668518066
2 0.446721 0.257292 0.0456674 0.0770833 0.531972 113.39783668518066
2 0.280445 0.217708 0.0480094 0.110417 0.564447 113.39783668518066
2 0.288642 0.672917 0.0901639 0.2125 0.578119 113.39783668518066
2 0.236534 0.163542 0.0444965 0.0645833 0.591708 113.39783668518066
2 0.244731 0.358333 0.0843091 0.158333 0.598972 113.39783668518066
2 0.337822 0.183333 0.0339578 0.0541667 0.624263 113.39783668518066
2 0.176815 0.55 0.0936768 0.170833 0.683687 113.39783668518066
2 0.339578 0.30625 0.0398126 0.0791667 0.691106 113.39783668518066
2 0.47541 0.388542 0.0515222 0.10625 0.711396 113.39783668518066
5 0.0766979 0.836458 0.153396 0.30625 0.747879 113.39783668518066
