2 0.166276 0.388542 0.0960187 0.102083 0.323912 93.17278861999512
2 0.468384 0.371875 0.0608899 0.16875 0.361774 93.17278861999512
2 0.331382 0.09375 0.0327869 0.05 0.402675 93.17278861999512
2 0.289227 0.075 0.0257611 0.0291667 0.41461 93.17278861999512
2 0.278103 0.261458 0.0362998 0.0604167 0.607476 93.17278861999512
2 0.323185 0.502083 0.0632318 0.133333 0.654625 93.17278861999512
2 0.236534 0.164583 0.0421546 0.0625 0.689373 93.17278861999512
2 0.343091 0.25625 0.0374707 0.0708333 0.691205 93.17278861999512
2 0.248244 0.365625 0.0655738 0.122917 0.717641 93.17278861999512
5 0.154567 0.595833 0.142857 0.3125 0.886934 93.17278861999512
