2 0.190867 0.957292 0.112412 0.0854167 0.353025 133.8489055633545
2 0.409251 0.184375 0.0362998 0.0520833 0.423933 133.8489055633545
2 0.292155 0.0822917 0.0339578 0.08125 0.453455 133.8489055633545
2 0.43267 0.248958 0.0386417 0.06875 0.565899 133.8489055633545
5 0.166276 0.6125 0.100703 0.220833 0.585099 133.8489055633545
2 0.242389 0.375 0.0538642 0.0958333 0.703714 133.8489055633545
2 0.31733 0.484375 0.058548 0.135417 0.714254 133.8489055633545
2 0.237705 0.160417 0.0374707 0.0583333 0.749555 133.8489055633545
2 0.479508 0.423958 0.059719 0.110417 0.75959 133.8489055633545
2 0.0415691 0.940625 0.0831382 0.11875 0.805537 133.8489055633545
