2 0.333724 0.140625 0.0327869 0.0520833 0.426725 92.80180931091309
2 0.406323 0.189583 0.0398126 0.0666667 0.441733 92.80180931091309
2 0.276347 0.248958 0.0538642 0.11875 0.449262 92.80180931091309
5 0.186183 0.50625 0.0796253 0.141667 0.467014 92.80180931091309
5 0.49356 0.554167 0.059719 0.15 0.561014 92.80180931091309
2 0.237119 0.163542 0.0433255 0.0604167 0.565184 92.80180931091309
2 0.455504 0.303125 0.0468384 0.0770833 0.636914 92.80180931091309
2 0.346604 0.248958 0.0374707 0.06875 0.688851 92.80180931091309
5 0.250585 0.629167 0.194379 0.541667 0.7129 92.80180931091309
5 0.129391 0.689583 0.111241 0.25 0.757602 92.80180931091309
