7 0.0679157 0.828125 0.135831 0.322917 0.33014 110.81743240356445
2 0.2863 0.220833 0.0316159 0.0541667 0.355387 110.81743240356445
2 0.329625 0.078125 0.0245902 0.0395833 0.406344 110.81743240356445
2 0.442623 0.272917 0.058548 0.104167 0.520042 110.81743240356445
2 0.344262 0.177083 0.0351288 0.0541667 0.560376 110.81743240356445
2 0.235948 0.1625 0.0433255 0.0625 0.624857 110.81743240356445
2 0.492974 0.49375 0.058548 0.154167 0.653253 110.81743240356445
2 0.348361 0.314583 0.0433255 0.0791667 0.709167 110.81743240356445
2 0.269321 0.298958 0.0491803 0.10625 0.738622 110.81743240356445
5 0.219555 0.432292 0.0971897 0.222917 0.777261 110.81743240356445
