7 0.199649 0.480208 0.108899 0.172917 0.265711 136.2309455871582
2 0.284543 0.188542 0.0351288 0.0604167 0.329687 136.2309455871582
2 0.330211 0.0854167 0.028103 0.0458333 0.380454 136.2309455871582
2 0.341335 0.135417 0.029274 0.0375 0.385266 136.2309455871582
2 0.391101 0.127083 0.0327869 0.0583333 0.437652 136.2309455871582
2 0.421546 0.205208 0.0374707 0.0645833 0.530794 136.2309455871582
2 0.264637 0.69375 0.107728 0.245833 0.617777 136.2309455871582
2 0.266979 0.278125 0.058548 0.135417 0.625137 136.2309455871582
2 0.236534 0.163542 0.0421546 0.0645833 0.668347 136.2309455871582
2 0.338407 0.361458 0.0538642 0.102083 0.712361 136.2309455871582
2 0.460187 0.352083 0.0515222 0.0958333 0.779497 136.2309455871582
2 0.088993 0.771875 0.140515 0.252083 0.802816 136.2309455871582
5 0.508782 0.6125 0.0714286 0.2 0.815977 136.2309455871582
