2 0.153981 0.419792 0.106557 0.127083 0.3229 148.70691299438477
2 0.292155 0.0833333 0.0245902 0.0291667 0.332136 148.70691299438477
2 0.332553 0.1 0.0327869 0.05 0.447084 148.70691299438477
5 0.477752 0.430208 0.0679157 0.197917 0.556103 148.70691299438477
2 0.274005 0.280208 0.0444965 0.0729167 0.628781 148.70691299438477
2 0.300351 0.6 0.0784543 0.179167 0.632286 148.70691299438477
2 0.339578 0.29375 0.0398126 0.0791667 0.67014 148.70691299438477
2 0.237119 0.1625 0.0409836 0.0625 0.673801 148.70691299438477
2 0.237705 0.392708 0.0679157 0.147917 0.719725 148.70691299438477
5 0.124707 0.66875 0.167447 0.366667 0.900505 148.70691299438477
