2 0.289227 0.16875 0.030445 0.0458333 0.253362 101.76658630371094
2 0.334309 0.108333 0.0316159 0.05 0.267037 101.76658630371094
2 0.343091 0.164583 0.030445 0.0541667 0.377978 101.76658630371094
2 0.262295 0.308333 0.0679157 0.141667 0.549525 101.76658630371094
2 0.443208 0.258333 0.0433255 0.075 0.569128 101.76658630371094
2 0.157494 0.569792 0.118267 0.189583 0.586844 101.76658630371094
2 0.183255 0.9375 0.132318 0.125 0.604387 101.76658630371094
2 0.401054 0.157292 0.0386417 0.0770833 0.614664 101.76658630371094
2 0.237119 0.1625 0.0433255 0.0625 0.669629 101.76658630371094
2 0.471897 0.465625 0.058548 0.122917 0.73057 101.76658630371094
2 0.316745 0.485417 0.0644028 0.133333 0.75138 101.76658630371094
2 0.043911 0.9125 0.0854801 0.175 0.756039 101.76658630371094
