2 0.356557 0.046875 0.0199063 0.04375 0.251529 154.76250648498535
2 0.337822 0.2125 0.0620609 0.183333 0.365276 154.76250648498535
2 0.412178 0.191667 0.0351288 0.0583333 0.431688 154.76250648498535
5 0.156909 0.634375 0.105386 0.23125 0.437191 154.76250648498535
2 0.291569 0.103125 0.0351288 0.0770833 0.444177 154.76250648498535
2 0.437939 0.265625 0.0421546 0.0604167 0.647593 154.76250648498535
2 0.483607 0.448958 0.0608899 0.13125 0.686749 154.76250648498535
2 0.0357143 0.952083 0.0714286 0.0958333 0.696988 154.76250648498535
2 0.237119 0.39375 0.0644028 0.1 0.718697 154.76250648498535
2 0.305035 0.542708 0.0737705 0.160417 0.743041 154.76250648498535
2 0.23829 0.160417 0.0386417 0.0583333 0.768976 154.76250648498535
