2 0.327283 0.059375 0.0245902 0.0270833 0.271757 125.53906440734863
2 0.367096 0.0697917 0.0222482 0.03125 0.289601 125.53906440734863
2 0.50644 0.517708 0.0620609 0.14375 0.423386 125.53906440734863
2 0.395199 0.141667 0.0316159 0.05 0.430394 125.53906440734863
2 0.293911 0.10625 0.030445 0.0416667 0.462689 125.53906440734863
2 0.154567 0.94375 0.128806 0.1125 0.529223 125.53906440734863
2 0.340164 0.1875 0.0339578 0.0541667 0.602002 125.53906440734863
2 0.460187 0.284375 0.0444965 0.0770833 0.631077 125.53906440734863
2 0.237119 0.1625 0.0386417 0.0625 0.659865 125.53906440734863
2 0.342506 0.304167 0.0480094 0.0833333 0.740208 125.53906440734863
2 0.143443 0.638542 0.0948478 0.177083 0.756316 125.53906440734863
2 0.30445 0.467708 0.0655738 0.135417 0.769195 125.53906440734863
