2 0.29274 0.0770833 0.0234192 0.0541667 0.261734 124.30834770202637
2 0.386417 0.115625 0.0327869 0.0520833 0.366046 124.30834770202637
2 0.338407 0.160417 0.0327869 0.05 0.45833 124.30834770202637
2 0.233021 0.732292 0.112412 0.239583 0.552119 124.30834770202637
2 0.448478 0.255208 0.0444965 0.0645833 0.597567 124.30834770202637
2 0.236534 0.163542 0.0398126 0.0645833 0.624761 124.30834770202637
2 0.201405 0.49375 0.0702576 0.129167 0.672309 124.30834770202637
2 0.345433 0.25 0.0398126 0.0666667 0.679547 124.30834770202637
2 0.32377 0.364583 0.0526932 0.1 0.691368 124.30834770202637
2 0.498244 0.448958 0.057377 0.122917 0.691807 124.30834770202637
