2 0.366511 0.0666667 0.0210773 0.0333333 0.250581 131.272554397583
2 0.291569 0.103125 0.0327869 0.0479167 0.397097 131.272554397583
2 0.394614 0.139583 0.0327869 0.05 0.447936 131.272554397583
2 0.340749 0.185417 0.0351288 0.0541667 0.587672 131.272554397583
2 0.504684 0.511458 0.0608899 0.147917 0.615713 131.272554397583
2 0.459602 0.284375 0.0409836 0.0770833 0.642427 131.272554397583
2 0.237119 0.163542 0.0386417 0.0645833 0.64867 131.272554397583
2 0.157494 0.932292 0.129977 0.135417 0.688368 131.272554397583
2 0.343677 0.297917 0.0433255 0.0791667 0.760845 131.272554397583
2 0.309719 0.457292 0.0620609 0.135417 0.794296 131.272554397583
2 0.150468 0.621875 0.0948478 0.177083 0.831937 131.272554397583
