2 0.326698 0.0625 0.0257611 0.0291667 0.306035 107.42068290710449
5 0.510539 0.5375 0.0632318 0.15 0.476554 107.42068290710449
2 0.294496 0.110417 0.029274 0.0416667 0.510655 107.42068290710449
2 0.397541 0.147917 0.0316159 0.0458333 0.55294 107.42068290710449
2 0.12178 0.690625 0.105386 0.197917 0.644467 107.42068290710449
2 0.460773 0.292708 0.0480094 0.0770833 0.653305 107.42068290710449
2 0.237119 0.163542 0.0386417 0.0645833 0.661875 107.42068290710449
2 0.340749 0.194792 0.0327869 0.05625 0.680262 107.42068290710449
2 0.298595 0.503125 0.0702576 0.147917 0.72997 107.42068290710449
2 0.340749 0.319792 0.0444965 0.08125 0.784577 107.42068290710449
