2 0.29274 0.0770833 0.0234192 0.05 0.300746 134.12189483642578
2 0.385831 0.116667 0.0316159 0.05 0.41673 134.12189483642578
2 0.337822 0.152083 0.0339578 0.05 0.538778 134.12189483642578
2 0.241218 0.70625 0.112412 0.233333 0.591327 134.12189483642578
2 0.447892 0.253125 0.0433255 0.0645833 0.616366 134.12189483642578
2 0.236534 0.163542 0.0398126 0.0645833 0.64764 134.12189483642578
2 0.204918 0.483333 0.0679157 0.125 0.682387 134.12189483642578
2 0.497658 0.441667 0.0538642 0.116667 0.710428 134.12189483642578
2 0.326112 0.35625 0.0480094 0.1 0.7212 134.12189483642578
2 0.343091 0.244792 0.0421546 0.0645833 0.751497 134.12189483642578
