2 0.387588 0.119792 0.0327869 0.0520833 0.264635 104.22110557556152
2 0.293326 0.0927083 0.0245902 0.0395833 0.268164 104.22110557556152
2 0.504684 0.613542 0.0491803 0.0395833 0.288299 104.22110557556152
5 0.188525 0.522917 0.0843091 0.1375 0.424898 104.22110557556152
2 0.450234 0.260417 0.0409836 0.0708333 0.492335 104.22110557556152
2 0.212529 0.801042 0.125293 0.289583 0.502995 104.22110557556152
2 0.338993 0.1625 0.0339578 0.0541667 0.529391 104.22110557556152
2 0.237119 0.163542 0.0386417 0.0645833 0.643423 104.22110557556152
2 0.501171 0.4625 0.058548 0.1375 0.687842 104.22110557556152
2 0.344848 0.261458 0.0409836 0.0729167 0.704868 104.22110557556152
2 0.320843 0.3875 0.0562061 0.116667 0.784766 104.22110557556152
