2 0.327283 0.06875 0.0222482 0.0333333 0.273395 134.72628593444824
2 0.370609 0.08125 0.0199063 0.0291667 0.274941 134.72628593444824
2 0.29274 0.119792 0.028103 0.04375 0.28592 134.72628593444824
5 0.072014 0.802083 0.122951 0.233333 0.429885 134.72628593444824
2 0.279859 0.578125 0.0843091 0.202083 0.455076 134.72628593444824
2 0.403981 0.161458 0.0327869 0.0520833 0.638678 134.72628593444824
2 0.236534 0.1625 0.0398126 0.0625 0.652938 134.72628593444824
5 0.512295 0.582292 0.0667447 0.177083 0.688073 134.72628593444824
2 0.340749 0.211458 0.0351288 0.05625 0.695696 134.72628593444824
2 0.336651 0.357292 0.0480094 0.09375 0.752666 134.72628593444824
2 0.467213 0.309375 0.0444965 0.0854167 0.770606 134.72628593444824
