2 0.381148 0.435417 0.0222482 0.0333333 0.291948 117.39087104797363
2 0.411593 0.448958 0.029274 0.0395833 0.307906 117.39087104797363
2 0.45726 0.420833 0.0269321 0.0375 0.325655 117.39087104797363
2 0.270492 0.563542 0.0444965 0.05625 0.579815 117.39087104797363
2 0.433255 0.509375 0.0351288 0.05625 0.600176 117.39087104797363
2 0.688525 0.539583 0.0351288 0.0583333 0.621007 117.39087104797363
2 0.363583 0.525 0.0362998 0.05 0.639497 117.39087104797363
2 0.295667 0.622917 0.0620609 0.0916667 0.684378 117.39087104797363
2 0.399297 0.597917 0.0468384 0.0791667 0.729594 117.39087104797363
2 0.594848 0.607292 0.0444965 0.08125 0.745036 117.39087104797363
2 0.131733 0.93125 0.137002 0.133333 0.818551 117.39087104797363
2 0.912178 0.8 0.114754 0.1625 0.849821 117.39087104797363
