2 0.344848 0.485417 0.029274 0.0375 0.263151 110.0010871887207
2 0.559719 0.422917 0.0187354 0.0375 0.26322 110.0010871887207
2 0.577869 0.438542 0.0222482 0.03125 0.267151 110.0010871887207
2 0.659836 0.504167 0.0269321 0.0416667 0.357722 110.0010871887207
2 0.429742 0.417708 0.0234192 0.0395833 0.370256 110.0010871887207
2 0.439696 0.489583 0.0316159 0.0458333 0.640078 110.0010871887207
2 0.619438 0.525 0.0374707 0.05 0.684938 110.0010871887207
2 0.358314 0.548958 0.0398126 0.0520833 0.716088 110.0010871887207
2 0.234778 0.60625 0.057377 0.075 0.732951 110.0010871887207
2 0.108899 0.927083 0.161592 0.145833 0.799224 110.0010871887207
2 0.403396 0.651042 0.0550351 0.0770833 0.804885 110.0010871887207
