2 0.342506 0.4875 0.0269321 0.0416667 0.326363 105.44252395629883
2 0.44555 0.458333 0.029274 0.0375 0.355063 105.44252395629883
2 0.381733 0.498958 0.0327869 0.04375 0.389161 105.44252395629883
2 0.592506 0.405208 0.0351288 0.05625 0.447887 105.44252395629883
2 0.682084 0.527083 0.0339578 0.0541667 0.625186 105.44252395629883
2 0.357143 0.71875 0.0679157 0.1 0.644441 105.44252395629883
2 0.400468 0.583333 0.0421546 0.0625 0.697891 105.44252395629883
2 0.895199 0.909375 0.169789 0.18125 0.701942 105.44252395629883
2 0.137588 0.734375 0.0971897 0.110417 0.739941 105.44252395629883
2 0.0942623 0.945833 0.172131 0.108333 0.76022 105.44252395629883
2 0.576112 0.551042 0.0398126 0.0645833 0.79904 105.44252395629883
2 0.869438 0.761458 0.0925059 0.127083 0.854372 105.44252395629883
