2 0.477166 0.373958 0.0175644 0.0270833 0.253875 109.91168022155762
2 0.451991 0.48125 0.0210773 0.0416667 0.289646 109.91168022155762
2 0.401054 0.417708 0.0245902 0.0354167 0.289963 109.91168022155762
2 0.405738 0.4625 0.0222482 0.0416667 0.3022 109.91168022155762
2 0.372365 0.458333 0.030445 0.0375 0.472072 109.91168022155762
2 0.249415 0.585417 0.0562061 0.0708333 0.595307 109.91168022155762
2 0.42623 0.511458 0.0468384 0.0854167 0.664491 109.91168022155762
2 0.279274 0.930208 0.125293 0.135417 0.773278 109.91168022155762
2 0.290398 0.663542 0.0679157 0.0895833 0.79665 109.91168022155762
2 0.107728 0.766667 0.107728 0.125 0.810467 109.91168022155762
