2 0.442037 0.469792 0.0386417 0.0645833 0.281562 103.90853881835938
2 0.451405 0.446875 0.029274 0.0354167 0.345595 103.90853881835938
2 0.309719 0.585417 0.113583 0.158333 0.374174 103.90853881835938
2 0.38993 0.4875 0.028103 0.0416667 0.403409 103.90853881835938
2 0.569672 0.514583 0.0362998 0.0708333 0.461018 103.90853881835938
2 0.747073 0.725 0.103044 0.179167 0.515028 103.90853881835938
2 0.438525 0.497917 0.0362998 0.05 0.540544 103.90853881835938
2 0.282201 0.941667 0.131148 0.116667 0.688935 103.90853881835938
2 0.237119 0.598958 0.0526932 0.06875 0.716747 103.90853881835938
2 0.680913 0.523958 0.0362998 0.0520833 0.729064 103.90853881835938
2 0.401054 0.602083 0.0433255 0.0666667 0.750594 103.90853881835938
