2 0.447892 0.45625 0.029274 0.0333333 0.333013 118.39962005615234
2 0.639344 0.485417 0.0351288 0.0458333 0.353095 118.39962005615234
5 0.336066 0.459375 0.0749414 0.13125 0.513395 118.39962005615234
2 0.588408 0.475 0.0339578 0.0416667 0.583403 118.39962005615234
2 0.370609 0.516667 0.0386417 0.05 0.674215 118.39962005615234
2 0.648712 0.584375 0.0491803 0.0729167 0.684386 118.39962005615234
2 0.818501 0.7 0.0772834 0.116667 0.725906 118.39962005615234
2 0.185597 0.661458 0.0737705 0.0854167 0.73145 118.39962005615234
2 0.272834 0.952083 0.114754 0.0958333 0.735671 118.39962005615234
2 0.427986 0.536458 0.0362998 0.0604167 0.764039 118.39962005615234
2 0.178571 0.833333 0.111241 0.141667 0.796583 118.39962005615234
