2 0.465457 0.402083 0.0269321 0.0375 0.293454 107.37895965576172
2 0.545082 0.435417 0.0245902 0.025 0.3618 107.37895965576172
2 0.602459 0.441667 0.0222482 0.0291667 0.381671 107.37895965576172
2 0.36007 0.471875 0.029274 0.04375 0.397388 107.37895965576172
2 0.744145 0.955208 0.108899 0.0895833 0.437261 107.37895965576172
2 0.43267 0.484375 0.0316159 0.04375 0.56125 107.37895965576172
2 0.216042 0.640625 0.0550351 0.08125 0.741614 107.37895965576172
2 0.309719 0.953125 0.113583 0.09375 0.759179 107.37895965576172
2 0.413349 0.586458 0.0444965 0.05625 0.763728 107.37895965576172
2 0.121194 0.917708 0.137002 0.160417 0.877228 107.37895965576172
