2 0.349532 0.475 0.0316159 0.0458333 0.280027 118.39699745178223
2 0.388173 0.476042 0.0386417 0.04375 0.35184 118.39699745178223
2 0.629977 0.464583 0.0257611 0.0458333 0.49823 118.39699745178223
2 0.590164 0.463542 0.0327869 0.04375 0.527707 118.39699745178223
2 0.423302 0.53125 0.0386417 0.0666667 0.642604 118.39699745178223
2 0.34192 0.565625 0.0398126 0.05625 0.655552 118.39699745178223
5 0.261124 0.532292 0.0725995 0.15625 0.711033 118.39699745178223
2 0.220726 0.775 0.0971897 0.141667 0.723431 118.39699745178223
2 0.401639 0.640625 0.0468384 0.0770833 0.765585 118.39699745178223
2 0.747073 0.603125 0.0538642 0.08125 0.767751 118.39699745178223
