2 0.39637 0.453125 0.029274 0.0645833 0.250866 108.42514038085938
2 0.596019 0.463542 0.028103 0.04375 0.346482 108.42514038085938
2 0.331967 0.623958 0.0526932 0.09375 0.35337 108.42514038085938
2 0.274005 0.559375 0.0374707 0.05625 0.550014 108.42514038085938
2 0.604801 0.6125 0.057377 0.104167 0.597512 108.42514038085938
2 0.329625 0.589583 0.0526932 0.075 0.64269 108.42514038085938
2 0.0421546 0.891667 0.0843091 0.195833 0.662918 108.42514038085938
2 0.762295 0.636458 0.0562061 0.08125 0.680477 108.42514038085938
2 0.336651 0.686458 0.0526932 0.0895833 0.729456 108.42514038085938
2 0.428571 0.517708 0.0398126 0.06875 0.752692 108.42514038085938
2 0.118852 0.930208 0.139344 0.135417 0.806723 108.42514038085938
