2 0.421546 0.429167 0.0234192 0.0416667 0.289448 127.81834602355957
2 0.454918 0.436458 0.0245902 0.03125 0.398556 127.81834602355957
5 0.348946 0.45 0.0702576 0.104167 0.557939 127.81834602355957
2 0.687939 0.535417 0.0339578 0.0625 0.658249 127.81834602355957
2 0.126464 0.747917 0.0960187 0.120833 0.691795 127.81834602355957
2 0.425059 0.53125 0.0327869 0.0541667 0.701171 127.81834602355957
2 0.262881 0.58125 0.0503513 0.0708333 0.741575 127.81834602355957
2 0.656323 0.55625 0.0409836 0.075 0.748673 127.81834602355957
2 0.344848 0.76875 0.0761124 0.116667 0.783835 127.81834602355957
2 0.188525 0.8375 0.105386 0.141667 0.796991 127.81834602355957
