2 0.36007 0.464583 0.0222482 0.0416667 0.252236 111.17410659790039
2 0.454333 0.425 0.0210773 0.0333333 0.291256 111.17410659790039
2 0.401054 0.473958 0.0316159 0.04375 0.361688 111.17410659790039
2 0.548595 0.464583 0.029274 0.0416667 0.386521 111.17410659790039
2 0.015808 0.810417 0.0316159 0.283333 0.406848 111.17410659790039
7 0.679157 0.491667 0.0819672 0.120833 0.490332 111.17410659790039
2 0.317916 0.875 0.106557 0.179167 0.519698 111.17410659790039
2 0.244731 0.59375 0.0515222 0.0791667 0.686002 111.17410659790039
2 0.423302 0.548958 0.0339578 0.05625 0.709912 111.17410659790039
2 0.387002 0.647917 0.0526932 0.0875 0.744835 111.17410659790039
2 0.325527 0.580208 0.0444965 0.0604167 0.750908 111.17410659790039
2 0.145785 0.913542 0.132318 0.16875 0.858959 111.17410659790039
