2 0.448478 0.465625 0.0327869 0.0520833 0.261487 134.28997993469238
2 0.354215 0.469792 0.0269321 0.04375 0.329601 134.28997993469238
2 0.390515 0.471875 0.0339578 0.04375 0.379196 134.28997993469238
7 0.0316159 0.823958 0.0632318 0.29375 0.509144 134.28997993469238
2 0.600703 0.48125 0.0351288 0.0416667 0.546989 134.28997993469238
2 0.639344 0.478125 0.030445 0.0479167 0.552624 134.28997993469238
2 0.4274 0.516667 0.0398126 0.0625 0.648292 134.28997993469238
2 0.348946 0.551042 0.0351288 0.05625 0.677116 134.28997993469238
2 0.244145 0.733333 0.087822 0.120833 0.685068 134.28997993469238
2 0.778689 0.642708 0.0608899 0.09375 0.760868 134.28997993469238
2 0.281616 0.952083 0.125293 0.0958333 0.764011 134.28997993469238
2 0.40808 0.615625 0.0456674 0.0770833 0.768211 134.28997993469238
5 0.272248 0.525 0.0667447 0.154167 0.792497 134.28997993469238
