2 0.591335 0.4625 0.030445 0.0416667 0.28971 100.39043426513672
2 0.542155 0.435417 0.0257611 0.0333333 0.307289 100.39043426513672
2 0.399297 0.464583 0.028103 0.0375 0.403105 100.39043426513672
5 0.624122 0.425 0.0538642 0.1125 0.495827 100.39043426513672
2 0.623536 0.513542 0.0339578 0.0479167 0.587343 100.39043426513672
2 0.433255 0.510417 0.030445 0.05 0.589327 100.39043426513672
2 0.308548 0.521875 0.0362998 0.0520833 0.60306 100.39043426513672
2 0.371194 0.515625 0.0327869 0.0479167 0.621408 100.39043426513672
2 0.30445 0.617708 0.0562061 0.0854167 0.656645 100.39043426513672
2 0.679157 0.623958 0.0562061 0.0979167 0.69119 100.39043426513672
2 0.127049 0.745833 0.118267 0.125 0.730746 100.39043426513672
2 0.387002 0.671875 0.0550351 0.09375 0.744764 100.39043426513672
2 0.58548 0.602083 0.0491803 0.075 0.812924 100.39043426513672
