2 0.407494 0.452083 0.030445 0.0375 0.258346 127.7768611907959
2 0.608899 0.433333 0.0257611 0.0375 0.390645 127.7768611907959
2 0.34192 0.494792 0.0327869 0.0479167 0.437481 127.7768611907959
7 0.278103 0.529167 0.0690866 0.116667 0.481322 127.7768611907959
5 0.29274 0.870833 0.138173 0.25 0.506513 127.7768611907959
2 0.672131 0.521875 0.0398126 0.0479167 0.52993 127.7768611907959
2 0.607143 0.485417 0.0339578 0.05 0.54321 127.7768611907959
2 0.441452 0.464583 0.0444965 0.0708333 0.552566 127.7768611907959
2 0.370023 0.517708 0.0351288 0.05625 0.662367 127.7768611907959
2 0.42096 0.553125 0.0339578 0.0604167 0.736953 127.7768611907959
2 0.296838 0.634375 0.0550351 0.08125 0.737446 127.7768611907959
2 0.843677 0.73125 0.0831382 0.116667 0.773594 127.7768611907959
2 0.0866511 0.80625 0.114754 0.133333 0.861748 127.7768611907959
2 0.581382 0.555208 0.0433255 0.0895833 0.865421 127.7768611907959
