2 0.326112 0.555208 0.059719 0.06875 0.321192 121.24013900756836
2 0.543326 0.442708 0.0234192 0.04375 0.32208 121.24013900756836
2 0.449063 0.467708 0.0269321 0.04375 0.354915 121.24013900756836
2 0.391101 0.479167 0.0327869 0.0416667 0.457255 121.24013900756836
7 0.208431 0.605208 0.105386 0.16875 0.553514 121.24013900756836
2 0.303279 0.533333 0.0374707 0.0583333 0.607125 121.24013900756836
2 0.424473 0.5125 0.0433255 0.0916667 0.619257 121.24013900756836
2 0.683255 0.532292 0.0362998 0.0520833 0.637545 121.24013900756836
2 0.336066 0.583333 0.0421546 0.0666667 0.715428 121.24013900756836
2 0.392272 0.647917 0.0515222 0.0875 0.770101 121.24013900756836
2 0.220726 0.778125 0.0854801 0.127083 0.809441 121.24013900756836
