2 0.457845 0.430208 0.0234192 0.04375 0.397196 115.81182479858398
2 0.63466 0.466667 0.0257611 0.0333333 0.403123 115.81182479858398
2 0.709602 0.869792 0.112412 0.214583 0.480476 115.81182479858398
2 0.423888 0.422917 0.030445 0.0416667 0.489729 115.81182479858398
2 0.276932 0.945833 0.120609 0.108333 0.524294 115.81182479858398
2 0.601874 0.475 0.028103 0.0416667 0.581489 115.81182479858398
2 0.43267 0.525 0.0339578 0.0458333 0.656206 115.81182479858398
2 0.55445 0.484375 0.029274 0.0520833 0.668247 115.81182479858398
2 0.374707 0.513542 0.030445 0.0479167 0.696818 115.81182479858398
2 0.227752 0.613542 0.057377 0.0729167 0.739751 115.81182479858398
