2 0.923302 0.964583 0.132318 0.0708333 0.397729 124.91798400878906
2 0.653981 0.519792 0.0526932 0.0520833 0.490238 124.91798400878906
2 0.454333 0.44375 0.0257611 0.0333333 0.517364 124.91798400878906
5 0.344848 0.452083 0.0714286 0.1 0.572495 124.91798400878906
2 0.249415 0.594792 0.0491803 0.0729167 0.684693 124.91798400878906
2 0.419789 0.54375 0.0339578 0.0583333 0.706906 124.91798400878906
2 0.669789 0.511458 0.0327869 0.0479167 0.707888 124.91798400878906
2 0.640515 0.530208 0.0398126 0.0604167 0.708707 124.91798400878906
2 0.328454 0.827083 0.087822 0.141667 0.713693 124.91798400878906
2 0.0971897 0.784375 0.107728 0.13125 0.805674 124.91798400878906
2 0.157494 0.889583 0.118267 0.158333 0.845889 124.91798400878906
