2 0.579625 0.446875 0.0234192 0.03125 0.255644 243.35837364196777
2 0.4274 0.423958 0.030445 0.0395833 0.303044 243.35837364196777
2 0.455504 0.43125 0.0234192 0.0291667 0.357698 243.35837364196777
5 0.351874 0.447917 0.0667447 0.1 0.601029 243.35837364196777
2 0.674473 0.588542 0.0515222 0.08125 0.614059 243.35837364196777
2 0.711358 0.5625 0.0386417 0.0625 0.669407 243.35837364196777
2 0.428571 0.51875 0.0327869 0.05 0.683864 243.35837364196777
2 0.275761 0.566667 0.0503513 0.0583333 0.731126 243.35837364196777
2 0.358899 0.723958 0.0690866 0.102083 0.792615 243.35837364196777
2 0.217213 0.786458 0.0971897 0.127083 0.800436 243.35837364196777
2 0.153396 0.716667 0.0843091 0.104167 0.811115 243.35837364196777
