2 0.629391 0.458333 0.0339578 0.05 0.366437 99.95222091674805
2 0.225995 0.71875 0.100703 0.158333 0.417516 99.95222091674805
2 0.412763 0.447917 0.0269321 0.0375 0.419582 99.95222091674805
2 0.269321 0.946875 0.147541 0.10625 0.545521 99.95222091674805
2 0.454918 0.454167 0.0245902 0.0375 0.547563 99.95222091674805
2 0.313817 0.511458 0.0351288 0.0479167 0.569012 99.95222091674805
2 0.863583 0.903125 0.14637 0.19375 0.729161 99.95222091674805
2 0.735363 0.95625 0.124122 0.0875 0.763059 99.95222091674805
2 0.379391 0.661458 0.0562061 0.0854167 0.771752 99.95222091674805
2 0.820843 0.679167 0.0702576 0.0958333 0.783793 99.95222091674805
