2 0.544496 0.440625 0.0187354 0.0229167 0.303302 98.2048511505127
2 0.408665 0.45 0.028103 0.0375 0.321606 98.2048511505127
7 0.350117 0.45625 0.0421546 0.0791667 0.346401 98.2048511505127
2 0.453162 0.457292 0.028103 0.0354167 0.401225 98.2048511505127
2 0.375878 0.50625 0.0327869 0.0458333 0.51905 98.2048511505127
2 0.76815 0.619792 0.0679157 0.11875 0.520393 98.2048511505127
2 0.287471 0.557292 0.0362998 0.06875 0.537203 98.2048511505127
2 0.411593 0.55 0.0550351 0.1 0.547995 98.2048511505127
2 0.59719 0.584375 0.0421546 0.0729167 0.685076 98.2048511505127
2 0.207845 0.777083 0.0854801 0.104167 0.853159 98.2048511505127
