2 0.409836 0.452083 0.0327869 0.0375 0.336216 135.78200340270996
7 0.651054 0.540625 0.058548 0.127083 0.430997 135.78200340270996
2 0.628806 0.457292 0.0234192 0.0354167 0.446952 135.78200340270996
2 0.443208 0.475 0.0316159 0.0416667 0.487448 135.78200340270996
2 0.546838 0.461458 0.028103 0.0354167 0.515088 135.78200340270996
2 0.333138 0.491667 0.0339578 0.0458333 0.596717 135.78200340270996
2 0.298595 0.902083 0.124122 0.175 0.616484 135.78200340270996
2 0.377049 0.507292 0.0374707 0.0479167 0.681075 135.78200340270996
2 0.0667447 0.830208 0.131148 0.15625 0.709718 135.78200340270996
2 0.0761124 0.955208 0.152225 0.0895833 0.712511 135.78200340270996
2 0.282201 0.660417 0.0632318 0.0833333 0.759303 135.78200340270996
2 0.399297 0.630208 0.0468384 0.0854167 0.762941 135.78200340270996
