2 0.399297 0.471875 0.030445 0.04375 0.268301 127.44545936584473
2 0.570843 0.43125 0.0245902 0.0416667 0.330326 127.44545936584473
2 0.446721 0.463542 0.0269321 0.0395833 0.507738 127.44545936584473
2 0.357143 0.5375 0.0351288 0.0583333 0.657209 127.44545936584473
2 0.574941 0.542708 0.0351288 0.05625 0.700636 127.44545936584473
2 0.419789 0.559375 0.0362998 0.0604167 0.720307 127.44545936584473
5 0.694379 0.498958 0.107728 0.202083 0.735263 127.44545936584473
2 0.250585 0.597917 0.0562061 0.0708333 0.747501 127.44545936584473
2 0.668033 0.617708 0.0620609 0.0895833 0.773276 127.44545936584473
2 0.842506 0.85625 0.127635 0.204167 0.785101 127.44545936584473
2 0.228923 0.784375 0.106557 0.152083 0.804005 127.44545936584473
