2 0.454333 0.428125 0.0210773 0.0395833 0.314852 119.45748329162598
2 0.368267 0.452083 0.0245902 0.0375 0.336146 119.45748329162598
2 0.404567 0.459375 0.0245902 0.0395833 0.410411 119.45748329162598
2 0.740047 0.96875 0.114754 0.0625 0.414769 119.45748329162598
7 0.622365 0.438542 0.0456674 0.08125 0.429998 119.45748329162598
2 0.238876 0.6125 0.0538642 0.0708333 0.540026 119.45748329162598
2 0.422717 0.5125 0.0351288 0.05 0.625188 119.45748329162598
2 0.350117 0.788542 0.0936768 0.177083 0.636784 119.45748329162598
2 0.266979 0.694792 0.0772834 0.114583 0.729713 119.45748329162598
2 0.395785 0.591667 0.0421546 0.0666667 0.782243 119.45748329162598
2 0.834895 0.709375 0.0772834 0.11875 0.829282 119.45748329162598
