2 0.535714 0.396875 0.0269321 0.0354167 0.260225 113.27362060546875
2 0.422717 0.442708 0.030445 0.0395833 0.261162 113.27362060546875
2 0.385831 0.48125 0.029274 0.0375 0.333569 113.27362060546875
2 0.449649 0.448958 0.0257611 0.0354167 0.354907 113.27362060546875
2 0.576698 0.428125 0.0245902 0.04375 0.503327 113.27362060546875
2 0.242389 0.605208 0.0491803 0.06875 0.506965 113.27362060546875
2 0.553279 0.465625 0.0269321 0.0354167 0.650935 113.27362060546875
2 0.866511 0.75625 0.0983607 0.133333 0.688941 113.27362060546875
2 0.267564 0.679167 0.059719 0.0916667 0.696284 113.27362060546875
2 0.43267 0.513542 0.0339578 0.05625 0.722053 113.27362060546875
2 0.662763 0.596875 0.0468384 0.0729167 0.746979 113.27362060546875
2 0.358314 0.527083 0.0374707 0.05 0.75722 113.27362060546875
2 0.706089 0.55625 0.0421546 0.0625 0.762874 113.27362060546875
