2 0.416862 0.436458 0.0210773 0.0270833 0.254317 123.0459213256836
2 0.56733 0.410417 0.0245902 0.0375 0.305479 123.0459213256836
2 0.283372 0.961458 0.126464 0.0770833 0.491097 123.0459213256836
2 0.437354 0.475 0.029274 0.0416667 0.520757 123.0459213256836
2 0.336651 0.491667 0.0316159 0.0458333 0.527465 123.0459213256836
2 0.371194 0.5125 0.030445 0.0458333 0.618806 123.0459213256836
2 0.706089 0.547917 0.0421546 0.0625 0.712919 123.0459213256836
2 0.240632 0.59375 0.059719 0.0791667 0.748677 123.0459213256836
2 0.411007 0.563542 0.0444965 0.0645833 0.765042 123.0459213256836
2 0.324356 0.6 0.0491803 0.0666667 0.824078 123.0459213256836
