2 0.539227 0.420833 0.029274 0.0333333 0.263835 113.983154296875
2 0.464286 0.415625 0.0245902 0.0270833 0.29785 113.983154296875
2 0.578454 0.440625 0.028103 0.0395833 0.374906 113.983154296875
2 0.601288 0.48125 0.0269321 0.0333333 0.389766 113.983154296875
5 0.611241 0.408333 0.0444965 0.0916667 0.415515 113.983154296875
2 0.289813 0.539583 0.0386417 0.05 0.433746 113.983154296875
2 0.357728 0.539583 0.0316159 0.0541667 0.582989 113.983154296875
2 0.42623 0.530208 0.030445 0.0520833 0.686365 113.983154296875
2 0.280445 0.663542 0.0644028 0.0979167 0.710877 113.983154296875
2 0.369438 0.734375 0.0667447 0.114583 0.745245 113.983154296875
2 0.563232 0.527083 0.0351288 0.0583333 0.79136 113.983154296875
2 0.0673302 0.826042 0.132318 0.147917 0.793802 113.983154296875
2 0.633489 0.548958 0.0421546 0.0729167 0.794836 113.983154296875
