2 0.591335 0.453125 0.0210773 0.0354167 0.278253 128.51881980895996
2 0.37822 0.494792 0.0398126 0.0520833 0.355438 128.51881980895996
2 0.0275176 0.910417 0.0550351 0.116667 0.37838 128.51881980895996
5 0.635246 0.748958 0.0784543 0.135417 0.480355 128.51881980895996
2 0.444379 0.471875 0.0339578 0.0479167 0.533647 128.51881980895996
2 0.298595 0.976042 0.100703 0.0479167 0.558681 128.51881980895996
2 0.809719 0.877083 0.108899 0.183333 0.599038 128.51881980895996
2 0.574941 0.522917 0.0374707 0.05 0.630323 128.51881980895996
2 0.361241 0.5375 0.0339578 0.05 0.715758 128.51881980895996
2 0.412763 0.570833 0.0456674 0.0708333 0.726467 128.51881980895996
2 0.907494 0.794792 0.11007 0.172917 0.750702 128.51881980895996
2 0.276932 0.56875 0.0480094 0.0583333 0.76807 128.51881980895996
