2 0.453162 0.4375 0.0210773 0.025 0.331553 104.5370101928711
2 0.415691 0.445833 0.0234192 0.0375 0.391665 104.5370101928711
2 0.36534 0.4625 0.0234192 0.0416667 0.4017 104.5370101928711
2 0.388173 0.490625 0.029274 0.04375 0.495629 104.5370101928711
2 0.316745 0.5125 0.0316159 0.0416667 0.512868 104.5370101928711
2 0.422131 0.526042 0.0362998 0.05625 0.706144 104.5370101928711
2 0.175644 0.671875 0.0749414 0.0979167 0.753015 104.5370101928711
2 0.362998 0.741667 0.0772834 0.1125 0.75852 104.5370101928711
2 0.218384 0.7875 0.0971897 0.133333 0.806592 104.5370101928711
2 0.660422 0.569792 0.0491803 0.06875 0.8153 104.5370101928711
