2 0.430328 0.416667 0.0222482 0.0333333 0.279517 113.41428756713867
2 0.56089 0.485417 0.0257611 0.0416667 0.385845 113.41428756713867
2 0.377049 0.505208 0.0351288 0.0520833 0.435426 113.41428756713867
2 0.437354 0.490625 0.0339578 0.0520833 0.556541 113.41428756713867
2 0.344262 0.563542 0.0398126 0.05625 0.696959 113.41428756713867
2 0.40281 0.601042 0.0515222 0.0854167 0.736129 113.41428756713867
2 0.593677 0.608333 0.0515222 0.075 0.756589 113.41428756713867
2 0.251756 0.603125 0.0538642 0.0729167 0.767878 113.41428756713867
2 0.697307 0.670833 0.059719 0.0916667 0.769523 113.41428756713867
2 0.794496 0.664583 0.0667447 0.104167 0.817088 113.41428756713867
