2 0.443208 0.477083 0.029274 0.0416667 0.459401 91.27378463745117
2 0.562646 0.4875 0.0269321 0.0458333 0.507579 91.27378463745117
7 0.333724 0.470833 0.0491803 0.075 0.520127 91.27378463745117
2 0.399297 0.467708 0.028103 0.04375 0.560611 91.27378463745117
2 0.905738 0.929167 0.165105 0.141667 0.586356 91.27378463745117
2 0.9637 0.910417 0.0725995 0.154167 0.623583 91.27378463745117
2 0.38993 0.609375 0.0632318 0.127083 0.626835 91.27378463745117
2 0.358899 0.533333 0.0386417 0.0583333 0.677494 91.27378463745117
2 0.251756 0.602083 0.0468384 0.0791667 0.696689 91.27378463745117
2 0.686768 0.522917 0.0456674 0.0666667 0.706441 91.27378463745117
2 0.130562 0.907292 0.122951 0.147917 0.87303 91.27378463745117
