2 0.541569 0.440625 0.0245902 0.0270833 0.26891 118.46804618835449
2 0.390515 0.467708 0.0433255 0.08125 0.293944 118.46804618835449
2 0.452576 0.454167 0.0316159 0.0416667 0.393061 118.46804618835449
2 0.620023 0.447917 0.0245902 0.0375 0.43071 118.46804618835449
2 0.0234192 0.905208 0.0468384 0.110417 0.495146 118.46804618835449
2 0.33548 0.483333 0.0339578 0.05 0.502069 118.46804618835449
7 0.684426 0.497917 0.0901639 0.158333 0.609428 118.46804618835449
2 0.423302 0.536458 0.0386417 0.05625 0.707468 118.46804618835449
2 0.387002 0.644792 0.0550351 0.0979167 0.715741 118.46804618835449
2 0.570843 0.511458 0.0362998 0.0645833 0.773707 118.46804618835449
2 0.161592 0.878125 0.128806 0.177083 0.793271 118.46804618835449
