2 0.542155 0.436458 0.0210773 0.03125 0.273077 120.61572074890137
2 0.454918 0.444792 0.0269321 0.0354167 0.42144 120.61572074890137
2 0.0316159 0.946875 0.0608899 0.10625 0.507226 120.61572074890137
2 0.323185 0.505208 0.0351288 0.0479167 0.575816 120.61572074890137
2 0.433841 0.507292 0.0316159 0.0479167 0.612406 120.61572074890137
2 0.555035 0.490625 0.028103 0.0479167 0.642115 120.61572074890137
2 0.249415 0.73125 0.088993 0.1125 0.649835 120.61572074890137
2 0.327869 0.840625 0.0960187 0.16875 0.68951 120.61572074890137
2 0.38993 0.658333 0.0608899 0.075 0.70145 120.61572074890137
2 0.644614 0.558333 0.0386417 0.0625 0.711825 120.61572074890137
