2 0.362412 0.461458 0.0269321 0.0395833 0.334773 124.63498115539551
2 0.937939 0.821875 0.12178 0.172917 0.363616 124.63498115539551
2 0.447307 0.447917 0.030445 0.0375 0.376223 124.63498115539551
2 0.593091 0.457292 0.0339578 0.0604167 0.450385 124.63498115539551
2 0.393443 0.478125 0.030445 0.0395833 0.467056 124.63498115539551
2 0.36007 0.760417 0.0784543 0.133333 0.632936 124.63498115539551
2 0.295082 0.530208 0.0374707 0.0520833 0.704083 124.63498115539551
2 0.430328 0.509375 0.0362998 0.0520833 0.711131 124.63498115539551
2 0.354801 0.548958 0.0398126 0.05625 0.756888 124.63498115539551
2 0.190867 0.816667 0.107728 0.133333 0.778133 124.63498115539551
