2 0.464871 0.422917 0.0234192 0.0375 0.256024 127.0134449005127
2 0.426815 0.422917 0.0222482 0.0333333 0.302306 127.0134449005127
2 0.348361 0.525 0.0550351 0.0625 0.330145 127.0134449005127
2 0.330796 0.504167 0.0316159 0.0458333 0.438833 127.0134449005127
2 0.442037 0.4625 0.0245902 0.0333333 0.471962 127.0134449005127
2 0.624122 0.455208 0.0327869 0.0479167 0.535847 127.0134449005127
2 0.591335 0.4625 0.030445 0.0416667 0.588653 127.0134449005127
2 0.182084 0.659375 0.0737705 0.102083 0.597989 127.0134449005127
2 0.727752 0.5625 0.0644028 0.1125 0.617511 127.0134449005127
2 0.55445 0.488542 0.029274 0.04375 0.657306 127.0134449005127
2 0.372365 0.719792 0.0632318 0.114583 0.697908 127.0134449005127
2 0.257026 0.722917 0.0761124 0.1 0.704576 127.0134449005127
2 0.356557 0.542708 0.0362998 0.0520833 0.75398 127.0134449005127
