2 0.553864 0.403125 0.0257611 0.0354167 0.298354 117.40493774414062
2 0.548009 0.455208 0.028103 0.0395833 0.352587 117.40493774414062
2 0.648712 0.492708 0.0327869 0.0395833 0.476604 117.40493774414062
2 0.347775 0.486458 0.0351288 0.0479167 0.484505 117.40493774414062
2 0.40808 0.455208 0.0362998 0.0520833 0.521571 117.40493774414062
2 0.444965 0.475 0.0327869 0.0458333 0.523824 117.40493774414062
2 0.569672 0.529167 0.0362998 0.0541667 0.661837 117.40493774414062
2 0.249415 0.596875 0.0515222 0.0729167 0.69313 117.40493774414062
2 0.402225 0.627083 0.0480094 0.075 0.765972 117.40493774414062
2 0.215457 0.796875 0.100703 0.13125 0.818827 117.40493774414062
2 0.780445 0.758333 0.0925059 0.15 0.855769 117.40493774414062
