2 0.412178 0.45 0.0257611 0.0333333 0.33023 108.09803009033203
7 0.29918 0.9 0.122951 0.179167 0.362768 108.09803009033203
7 0.616511 0.422917 0.0503513 0.0958333 0.383155 108.09803009033203
5 0.383489 0.411458 0.0409836 0.08125 0.385333 108.09803009033203
2 0.327869 0.5 0.030445 0.0458333 0.394327 108.09803009033203
2 0.601874 0.48125 0.028103 0.0333333 0.422795 108.09803009033203
2 0.454918 0.448958 0.0269321 0.0354167 0.488358 108.09803009033203
2 0.353045 0.5375 0.0362998 0.0541667 0.592471 108.09803009033203
2 0.212529 0.628125 0.0550351 0.0770833 0.612174 108.09803009033203
2 0.63993 0.726042 0.0737705 0.16875 0.614175 108.09803009033203
2 0.556206 0.483333 0.0327869 0.05 0.656528 108.09803009033203
2 0.647541 0.575 0.0468384 0.0666667 0.722233 108.09803009033203
2 0.406909 0.566667 0.0456674 0.0666667 0.764307 108.09803009033203
2 0.246487 0.730208 0.0831382 0.10625 0.837087 108.09803009033203
