2 0.443794 0.46875 0.0351288 0.0541667 0.261619 138.08035850524902
2 0.384075 0.491667 0.030445 0.0416667 0.454226 138.08035850524902
2 0.320843 0.508333 0.030445 0.0416667 0.50308 138.08035850524902
2 0.272248 0.55625 0.0409836 0.05 0.552947 138.08035850524902
2 0.43911 0.495833 0.0327869 0.0458333 0.599657 138.08035850524902
2 0.666276 0.509375 0.0351288 0.0479167 0.602724 138.08035850524902
2 0.593677 0.457292 0.0327869 0.05625 0.642686 138.08035850524902
2 0.25 0.727083 0.0901639 0.1125 0.712471 138.08035850524902
2 0.399297 0.604167 0.0421546 0.0708333 0.768504 138.08035850524902
2 0.200234 0.651042 0.0702576 0.0854167 0.774991 138.08035850524902
