2 0.453162 0.444792 0.0234192 0.03125 0.294384 145.57719230651855
2 0.394614 0.48125 0.030445 0.0416667 0.320429 145.57719230651855
2 0.618852 0.445833 0.029274 0.0375 0.446587 145.57719230651855
2 0.586651 0.447917 0.028103 0.0458333 0.447809 145.57719230651855
2 0.440281 0.497917 0.028103 0.0458333 0.579927 145.57719230651855
2 0.36534 0.529167 0.0398126 0.0541667 0.596446 145.57719230651855
2 0.38466 0.690625 0.0550351 0.09375 0.646338 145.57719230651855
2 0.285714 0.940625 0.138173 0.11875 0.680822 145.57719230651855
2 0.645785 0.552083 0.0386417 0.0666667 0.717566 145.57719230651855
2 0.276347 0.554167 0.0491803 0.0708333 0.720903 145.57719230651855
2 0.747658 0.610417 0.0644028 0.0833333 0.764041 145.57719230651855
2 0.601288 0.6 0.0433255 0.0708333 0.789086 145.57719230651855
