2 0.348361 0.476042 0.029274 0.0479167 0.25188 117.40517616271973
2 0.596604 0.410417 0.0222482 0.0416667 0.30831 117.40517616271973
2 0.460187 0.416667 0.0234192 0.0291667 0.331805 117.40517616271973
2 0.384075 0.494792 0.0327869 0.04375 0.531893 117.40517616271973
2 0.422131 0.528125 0.0339578 0.0479167 0.588823 117.40517616271973
5 0.10363 0.809375 0.20726 0.36875 0.688846 117.40517616271973
2 0.264052 0.572917 0.0386417 0.0583333 0.697511 117.40517616271973
2 0.321429 0.584375 0.0480094 0.0645833 0.706118 117.40517616271973
2 0.342506 0.778125 0.0831382 0.127083 0.749831 117.40517616271973
2 0.776932 0.65 0.0690866 0.0958333 0.757683 117.40517616271973
