2 0.635246 0.471875 0.0222482 0.03125 0.256649 108.77466201782227
2 0.382318 0.447917 0.0245902 0.0375 0.331603 108.77466201782227
2 0.428571 0.420833 0.0257611 0.0416667 0.403418 108.77466201782227
2 0.333138 0.497917 0.0316159 0.0458333 0.41225 108.77466201782227
2 0.564988 0.417708 0.0269321 0.0395833 0.423797 108.77466201782227
2 0.646955 0.767708 0.0901639 0.172917 0.528105 108.77466201782227
2 0.596019 0.482292 0.0327869 0.04375 0.583833 108.77466201782227
2 0.437354 0.507292 0.0339578 0.0479167 0.693243 108.77466201782227
2 0.196136 0.651042 0.0737705 0.0895833 0.694459 108.77466201782227
2 0.340749 0.573958 0.0444965 0.05625 0.746233 108.77466201782227
2 0.38993 0.711458 0.0679157 0.0979167 0.749542 108.77466201782227
2 0.928571 0.846875 0.135831 0.16875 0.899603 108.77466201782227
