2 0.100703 0.7 0.0515222 0.0958333 0.286451 105.65638542175293
2 0.409251 0.451042 0.0316159 0.0395833 0.335964 105.65638542175293
2 0.454333 0.439583 0.0234192 0.0375 0.432728 105.65638542175293
2 0.43911 0.484375 0.030445 0.0395833 0.470605 105.65638542175293
7 0.0591335 0.786458 0.115925 0.310417 0.500447 105.65638542175293
2 0.364169 0.546875 0.0351288 0.05625 0.745988 105.65638542175293
2 0.223068 0.616667 0.0620609 0.075 0.766591 105.65638542175293
2 0.657494 0.603125 0.0503513 0.0770833 0.785893 105.65638542175293
2 0.409836 0.594792 0.0444965 0.0729167 0.788128 105.65638542175293
2 0.25 0.732292 0.087822 0.127083 0.830033 105.65638542175293
