2 0.422717 0.440625 0.0234192 0.0354167 0.281545 174.53312873840332
2 0.566745 0.416667 0.0187354 0.025 0.338685 174.53312873840332
2 0.352459 0.472917 0.0327869 0.0416667 0.365921 174.53312873840332
2 0.457845 0.435417 0.0234192 0.0291667 0.400563 174.53312873840332
2 0.389344 0.486458 0.0316159 0.0479167 0.526368 174.53312873840332
2 0.601288 0.477083 0.0269321 0.0416667 0.551771 174.53312873840332
7 0.275176 0.517708 0.117096 0.177083 0.560315 174.53312873840332
2 0.0415691 0.883333 0.0831382 0.158333 0.657033 174.53312873840332
2 0.430328 0.515625 0.0362998 0.0520833 0.733966 174.53312873840332
2 0.333724 0.840625 0.0913349 0.14375 0.759813 174.53312873840332
