2 0.556206 0.41875 0.0187354 0.0333333 0.250823 104.90155220031738
2 0.451991 0.444792 0.0257611 0.03125 0.446683 104.90155220031738
2 0.333138 0.494792 0.0339578 0.0479167 0.475856 104.90155220031738
2 0.64637 0.485417 0.0351288 0.0416667 0.527886 104.90155220031738
2 0.29918 0.9625 0.101874 0.075 0.562444 104.90155220031738
5 0.385831 0.45 0.0714286 0.133333 0.63274 104.90155220031738
2 0.264052 0.586458 0.0433255 0.06875 0.632903 104.90155220031738
2 0.4274 0.528125 0.0351288 0.0520833 0.677912 104.90155220031738
2 0.173888 0.844792 0.122951 0.152083 0.7018 104.90155220031738
2 0.043911 0.869792 0.087822 0.139583 0.747091 104.90155220031738
2 0.398126 0.65 0.0491803 0.0791667 0.836445 104.90155220031738
