2 0.577869 0.434375 0.029274 0.03125 0.255644 90.13485908508301
2 0.456089 0.45 0.0269321 0.0375 0.442104 90.13485908508301
7 0.615925 0.419792 0.0515222 0.08125 0.475887 90.13485908508301
7 0.653396 0.755208 0.0866511 0.172917 0.540451 90.13485908508301
2 0.552693 0.4625 0.0257611 0.0375 0.58253 90.13485908508301
2 0.382318 0.496875 0.0362998 0.04375 0.584145 90.13485908508301
2 0.384075 0.65625 0.0562061 0.0833333 0.71381 90.13485908508301
2 0.431499 0.528125 0.0386417 0.0479167 0.725984 90.13485908508301
2 0.107728 0.94375 0.149883 0.1125 0.727809 90.13485908508301
2 0.0925059 0.782292 0.112412 0.13125 0.827595 90.13485908508301
