2 0.545082 0.454167 0.0245902 0.0375 0.394393 123.37350845336914
2 0.451405 0.45625 0.0269321 0.0375 0.474743 123.37350845336914
2 0.359485 0.513542 0.0562061 0.0854167 0.524345 123.37350845336914
2 0.614754 0.50625 0.030445 0.0458333 0.570281 123.37350845336914
2 0.426815 0.525 0.0362998 0.0458333 0.62277 123.37350845336914
2 0.926815 0.833333 0.139344 0.170833 0.632375 123.37350845336914
2 0.193208 0.835417 0.124122 0.154167 0.684413 123.37350845336914
2 0.307377 0.522917 0.0433255 0.0541667 0.711207 123.37350845336914
2 0.374707 0.710417 0.0702576 0.0958333 0.738797 123.37350845336914
2 0.290398 0.925 0.126464 0.15 0.828629 123.37350845336914
