2 0.416862 0.441667 0.0234192 0.0333333 0.280614 106.42576217651367
2 0.369438 0.457292 0.0245902 0.0395833 0.322363 106.42576217651367
2 0.454333 0.434375 0.0234192 0.0270833 0.382461 106.42576217651367
2 0.3226 0.505208 0.0316159 0.04375 0.410578 106.42576217651367
2 0.392272 0.484375 0.0257611 0.0354167 0.416615 106.42576217651367
2 0.426815 0.516667 0.0362998 0.05 0.727689 106.42576217651367
2 0.197307 0.647917 0.0714286 0.0875 0.742358 106.42576217651367
2 0.242389 0.74375 0.0843091 0.1125 0.743991 106.42576217651367
2 0.686183 0.6125 0.0562061 0.0833333 0.745333 106.42576217651367
2 0.374707 0.708333 0.0655738 0.104167 0.786098 106.42576217651367
