2 0.431499 0.467708 0.0386417 0.0479167 0.294049 113.19446563720703
2 0.316745 0.51875 0.0316159 0.0458333 0.328678 113.19446563720703
2 0.633489 0.467708 0.0257611 0.0354167 0.331 113.19446563720703
2 0.550937 0.461458 0.029274 0.0395833 0.41971 113.19446563720703
2 0.639344 0.721875 0.0749414 0.139583 0.503749 113.19446563720703
2 0.028103 0.902083 0.0562061 0.129167 0.522689 113.19446563720703
2 0.437354 0.490625 0.0316159 0.0395833 0.544215 113.19446563720703
2 0.35363 0.545833 0.0351288 0.0541667 0.594915 113.19446563720703
2 0.285714 0.921875 0.128806 0.15625 0.643339 113.19446563720703
2 0.714871 0.567708 0.0386417 0.05625 0.693885 113.19446563720703
2 0.661592 0.584375 0.0515222 0.0854167 0.722041 113.19446563720703
2 0.369438 0.680208 0.059719 0.0895833 0.805593 113.19446563720703
