2 0.419204 0.436458 0.0257611 0.0395833 0.30314 94.68913078308105
2 0.466628 0.414583 0.0199063 0.0291667 0.319109 94.68913078308105
2 0.441452 0.483333 0.0210773 0.0375 0.325222 94.68913078308105
2 0.370609 0.453125 0.0269321 0.0395833 0.331566 94.68913078308105
2 0.601874 0.494792 0.030445 0.0479167 0.519684 94.68913078308105
2 0.981265 0.892708 0.0374707 0.177083 0.564797 94.68913078308105
2 0.552693 0.478125 0.028103 0.0395833 0.603359 94.68913078308105
2 0.705504 0.913542 0.122951 0.172917 0.636611 94.68913078308105
2 0.362412 0.736458 0.0784543 0.127083 0.637508 94.68913078308105
2 0.422131 0.541667 0.0362998 0.0541667 0.671559 94.68913078308105
2 0.771077 0.638542 0.0620609 0.0854167 0.688315 94.68913078308105
2 0.342506 0.558333 0.0433255 0.0583333 0.695589 94.68913078308105
2 0.675644 0.519792 0.0374707 0.05625 0.717269 94.68913078308105
2 0.149883 0.723958 0.0936768 0.10625 0.743792 94.68913078308105
2 0.283372 0.671875 0.0655738 0.0895833 0.775018 94.68913078308105
