2 0.571429 0.422917 0.0234192 0.0333333 0.293057 105.39627075195312
2 0.536885 0.423958 0.0245902 0.0354167 0.363374 105.39627075195312
2 0.40808 0.452083 0.029274 0.0416667 0.410016 105.39627075195312
2 0.663934 0.78125 0.0843091 0.175 0.549659 105.39627075195312
2 0.444965 0.461458 0.0351288 0.0479167 0.585623 105.39627075195312
2 0.578454 0.527083 0.0351288 0.0541667 0.710242 105.39627075195312
2 0.409251 0.604167 0.0456674 0.0708333 0.764043 105.39627075195312
2 0.755269 0.630208 0.058548 0.08125 0.767077 105.39627075195312
2 0.129391 0.732292 0.104215 0.122917 0.768081 105.39627075195312
2 0.332553 0.590625 0.0421546 0.06875 0.775779 105.39627075195312
