2 0.567916 0.40625 0.0234192 0.0291667 0.276864 108.24441909790039
2 0.45726 0.420833 0.0245902 0.0333333 0.288987 108.24441909790039
2 0.732436 0.960417 0.132318 0.0791667 0.307031 108.24441909790039
2 0.400468 0.463542 0.0257611 0.0395833 0.386138 108.24441909790039
2 0.59192 0.458333 0.0269321 0.0416667 0.411359 108.24441909790039
2 0.324356 0.90625 0.0936768 0.170833 0.472232 108.24441909790039
2 0.654567 0.490625 0.028103 0.04375 0.477997 108.24441909790039
2 0.555035 0.4625 0.0257611 0.0416667 0.487863 108.24441909790039
2 0.319672 0.511458 0.030445 0.04375 0.516435 108.24441909790039
2 0.440867 0.473958 0.0245902 0.0354167 0.544529 108.24441909790039
2 0.200234 0.640625 0.0819672 0.102083 0.617312 108.24441909790039
2 0.638173 0.569792 0.0515222 0.08125 0.64717 108.24441909790039
2 0.373536 0.514583 0.0327869 0.0458333 0.648399 108.24441909790039
2 0.323185 0.594792 0.0515222 0.0770833 0.747473 108.24441909790039
2 0.423302 0.555208 0.0362998 0.05625 0.763558 108.24441909790039
