2 0.465457 0.415625 0.0222482 0.03125 0.267321 115.5557632446289
2 0.561475 0.420833 0.0269321 0.0333333 0.281644 115.5557632446289
2 0.430913 0.413542 0.0210773 0.0354167 0.37408 115.5557632446289
2 0.583724 0.444792 0.0245902 0.0354167 0.412776 115.5557632446289
2 0.443208 0.48125 0.0316159 0.0416667 0.518987 115.5557632446289
2 0.676815 0.522917 0.0351288 0.0458333 0.596377 115.5557632446289
2 0.248829 0.589583 0.0480094 0.0666667 0.626872 115.5557632446289
2 0.366511 0.53125 0.0398126 0.05 0.693112 115.5557632446289
2 0.158665 0.880208 0.127635 0.172917 0.767245 115.5557632446289
2 0.411007 0.629167 0.0491803 0.0791667 0.786865 115.5557632446289
2 0.63466 0.555208 0.0421546 0.0604167 0.800354 115.5557632446289
