2 0.367096 0.452083 0.0245902 0.0333333 0.295732 103.96933555603027
5 0.407494 0.391667 0.0374707 0.0666667 0.295926 103.96933555603027
2 0.466628 0.413542 0.0222482 0.03125 0.300857 103.96933555603027
2 0.608899 0.501042 0.0327869 0.04375 0.397216 103.96933555603027
2 0.392857 0.475 0.0269321 0.0416667 0.45264 103.96933555603027
2 0.732436 0.935417 0.101874 0.125 0.534535 103.96933555603027
2 0.435012 0.483333 0.0316159 0.0458333 0.550705 103.96933555603027
2 0.298009 0.525 0.0362998 0.05 0.552392 103.96933555603027
2 0.349532 0.552083 0.0362998 0.0583333 0.61657 103.96933555603027
2 0.320258 0.929167 0.108899 0.141667 0.675436 103.96933555603027
7 0.704333 0.505208 0.106557 0.210417 0.682245 103.96933555603027
2 0.180328 0.669792 0.0679157 0.0895833 0.687796 103.96933555603027
2 0.395199 0.601042 0.0503513 0.0729167 0.694409 103.96933555603027
2 0.25644 0.715625 0.0796253 0.102083 0.716911 103.96933555603027
2 0.789813 0.815625 0.111241 0.18125 0.854844 103.96933555603027
