2 0.464871 0.410417 0.0234192 0.025 0.278823 146.95072174072266
2 0.403396 0.463542 0.0245902 0.0395833 0.313015 146.95072174072266
2 0.617682 0.513542 0.0386417 0.06875 0.53751 146.95072174072266
2 0.861827 0.909375 0.149883 0.18125 0.598107 146.95072174072266
2 0.306792 0.516667 0.0398126 0.0625 0.667546 146.95072174072266
2 0.683255 0.5375 0.0386417 0.0583333 0.680245 146.95072174072266
2 0.361827 0.5375 0.0351288 0.0541667 0.692035 146.95072174072266
2 0.429157 0.526042 0.0339578 0.0520833 0.714505 146.95072174072266
2 0.859485 0.730208 0.107728 0.172917 0.78622 146.95072174072266
2 0.382318 0.665625 0.057377 0.0895833 0.794743 146.95072174072266
2 0.209602 0.836458 0.105386 0.135417 0.832892 146.95072174072266
