2 0.545082 0.447917 0.0245902 0.0375 0.275545 113.18182945251465
2 0.636417 0.482292 0.0339578 0.0479167 0.342022 113.18182945251465
2 0.404567 0.463542 0.0339578 0.0479167 0.484171 113.18182945251465
2 0.340749 0.49375 0.0351288 0.05 0.536988 113.18182945251465
2 0.442623 0.482292 0.0351288 0.0479167 0.577968 113.18182945251465
2 0.23185 0.616667 0.058548 0.075 0.65777 113.18182945251465
2 0.563232 0.505208 0.0351288 0.0479167 0.699907 113.18182945251465
2 0.727166 0.676042 0.0655738 0.102083 0.774213 113.18182945251465
2 0.395785 0.651042 0.0515222 0.08125 0.781675 113.18182945251465
2 0.183841 0.858333 0.112412 0.141667 0.841553 113.18182945251465
