2 0.342506 0.48125 0.0269321 0.0375 0.281106 101.97830200195312
2 0.410422 0.442708 0.029274 0.0395833 0.307546 101.97830200195312
2 0.448478 0.451042 0.030445 0.0354167 0.315793 101.97830200195312
2 0.611827 0.438542 0.0269321 0.0395833 0.320992 101.97830200195312
2 0.38993 0.484375 0.0327869 0.0395833 0.371375 101.97830200195312
2 0.580796 0.4375 0.0257611 0.0416667 0.401722 101.97830200195312
2 0.264052 0.566667 0.0526932 0.0791667 0.556877 101.97830200195312
2 0.375293 0.720833 0.0620609 0.108333 0.622466 101.97830200195312
2 0.436768 0.50625 0.0327869 0.05 0.626803 101.97830200195312
2 0.358899 0.544792 0.0433255 0.05625 0.661869 101.97830200195312
2 0.848946 0.9 0.163934 0.2 0.662378 101.97830200195312
2 0.630562 0.525 0.0386417 0.0541667 0.704134 101.97830200195312
2 0.586066 0.555208 0.0409836 0.0645833 0.733979 101.97830200195312
2 0.720141 0.576042 0.0515222 0.06875 0.738001 101.97830200195312
