2 0.555035 0.407292 0.0234192 0.0354167 0.263087 121.42825126647949
2 0.410422 0.455208 0.0316159 0.0479167 0.412185 121.42825126647949
2 0.352459 0.480208 0.0351288 0.04375 0.426551 121.42825126647949
2 0.447892 0.46875 0.0339578 0.05 0.519687 121.42825126647949
2 0.553279 0.467708 0.029274 0.0479167 0.579652 121.42825126647949
2 0.262881 0.580208 0.0480094 0.06875 0.633263 121.42825126647949
2 0.662178 0.511458 0.0339578 0.05625 0.663594 121.42825126647949
2 0.409251 0.603125 0.0480094 0.06875 0.777329 121.42825126647949
2 0.242389 0.752083 0.088993 0.120833 0.784366 121.42825126647949
2 0.57904 0.5625 0.0409836 0.0625 0.814723 121.42825126647949
2 0.863583 0.892708 0.129977 0.20625 0.848049 121.42825126647949
