2 0.280445 0.575 0.0222482 0.0541667 0.266754 104.86221313476562
2 0.403396 0.460417 0.0245902 0.0375 0.293115 104.86221313476562
2 0.353045 0.472917 0.0339578 0.0416667 0.345777 104.86221313476562
2 0.317916 0.505208 0.0339578 0.0479167 0.381495 104.86221313476562
2 0.448478 0.460417 0.030445 0.0416667 0.404315 104.86221313476562
2 0.661592 0.566667 0.058548 0.1125 0.633281 104.86221313476562
2 0.336066 0.589583 0.0491803 0.0708333 0.725954 104.86221313476562
2 0.422131 0.532292 0.0339578 0.05625 0.732855 104.86221313476562
2 0.0925059 0.777083 0.112412 0.120833 0.735553 104.86221313476562
2 0.264637 0.579167 0.0444965 0.0625 0.744998 104.86221313476562
2 0.790984 0.663542 0.0667447 0.09375 0.787306 104.86221313476562
2 0.284543 0.940625 0.126464 0.11875 0.807258 104.86221313476562
2 0.188525 0.854167 0.114754 0.15 0.821183 104.86221313476562
