2 0.57904 0.401042 0.0222482 0.03125 0.317193 116.29581451416016
2 0.466042 0.419792 0.0210773 0.0270833 0.327938 116.29581451416016
2 0.609485 0.432292 0.029274 0.0479167 0.427477 116.29581451416016
2 0.405152 0.458333 0.0257611 0.0375 0.54623 116.29581451416016
2 0.23829 0.611458 0.057377 0.0729167 0.598868 116.29581451416016
2 0.447892 0.473958 0.029274 0.0395833 0.646848 116.29581451416016
2 0.614169 0.515625 0.0409836 0.0520833 0.66766 116.29581451416016
7 0.675644 0.483333 0.0936768 0.158333 0.681764 116.29581451416016
2 0.416862 0.545833 0.0351288 0.0541667 0.735837 116.29581451416016
2 0.266393 0.695833 0.0714286 0.104167 0.749936 116.29581451416016
2 0.618267 0.655208 0.058548 0.110417 0.779 116.29581451416016
