2 0.32904 0.0864583 0.0257611 0.0354167 0.411004 133.3308219909668
2 0.495902 0.748958 0.0901639 0.289583 0.429917 133.3308219909668
2 0.344848 0.244792 0.0316159 0.0645833 0.511884 133.3308219909668
2 0.340164 0.164583 0.0316159 0.05 0.541374 133.3308219909668
2 0.291569 0.154167 0.0257611 0.0458333 0.586399 133.3308219909668
2 0.42096 0.178125 0.0362998 0.05625 0.600572 133.3308219909668
2 0.477752 0.371875 0.0515222 0.110417 0.662618 133.3308219909668
2 0.240047 0.160417 0.0351288 0.0625 0.667646 133.3308219909668
2 0.279274 0.2625 0.0386417 0.0666667 0.709802 133.3308219909668
5 0.113583 0.691667 0.147541 0.283333 0.820699 133.3308219909668
