2 0.327283 0.0635417 0.0245902 0.03125 0.324597 136.04474067687988
5 0.509953 0.717708 0.0737705 0.260417 0.46761 136.04474067687988
2 0.252927 0.721875 0.0913349 0.214583 0.52351 136.04474067687988
2 0.235948 0.164583 0.0433255 0.0625 0.610828 136.04474067687988
2 0.415105 0.177083 0.0316159 0.0541667 0.631769 136.04474067687988
2 0.337237 0.178125 0.0327869 0.05625 0.67697 136.04474067687988
2 0.266393 0.31875 0.0456674 0.0791667 0.700926 136.04474067687988
2 0.324941 0.383333 0.0526932 0.1 0.717906 136.04474067687988
2 0.480094 0.332292 0.0491803 0.0854167 0.806629 136.04474067687988
2 0.13993 0.666667 0.113583 0.2 0.811651 136.04474067687988
