7 0.0708431 0.827083 0.141686 0.345833 0.307303 111.74988746643066
2 0.32904 0.0958333 0.0257611 0.0375 0.371912 111.74988746643066
2 0.379391 0.0927083 0.0234192 0.0354167 0.392933 111.74988746643066
2 0.344262 0.277083 0.0327869 0.0708333 0.482699 111.74988746643066
2 0.292155 0.16875 0.0269321 0.0541667 0.564915 111.74988746643066
2 0.341335 0.18125 0.0316159 0.0583333 0.567874 111.74988746643066
2 0.240047 0.161458 0.0351288 0.0604167 0.655714 111.74988746643066
2 0.429742 0.197917 0.0351288 0.0583333 0.682715 111.74988746643066
2 0.484778 0.396875 0.0491803 0.110417 0.736076 111.74988746643066
2 0.272248 0.29375 0.0433255 0.0708333 0.737016 111.74988746643066
