2 0.290984 0.1 0.0222482 0.025 0.267772 123.36325645446777
2 0.50644 0.614583 0.0456674 0.0375 0.288184 123.36325645446777
2 0.341335 0.142708 0.0245902 0.0354167 0.30445 123.36325645446777
5 0.25644 0.326042 0.0655738 0.13125 0.398406 123.36325645446777
2 0.233607 0.745833 0.113583 0.2625 0.404376 123.36325645446777
2 0.388759 0.111458 0.028103 0.0395833 0.432061 123.36325645446777
2 0.45082 0.253125 0.0444965 0.0770833 0.55466 123.36325645446777
2 0.291569 0.15625 0.0257611 0.05 0.599318 123.36325645446777
2 0.237705 0.163542 0.0398126 0.0645833 0.641909 123.36325645446777
2 0.331382 0.382292 0.0491803 0.110417 0.6897 123.36325645446777
2 0.477752 0.423958 0.0608899 0.135417 0.724697 123.36325645446777
