7 0.0661592 0.833333 0.132318 0.308333 0.366997 146.23165130615234
2 0.379391 0.0947917 0.0234192 0.0354167 0.414485 146.23165130615234
2 0.32904 0.096875 0.0257611 0.0395833 0.464318 146.23165130615234
2 0.344262 0.282292 0.0327869 0.06875 0.544763 146.23165130615234
2 0.340164 0.185417 0.0316159 0.0541667 0.551529 146.23165130615234
2 0.291569 0.170833 0.028103 0.0541667 0.593916 146.23165130615234
2 0.240047 0.161458 0.0351288 0.0604167 0.657223 146.23165130615234
2 0.432084 0.201042 0.0374707 0.0604167 0.668175 146.23165130615234
2 0.485948 0.398958 0.0515222 0.114583 0.678469 146.23165130615234
2 0.271663 0.298958 0.0444965 0.0729167 0.719729 146.23165130615234
