2 0.50644 0.613542 0.0456674 0.0354167 0.390807 123.32391738891602
2 0.38993 0.117708 0.028103 0.04375 0.483814 123.32391738891602
2 0.330211 0.11875 0.030445 0.0458333 0.537715 123.32391738891602
2 0.333724 0.355208 0.0421546 0.09375 0.593527 123.32391738891602
2 0.287471 0.207292 0.0339578 0.0604167 0.596223 123.32391738891602
2 0.492974 0.469792 0.0562061 0.13125 0.6131 123.32391738891602
2 0.240047 0.161458 0.0374707 0.0645833 0.646554 123.32391738891602
2 0.446136 0.235417 0.0398126 0.0625 0.656408 123.32391738891602
2 0.250585 0.36875 0.0515222 0.0875 0.679548 123.32391738891602
2 0.341335 0.230208 0.0339578 0.0604167 0.688967 123.32391738891602
