2 0.327869 0.0614583 0.0257611 0.0354167 0.297106 118.69597434997559
2 0.258197 0.702083 0.0925059 0.208333 0.520338 118.69597434997559
2 0.148126 0.64375 0.111241 0.191667 0.553342 118.69597434997559
2 0.235948 0.164583 0.0433255 0.0625 0.61447 118.69597434997559
2 0.41452 0.176042 0.0327869 0.0520833 0.633835 118.69597434997559
2 0.267564 0.314583 0.0456674 0.0791667 0.679146 118.69597434997559
5 0.509953 0.698958 0.0737705 0.247917 0.70077 118.69597434997559
2 0.337822 0.172917 0.0316159 0.0583333 0.708439 118.69597434997559
2 0.325527 0.375 0.0515222 0.1 0.735859 118.69597434997559
2 0.479508 0.330208 0.0480094 0.08125 0.832518 118.69597434997559
