5 0.495316 0.667708 0.0796253 0.239583 0.301269 164.9019718170166
2 0.344262 0.222917 0.0257611 0.0583333 0.324148 164.9019718170166
2 0.37178 0.075 0.0199063 0.0333333 0.3344 164.9019718170166
2 0.415105 0.166667 0.0316159 0.0458333 0.428332 164.9019718170166
2 0.32904 0.0760417 0.0234192 0.0354167 0.441983 164.9019718170166
2 0.291569 0.142708 0.0257611 0.04375 0.539556 164.9019718170166
2 0.339578 0.151042 0.030445 0.0520833 0.546417 164.9019718170166
2 0.240047 0.1625 0.0374707 0.0625 0.680345 164.9019718170166
2 0.474824 0.346875 0.0480094 0.10625 0.708052 164.9019718170166
2 0.282787 0.2375 0.0386417 0.0666667 0.713502 164.9019718170166
2 0.199063 0.879167 0.152225 0.2375 0.793855 164.9019718170166
5 0.157494 0.590625 0.122951 0.247917 0.846716 164.9019718170166
