2 0.327283 0.0552083 0.029274 0.0395833 0.294243 108.89935493469238
2 0.409836 0.1625 0.0327869 0.05 0.558252 108.89935493469238
2 0.236534 0.164583 0.0421546 0.0625 0.606779 108.89935493469238
2 0.273419 0.289583 0.0433255 0.075 0.665958 108.89935493469238
2 0.33548 0.163542 0.0339578 0.05625 0.681775 108.89935493469238
2 0.281616 0.610417 0.0761124 0.166667 0.694412 108.89935493469238
2 0.330211 0.3375 0.0491803 0.0833333 0.738328 108.89935493469238
2 0.471897 0.309375 0.0468384 0.0770833 0.757574 108.89935493469238
5 0.50644 0.644792 0.0690866 0.21875 0.7787 108.89935493469238
2 0.174473 0.575 0.0936768 0.166667 0.805462 108.89935493469238
