2 0.512295 0.846875 0.087822 0.297917 0.252907 110.7327938079834
2 0.329625 0.0760417 0.0245902 0.0395833 0.30251 110.7327938079834
2 0.194379 0.919792 0.114754 0.15625 0.571841 110.7327938079834
2 0.236534 0.164583 0.0421546 0.0625 0.629433 110.7327938079834
2 0.250585 0.366667 0.0538642 0.1 0.634332 110.7327938079834
2 0.425059 0.197917 0.0351288 0.0541667 0.706286 110.7327938079834
2 0.338407 0.205208 0.030445 0.0645833 0.723596 110.7327938079834
2 0.488876 0.377083 0.0526932 0.0916667 0.724682 110.7327938079834
2 0.309133 0.457292 0.0632318 0.13125 0.746563 110.7327938079834
2 0.0714286 0.841667 0.142857 0.275 0.810199 110.7327938079834
