2 0.340164 0.1375 0.029274 0.0458333 0.259309 113.04020881652832
2 0.326698 0.0708333 0.0257611 0.0333333 0.279607 113.04020881652832
2 0.344848 0.204167 0.0269321 0.05 0.319779 113.04020881652832
2 0.494145 0.60625 0.0679157 0.208333 0.337218 113.04020881652832
2 0.247073 0.748958 0.117096 0.277083 0.400464 113.04020881652832
2 0.408665 0.153125 0.0351288 0.0520833 0.548671 113.04020881652832
2 0.240047 0.160417 0.0374707 0.0625 0.673566 113.04020881652832
2 0.283958 0.221875 0.0362998 0.0604167 0.6908 113.04020881652832
2 0.473068 0.328125 0.0421546 0.09375 0.720949 113.04020881652832
5 0.18911 0.511458 0.104215 0.20625 0.804232 113.04020881652832
