5 0.0772834 0.81875 0.154567 0.354167 0.349658 123.79074096679688
2 0.379391 0.0927083 0.0234192 0.0354167 0.364926 123.79074096679688
2 0.32904 0.09375 0.0234192 0.0375 0.390419 123.79074096679688
2 0.345433 0.273958 0.0327869 0.06875 0.524147 123.79074096679688
2 0.290984 0.166667 0.0269321 0.0541667 0.608468 123.79074096679688
2 0.340164 0.182292 0.0316159 0.05625 0.62019 123.79074096679688
2 0.240047 0.161458 0.0351288 0.0604167 0.643736 123.79074096679688
2 0.428571 0.195833 0.0351288 0.0541667 0.68193 123.79074096679688
2 0.274005 0.2875 0.0444965 0.075 0.689634 123.79074096679688
2 0.484192 0.391667 0.0526932 0.108333 0.694206 123.79074096679688
