2 0.327283 0.0614583 0.0269321 0.0354167 0.304601 109.78460311889648
2 0.262295 0.685417 0.0960187 0.2 0.536354 109.78460311889648
2 0.236534 0.164583 0.0421546 0.0625 0.605492 109.78460311889648
2 0.413349 0.171875 0.0327869 0.0520833 0.649415 109.78460311889648
2 0.269321 0.310417 0.0468384 0.075 0.690562 109.78460311889648
2 0.154567 0.63125 0.105386 0.183333 0.700386 109.78460311889648
2 0.326698 0.361458 0.0515222 0.0979167 0.711357 109.78460311889648
2 0.337237 0.170833 0.030445 0.0541667 0.712962 109.78460311889648
2 0.475995 0.327083 0.0526932 0.0791667 0.801649 109.78460311889648
5 0.507611 0.691667 0.0714286 0.2375 0.856644 109.78460311889648
