2 0.50644 0.614583 0.0456674 0.0375 0.312307 114.71962928771973
2 0.341335 0.15 0.0245902 0.0416667 0.395842 114.71962928771973
2 0.200234 0.847917 0.140515 0.283333 0.446321 114.71962928771973
2 0.391101 0.116667 0.028103 0.0416667 0.503311 114.71962928771973
2 0.454333 0.2625 0.0421546 0.0791667 0.516769 114.71962928771973
2 0.325527 0.421875 0.0562061 0.13125 0.518391 114.71962928771973
2 0.291569 0.166667 0.028103 0.05 0.569382 114.71962928771973
5 0.248829 0.345833 0.0667447 0.1375 0.62291 114.71962928771973
2 0.240047 0.1625 0.0374707 0.0625 0.641034 114.71962928771973
2 0.483021 0.444792 0.059719 0.147917 0.697383 114.71962928771973
