2 0.260539 0.159375 0.0761124 0.05625 0.250737 104.84910011291504
2 0.329625 0.0729167 0.0222482 0.05 0.267932 104.84910011291504
5 0.483021 0.44375 0.0667447 0.175 0.332166 104.84910011291504
2 0.346019 0.214583 0.0339578 0.0708333 0.38642 104.84910011291504
2 0.334895 0.346875 0.0632318 0.16875 0.521186 104.84910011291504
2 0.283958 0.161458 0.0362998 0.06875 0.521297 104.84910011291504
2 0.227752 0.432292 0.0714286 0.14375 0.525653 104.84910011291504
2 0.283958 0.2375 0.0386417 0.0708333 0.578674 104.84910011291504
2 0.485363 0.628125 0.0737705 0.20625 0.586959 104.84910011291504
2 0.236534 0.163542 0.0444965 0.0645833 0.618381 104.84910011291504
2 0.241218 0.876042 0.124122 0.239583 0.621916 104.84910011291504
2 0.114169 0.747917 0.137002 0.254167 0.719298 104.84910011291504
