2 0.350703 0.245833 0.0362998 0.075 0.281502 118.78561973571777
2 0.415691 0.203125 0.0351288 0.04375 0.303553 118.78561973571777
2 0.341335 0.0989583 0.0222482 0.03125 0.310585 118.78561973571777
2 0.287471 0.569792 0.0831382 0.214583 0.337929 118.78561973571777
5 0.484778 0.445833 0.0679157 0.170833 0.448527 118.78561973571777
2 0.484778 0.626042 0.0725995 0.20625 0.466869 118.78561973571777
2 0.259953 0.370833 0.0515222 0.0916667 0.580039 118.78561973571777
2 0.235948 0.164583 0.0433255 0.0666667 0.609271 118.78561973571777
2 0.341335 0.358333 0.059719 0.125 0.650393 118.78561973571777
2 0.872951 0.563542 0.115925 0.177083 0.680301 118.78561973571777
2 0.209602 0.473958 0.0679157 0.13125 0.750674 118.78561973571777
5 0.0766979 0.778125 0.141686 0.285417 0.779405 118.78561973571777
