2 0.340749 0.160417 0.030445 0.0875 0.277612 145.8113193511963
2 0.814403 0.761458 0.113583 0.239583 0.34498 145.8113193511963
2 0.348946 0.269792 0.0374707 0.09375 0.394871 145.8113193511963
2 0.284543 0.738542 0.100703 0.24375 0.45742 145.8113193511963
5 0.485363 0.446875 0.0690866 0.172917 0.5011 145.8113193511963
2 0.289227 0.167708 0.0327869 0.0604167 0.525455 145.8113193511963
2 0.282787 0.282292 0.0386417 0.0729167 0.549724 145.8113193511963
2 0.485363 0.626042 0.0737705 0.20625 0.556488 145.8113193511963
2 0.237119 0.164583 0.0433255 0.0666667 0.620109 145.8113193511963
5 0.175059 0.552083 0.0925059 0.191667 0.65095 145.8113193511963
2 0.0673302 0.860417 0.13466 0.258333 0.68217 145.8113193511963
2 0.332553 0.383333 0.0491803 0.120833 0.701113 145.8113193511963
2 0.245902 0.367708 0.0515222 0.0895833 0.702785 145.8113193511963
