2 0.468384 0.311458 0.0608899 0.102083 0.285273 91.80712699890137
2 0.416276 0.202083 0.0409836 0.0541667 0.308719 91.80712699890137
5 0.484778 0.44375 0.0702576 0.183333 0.348463 91.80712699890137
2 0.149297 0.640625 0.104215 0.185417 0.436117 91.80712699890137
2 0.824356 0.622917 0.119438 0.2 0.44833 91.80712699890137
5 0.307377 0.557292 0.0831382 0.20625 0.496459 91.80712699890137
2 0.351874 0.245833 0.0362998 0.0708333 0.501783 91.80712699890137
2 0.258782 0.326042 0.0515222 0.102083 0.511273 91.80712699890137
2 0.348361 0.333333 0.0433255 0.0916667 0.635089 91.80712699890137
2 0.235948 0.163542 0.0433255 0.0645833 0.641209 91.80712699890137
2 0.485363 0.629167 0.0737705 0.204167 0.65272 91.80712699890137
2 0.236534 0.441667 0.0702576 0.133333 0.655021 91.80712699890137
