2 0.340749 0.1625 0.030445 0.0875 0.257153 105.97062110900879
2 0.348946 0.259375 0.0374707 0.0895833 0.28058 105.97062110900879
5 0.485948 0.448958 0.0679157 0.16875 0.381681 105.97062110900879
2 0.295082 0.691667 0.0936768 0.216667 0.42196 105.97062110900879
2 0.290984 0.159375 0.029274 0.0520833 0.548459 105.97062110900879
2 0.485948 0.626042 0.0725995 0.20625 0.576567 105.97062110900879
2 0.237119 0.164583 0.0409836 0.0625 0.627896 105.97062110900879
2 0.284543 0.271875 0.0374707 0.08125 0.643151 105.97062110900879
2 0.333724 0.365625 0.0468384 0.11875 0.659629 105.97062110900879
2 0.248244 0.357292 0.0491803 0.09375 0.677696 105.97062110900879
5 0.183841 0.530208 0.0913349 0.18125 0.760731 105.97062110900879
2 0.0755269 0.846875 0.151054 0.302083 0.76443 105.97062110900879
