2 0.326698 0.0625 0.0327869 0.0833333 0.26789 94.6047306060791
2 0.464286 0.294792 0.0714286 0.139583 0.29772 94.6047306060791
2 0.485363 0.445833 0.0690866 0.179167 0.395463 94.6047306060791
5 0.771077 0.780208 0.113583 0.272917 0.545489 94.6047306060791
2 0.254684 0.348958 0.0480094 0.102083 0.588278 94.6047306060791
2 0.355386 0.263542 0.0409836 0.0895833 0.603492 94.6047306060791
2 0.235948 0.163542 0.0433255 0.0645833 0.633767 94.6047306060791
2 0.230094 0.465625 0.0761124 0.14375 0.644625 94.6047306060791
2 0.484192 0.638542 0.0784543 0.20625 0.677271 94.6047306060791
2 0.122951 0.707292 0.114754 0.20625 0.677487 94.6047306060791
5 0.28103 0.676042 0.107728 0.264583 0.726813 94.6047306060791
2 0.34192 0.377083 0.0491803 0.108333 0.734222 94.6047306060791
