2 0.32904 0.0729167 0.0210773 0.0458333 0.262361 115.80348014831543
2 0.340164 0.157292 0.0316159 0.0895833 0.271729 115.80348014831543
2 0.484778 0.446875 0.0655738 0.172917 0.332476 115.80348014831543
2 0.343677 0.202083 0.0339578 0.075 0.382077 115.80348014831543
2 0.283372 0.23125 0.0398126 0.0708333 0.422388 115.80348014831543
2 0.38993 0.121875 0.028103 0.04375 0.457359 115.80348014831543
2 0.337237 0.336458 0.0562061 0.152083 0.45744 115.80348014831543
2 0.284543 0.152083 0.0327869 0.0583333 0.467437 115.80348014831543
2 0.233607 0.414583 0.0690866 0.129167 0.53163 115.80348014831543
2 0.131733 0.703125 0.129977 0.23125 0.580573 115.80348014831543
2 0.251171 0.851042 0.120609 0.289583 0.588249 115.80348014831543
2 0.485363 0.628125 0.0737705 0.20625 0.613611 115.80348014831543
2 0.234778 0.163542 0.0456674 0.0645833 0.620733 115.80348014831543
