2 0.286885 0.167708 0.030445 0.0854167 0.327722 108.44802856445312
2 0.38466 0.10625 0.029274 0.0416667 0.359639 108.44802856445312
2 0.484778 0.445833 0.0679157 0.175 0.397636 108.44802856445312
2 0.2863 0.13125 0.029274 0.05 0.434409 108.44802856445312
2 0.286885 0.203125 0.0327869 0.0604167 0.472192 108.44802856445312
2 0.176815 0.595833 0.105386 0.183333 0.5223 108.44802856445312
2 0.340749 0.29375 0.0562061 0.145833 0.557493 108.44802856445312
2 0.236534 0.164583 0.0398126 0.0625 0.626923 108.44802856445312
2 0.485948 0.628125 0.0749414 0.20625 0.655567 108.44802856445312
2 0.251756 0.3625 0.0655738 0.108333 0.66979 108.44802856445312
2 0.288642 0.694792 0.0971897 0.235417 0.680011 108.44802856445312
