2 0.291569 0.0583333 0.028103 0.0541667 0.394209 117.0492172241211
2 0.421546 0.221875 0.0351288 0.0479167 0.420017 117.0492172241211
2 0.29918 0.579167 0.0737705 0.170833 0.54097 117.0492172241211
2 0.269906 0.289583 0.0409836 0.075 0.623032 117.0492172241211
5 0.201991 0.517708 0.0807962 0.172917 0.625844 117.0492172241211
5 0.491803 0.589583 0.0960187 0.225 0.645866 117.0492172241211
2 0.0737705 0.858333 0.147541 0.283333 0.666182 117.0492172241211
2 0.23829 0.161458 0.0362998 0.0604167 0.671461 117.0492172241211
2 0.198478 0.960417 0.120609 0.0791667 0.698452 117.0492172241211
2 0.465457 0.336458 0.0480094 0.09375 0.710584 117.0492172241211
2 0.338993 0.327083 0.0433255 0.0875 0.720521 117.0492172241211
