2 0.257611 0.8625 0.128806 0.275 0.268721 105.9260368347168
2 0.33548 0.1125 0.0316159 0.075 0.300664 105.9260368347168
2 0.289227 0.0875 0.0210773 0.0416667 0.321019 105.9260368347168
7 0.460187 0.290625 0.0702576 0.147917 0.344968 105.9260368347168
2 0.343677 0.233333 0.0386417 0.0916667 0.364272 105.9260368347168
2 0.289227 0.144792 0.028103 0.0479167 0.449858 105.9260368347168
2 0.486534 0.627083 0.0737705 0.204167 0.635378 105.9260368347168
2 0.485948 0.454167 0.0655738 0.1625 0.636013 105.9260368347168
2 0.279859 0.269792 0.0444965 0.08125 0.650926 105.9260368347168
2 0.236534 0.164583 0.0421546 0.0625 0.665845 105.9260368347168
2 0.337237 0.44375 0.0608899 0.133333 0.724241 105.9260368347168
2 0.244731 0.413542 0.0608899 0.102083 0.752944 105.9260368347168
