2 0.321429 0.0385417 0.029274 0.05625 0.292074 96.771240234375
2 0.468384 0.311458 0.0608899 0.102083 0.303437 96.771240234375
5 0.484192 0.444792 0.0690866 0.177083 0.3437 96.771240234375
2 0.416276 0.202083 0.0386417 0.0541667 0.347814 96.771240234375
2 0.262881 0.310417 0.0503513 0.1 0.453223 96.771240234375
2 0.030445 0.926042 0.058548 0.147917 0.470651 96.771240234375
2 0.190867 0.875 0.138173 0.245833 0.554801 96.771240234375
2 0.485363 0.625 0.0714286 0.204167 0.562331 96.771240234375
2 0.327869 0.472917 0.0679157 0.1625 0.608067 96.771240234375
2 0.349532 0.304167 0.0433255 0.0833333 0.647607 96.771240234375
2 0.236534 0.163542 0.0421546 0.0645833 0.651163 96.771240234375
2 0.886417 0.521875 0.112412 0.160417 0.654758 96.771240234375
2 0.241803 0.429167 0.057377 0.1125 0.673734 96.771240234375
2 0.172717 0.579167 0.0925059 0.1625 0.741349 96.771240234375
