2 0.340749 0.158333 0.030445 0.1 0.267435 119.37713623046875
2 0.799766 0.830208 0.112412 0.272917 0.273694 119.37713623046875
2 0.462529 0.28125 0.0679157 0.125 0.274338 119.37713623046875
2 0.348946 0.28125 0.0398126 0.0875 0.414454 119.37713623046875
5 0.486534 0.625 0.0714286 0.2 0.44126 119.37713623046875
5 0.485363 0.446875 0.0690866 0.172917 0.460304 119.37713623046875
2 0.279859 0.296875 0.0398126 0.08125 0.523546 119.37713623046875
2 0.288642 0.178125 0.0316159 0.0604167 0.533508 119.37713623046875
5 0.166276 0.571875 0.0983607 0.20625 0.552353 119.37713623046875
2 0.236534 0.164583 0.0421546 0.0666667 0.59804 119.37713623046875
2 0.059719 0.88125 0.119438 0.225 0.600953 119.37713623046875
2 0.241218 0.38125 0.0562061 0.1 0.653235 119.37713623046875
5 0.271663 0.791667 0.119438 0.254167 0.679594 119.37713623046875
2 0.328454 0.394792 0.0526932 0.127083 0.699633 119.37713623046875
