2 0.34192 0.184375 0.030445 0.0520833 0.267025 104.43925857543945
7 0.0521077 0.894792 0.104215 0.210417 0.271711 104.43925857543945
2 0.447892 0.260417 0.0526932 0.0833333 0.273831 104.43925857543945
2 0.327283 0.071875 0.0362998 0.0770833 0.344431 104.43925857543945
2 0.198478 0.547917 0.0831382 0.179167 0.463027 104.43925857543945
2 0.482436 0.801042 0.0866511 0.28125 0.510629 104.43925857543945
5 0.489461 0.488542 0.0725995 0.222917 0.541629 104.43925857543945
2 0.298595 0.584375 0.0819672 0.197917 0.555216 104.43925857543945
2 0.345433 0.25625 0.0374707 0.0666667 0.560887 104.43925857543945
2 0.241218 0.380208 0.0632318 0.127083 0.568487 104.43925857543945
2 0.236534 0.1625 0.0398126 0.0625 0.649056 104.43925857543945
2 0.345433 0.361458 0.0515222 0.102083 0.734961 104.43925857543945
