2 0.409836 0.183333 0.0374707 0.05 0.376786 108.23774337768555
2 0.291569 0.0864583 0.0327869 0.0729167 0.421433 108.23774337768555
2 0.43267 0.25 0.0386417 0.0666667 0.504237 108.23774337768555
2 0.196136 0.947917 0.115925 0.104167 0.555926 108.23774337768555
5 0.166276 0.6125 0.103044 0.220833 0.653084 108.23774337768555
2 0.24356 0.372917 0.0538642 0.0958333 0.69087 108.23774337768555
2 0.478923 0.421875 0.058548 0.110417 0.726968 108.23774337768555
2 0.237705 0.1625 0.0398126 0.0583333 0.732968 108.23774337768555
2 0.318501 0.480208 0.058548 0.13125 0.73471 108.23774337768555
2 0.04274 0.939583 0.0854801 0.120833 0.810638 108.23774337768555
