2 0.347775 0.2375 0.0398126 0.075 0.365312 163.89107704162598
2 0.430913 0.209375 0.058548 0.11875 0.393312 163.89107704162598
2 0.334309 0.111458 0.0339578 0.0770833 0.450442 163.89107704162598
5 0.505855 0.734375 0.0819672 0.285417 0.480485 163.89107704162598
5 0.185597 0.533333 0.0995316 0.208333 0.561316 163.89107704162598
2 0.290984 0.165625 0.029274 0.05625 0.57989 163.89107704162598
2 0.464286 0.339583 0.0550351 0.133333 0.589613 163.89107704162598
5 0.31733 0.446875 0.0702576 0.18125 0.633157 163.89107704162598
2 0.237119 0.163542 0.0386417 0.0645833 0.638933 163.89107704162598
2 0.341335 0.315625 0.0456674 0.08125 0.650919 163.89107704162598
2 0.262295 0.295833 0.0515222 0.0791667 0.698546 163.89107704162598
2 0.484192 0.475 0.057377 0.1375 0.766661 163.89107704162598
5 0.23185 0.772917 0.177986 0.441667 0.787179 163.89107704162598
