2 0.416862 0.167708 0.0491803 0.0729167 0.306026 102.42795944213867
2 0.290398 0.110417 0.0210773 0.0375 0.310964 102.42795944213867
2 0.338407 0.114583 0.028103 0.0458333 0.315826 102.42795944213867
2 0.251171 0.797917 0.108899 0.258333 0.483636 102.42795944213867
2 0.432084 0.252083 0.0608899 0.0958333 0.506746 102.42795944213867
2 0.149883 0.660417 0.117096 0.233333 0.547101 102.42795944213867
2 0.338993 0.325 0.0550351 0.116667 0.551047 102.42795944213867
5 0.504684 0.6625 0.0772834 0.258333 0.561698 102.42795944213867
2 0.34192 0.192708 0.0327869 0.0645833 0.573605 102.42795944213867
2 0.284543 0.221875 0.0398126 0.0854167 0.596482 102.42795944213867
2 0.236534 0.163542 0.0421546 0.0645833 0.623401 102.42795944213867
2 0.474824 0.383333 0.0526932 0.116667 0.757447 102.42795944213867
5 0.305621 0.511458 0.0913349 0.28125 0.807042 102.42795944213867
