2 0.3226 0.0364583 0.0316159 0.05625 0.32799 122.59936332702637
2 0.341335 0.154167 0.0316159 0.05 0.341681 122.59936332702637
2 0.425059 0.192708 0.0515222 0.0854167 0.364968 122.59936332702637
2 0.449063 0.285417 0.0503513 0.1 0.437646 122.59936332702637
2 0.288642 0.14375 0.029274 0.0458333 0.437936 122.59936332702637
2 0.0936768 0.790625 0.147541 0.28125 0.508474 122.59936332702637
2 0.342506 0.239583 0.0409836 0.0708333 0.513395 122.59936332702637
2 0.334895 0.348958 0.0608899 0.13125 0.559047 122.59936332702637
2 0.239461 0.855208 0.120609 0.272917 0.59217 122.59936332702637
2 0.273419 0.276042 0.0503513 0.102083 0.613125 122.59936332702637
2 0.237705 0.1625 0.0398126 0.0625 0.625528 122.59936332702637
5 0.504684 0.66875 0.0772834 0.258333 0.708204 122.59936332702637
2 0.477752 0.4125 0.0538642 0.120833 0.709425 122.59936332702637
2 0.876464 0.576042 0.0948478 0.177083 0.773196 122.59936332702637
5 0.305035 0.519792 0.0948478 0.28125 0.818709 122.59936332702637
