2 0.418033 0.167708 0.0468384 0.0770833 0.3185 136.6722583770752
2 0.436183 0.2625 0.0644028 0.104167 0.490504 136.6722583770752
2 0.340164 0.330208 0.0550351 0.122917 0.514381 136.6722583770752
2 0.248244 0.810417 0.11007 0.266667 0.541768 136.6722583770752
2 0.343677 0.204167 0.0362998 0.0583333 0.543227 136.6722583770752
2 0.289227 0.116667 0.0210773 0.0416667 0.544985 136.6722583770752
5 0.138173 0.684375 0.124122 0.239583 0.563824 136.6722583770752
2 0.237119 0.1625 0.0409836 0.0625 0.592859 136.6722583770752
2 0.282201 0.232292 0.0374707 0.08125 0.608105 136.6722583770752
5 0.504098 0.663542 0.0784543 0.260417 0.638471 136.6722583770752
2 0.47541 0.389583 0.0515222 0.1125 0.754959 136.6722583770752
5 0.305035 0.510417 0.0901639 0.279167 0.814432 136.6722583770752
