2 0.441797 0.397222 0.0195312 0.0361111 0.261135 126.64937973022461
2 0.539062 0.420833 0.0265625 0.0333333 0.396765 126.64937973022461
2 0.451953 0.452778 0.0273438 0.0361111 0.520679 126.64937973022461
2 0.588281 0.463889 0.0296875 0.0416667 0.521988 126.64937973022461
2 0.305859 0.523611 0.0382813 0.0472222 0.535969 126.64937973022461
2 0.394141 0.486806 0.0320312 0.0375 0.560461 126.64937973022461
2 0.432031 0.546528 0.0390625 0.0569444 0.586201 126.64937973022461
2 0.359375 0.777083 0.0796875 0.129167 0.749217 126.64937973022461
2 0.632031 0.527083 0.0390625 0.0652778 0.765185 126.64937973022461
2 0.866406 0.919444 0.153125 0.161111 0.767568 126.64937973022461
2 0.281641 0.6625 0.0664062 0.0916667 0.77712 126.64937973022461
2 0.831641 0.727083 0.0976562 0.123611 0.851189 126.64937973022461
