2 0.450781 0.444444 0.0265625 0.0333333 0.368562 92.01693534851074
2 0.335547 0.490972 0.0320312 0.0402778 0.43962 92.01693534851074
2 0.65 0.488889 0.03125 0.0388889 0.560223 92.01693534851074
2 0.301562 0.952778 0.103125 0.0944444 0.564786 92.01693534851074
2 0.428516 0.525 0.0351562 0.0472222 0.613455 92.01693534851074
2 0.266406 0.583333 0.0453125 0.0722222 0.629591 92.01693534851074
5 0.385547 0.447222 0.0695312 0.138889 0.715958 92.01693534851074
2 0.046875 0.861806 0.09375 0.140278 0.775038 92.01693534851074
2 0.178906 0.8375 0.117188 0.147222 0.802025 92.01693534851074
2 0.399609 0.644444 0.0492188 0.0805556 0.831777 92.01693534851074
