2 0.371875 0.471528 0.0421875 0.0513889 0.257512 89.80536460876465
2 0.452344 0.438194 0.021875 0.0236111 0.257921 89.80536460876465
2 0.415234 0.445833 0.0242187 0.0361111 0.377812 89.80536460876465
2 0.365234 0.463889 0.0242187 0.0416667 0.420505 89.80536460876465
2 0.3875 0.488194 0.028125 0.0402778 0.516319 89.80536460876465
2 0.316406 0.511806 0.0296875 0.0430556 0.53508 89.80536460876465
2 0.422266 0.527083 0.0351562 0.0541667 0.712249 89.80536460876465
2 0.176563 0.674306 0.075 0.0958333 0.763685 89.80536460876465
2 0.658984 0.570139 0.0460938 0.0708333 0.77565 89.80536460876465
2 0.363281 0.741667 0.075 0.111111 0.791834 89.80536460876465
2 0.21875 0.785417 0.096875 0.126389 0.804509 89.80536460876465
