2 0.366016 0.457639 0.0257812 0.0430556 0.337904 118.3767318725586
2 0.403516 0.469444 0.0289063 0.0388889 0.442266 118.3767318725586
5 0.0355469 0.796528 0.0710938 0.334722 0.481451 118.3767318725586
7 0.692578 0.509722 0.0820312 0.127778 0.509818 118.3767318725586
2 0.254687 0.583333 0.0484375 0.0777778 0.571863 118.3767318725586
2 0.330469 0.825694 0.09375 0.168056 0.643717 118.3767318725586
2 0.553906 0.48125 0.0296875 0.0430556 0.648934 118.3767318725586
2 0.428125 0.536111 0.034375 0.0555556 0.68294 118.3767318725586
2 0.331641 0.572222 0.0445312 0.0638889 0.703278 118.3767318725586
2 0.172656 0.864583 0.114063 0.159722 0.708911 118.3767318725586
2 0.394141 0.628472 0.0476562 0.0819444 0.767735 118.3767318725586
