2 0.457422 0.439583 0.0210938 0.0263889 0.263059 98.77634048461914
2 0.369141 0.452778 0.0242187 0.0361111 0.399088 98.77634048461914
5 0.659766 0.817361 0.0867188 0.181944 0.403711 98.77634048461914
2 0.401953 0.480556 0.0304688 0.0444444 0.40456 98.77634048461914
2 0.647266 0.486111 0.0304688 0.0388889 0.456086 98.77634048461914
2 0.598828 0.473611 0.0289063 0.0444444 0.479297 98.77634048461914
2 0.275391 0.563889 0.0367187 0.05 0.64885 98.77634048461914
2 0.424609 0.534722 0.0320312 0.05 0.674927 98.77634048461914
2 0.309375 0.615278 0.05 0.0694444 0.696661 98.77634048461914
2 0.566797 0.520139 0.0320312 0.0569444 0.707667 98.77634048461914
2 0.308984 0.872222 0.100781 0.161111 0.772552 98.77634048461914
