2 0.0824219 0.748611 0.0679687 0.0916667 0.263431 120.36347389221191
2 0.411719 0.445833 0.0296875 0.0416667 0.309686 120.36347389221191
7 0.863672 0.674306 0.132031 0.240278 0.351243 120.36347389221191
7 0.145703 0.616667 0.107031 0.172222 0.460658 120.36347389221191
2 0.441797 0.488194 0.0257812 0.0430556 0.483918 120.36347389221191
2 0.121094 0.738194 0.135937 0.126389 0.50581 120.36347389221191
2 0.635547 0.466667 0.0304688 0.0444444 0.526413 120.36347389221191
2 0.301953 0.526389 0.0382813 0.0611111 0.531191 120.36347389221191
2 0.359375 0.525 0.0390625 0.0527778 0.62771 120.36347389221191
2 0.419922 0.549306 0.0335938 0.0541667 0.687069 120.36347389221191
2 0.317578 0.936806 0.110156 0.120833 0.707806 120.36347389221191
2 0.383203 0.657639 0.0570313 0.109722 0.729772 120.36347389221191
2 0.273828 0.684722 0.0664062 0.0972222 0.798922 120.36347389221191
2 0.60625 0.646528 0.0546875 0.0875 0.802168 120.36347389221191
