5 0.338281 0.45 0.0421875 0.0833333 0.2733 126.05094909667969
2 0.617188 0.444444 0.0265625 0.0361111 0.477787 126.05094909667969
2 0.389844 0.484722 0.0265625 0.0388889 0.538892 126.05094909667969
5 0.132422 0.640972 0.264844 0.379167 0.559851 126.05094909667969
2 0.438672 0.504167 0.0304688 0.0444444 0.570963 126.05094909667969
2 0.344922 0.560417 0.0429688 0.0736111 0.668482 126.05094909667969
2 0.708203 0.550694 0.0523437 0.0819444 0.684026 126.05094909667969
2 0.884766 0.770833 0.105469 0.180556 0.686047 126.05094909667969
2 0.569141 0.530556 0.0351562 0.0555556 0.696833 126.05094909667969
2 0.395703 0.627778 0.0507812 0.0833333 0.744319 126.05094909667969
2 0.299219 0.654167 0.059375 0.0833333 0.8094 126.05094909667969
2 0.191016 0.851389 0.125781 0.155556 0.857671 126.05094909667969
