5 0.872266 0.736111 0.247656 0.480556 0.289097 95.78251838684082
2 0.421094 0.432639 0.0234375 0.0319444 0.296849 95.78251838684082
2 0.544922 0.450694 0.0210938 0.0347222 0.316565 95.78251838684082
2 0.325781 0.536111 0.053125 0.0638889 0.36031 95.78251838684082
2 0.579687 0.436806 0.0265625 0.0319444 0.385652 95.78251838684082
2 0.457422 0.438194 0.0242187 0.0347222 0.408624 95.78251838684082
2 0.310937 0.53125 0.034375 0.0513889 0.482604 95.78251838684082
2 0.607031 0.431944 0.025 0.0388889 0.483801 95.78251838684082
7 0.124609 0.724306 0.105469 0.131944 0.492539 95.78251838684082
2 0.88125 0.945833 0.1375 0.108333 0.531266 95.78251838684082
2 0.436719 0.48125 0.0296875 0.0402778 0.541173 95.78251838684082
2 0.676562 0.503472 0.046875 0.0847222 0.685789 95.78251838684082
2 0.337891 0.573611 0.0414063 0.0583333 0.691874 95.78251838684082
2 0.337891 0.840278 0.0945313 0.163889 0.714664 95.78251838684082
2 0.198437 0.827083 0.101562 0.1375 0.780926 95.78251838684082
