2 0.955469 0.966667 0.0890625 0.0666667 0.252225 114.96734619140625
2 0.545703 0.447917 0.0257812 0.0347222 0.278158 114.96734619140625
2 0.649609 0.488194 0.0289063 0.0430556 0.37392 114.96734619140625
2 0.463672 0.422222 0.0226563 0.0361111 0.37639 114.96734619140625
2 0.584766 0.461806 0.0289063 0.0375 0.414222 114.96734619140625
2 0.360547 0.465278 0.0289063 0.0444444 0.448889 114.96734619140625
2 0.416406 0.445833 0.0296875 0.0444444 0.453897 114.96734619140625
2 0.435156 0.505556 0.03125 0.0472222 0.460136 114.96734619140625
2 0.712891 0.957639 0.110156 0.0847222 0.620075 114.96734619140625
2 0.862109 0.720139 0.110156 0.176389 0.670266 114.96734619140625
2 0.710156 0.565278 0.0421875 0.0583333 0.680374 114.96734619140625
2 0.412109 0.567361 0.0429688 0.0708333 0.687672 114.96734619140625
2 0.323828 0.593056 0.0476562 0.0694444 0.742289 114.96734619140625
2 0.0679687 0.813889 0.126563 0.138889 0.756314 114.96734619140625
2 0.332812 0.83125 0.0953125 0.1625 0.773515 114.96734619140625
2 0.617578 0.670139 0.0632813 0.0902778 0.799832 114.96734619140625
2 0.236719 0.75625 0.0890625 0.120833 0.830827 114.96734619140625
