2 0.454297 0.44375 0.0242187 0.0319444 0.376131 91.7975902557373
2 0.242578 0.632639 0.0632813 0.123611 0.39426 91.7975902557373
2 0.383594 0.497222 0.0359375 0.0444444 0.628776 91.7975902557373
2 0.675781 0.525 0.0375 0.0527778 0.684514 91.7975902557373
2 0.436719 0.508333 0.0328125 0.05 0.686712 91.7975902557373
2 0.733594 0.747917 0.0796875 0.140278 0.712094 91.7975902557373
2 0.616406 0.525694 0.0359375 0.0569444 0.732195 91.7975902557373
5 0.357031 0.436111 0.08125 0.138889 0.742973 91.7975902557373
2 0.235547 0.603472 0.0585938 0.0736111 0.751686 91.7975902557373
2 0.249609 0.713194 0.0742188 0.101389 0.809438 91.7975902557373
2 0.327734 0.832639 0.0945313 0.145833 0.812133 91.7975902557373
