7 0.29375 0.491667 0.0796875 0.116667 0.320874 107.43594169616699
2 0.447266 0.459722 0.0304688 0.0416667 0.341796 107.43594169616699
2 0.223828 0.711111 0.111719 0.169444 0.348013 107.43594169616699
2 0.639453 0.472917 0.0289063 0.0402778 0.362675 107.43594169616699
2 0.401172 0.463194 0.0335938 0.0486111 0.3901 107.43594169616699
2 0.549219 0.455556 0.0265625 0.0444444 0.41267 107.43594169616699
2 0.285156 0.607639 0.0921875 0.109722 0.446233 107.43594169616699
2 0.187109 0.946528 0.0460938 0.0958333 0.45509 107.43594169616699
2 0.917188 0.820833 0.1 0.111111 0.542496 107.43594169616699
2 0.371484 0.5125 0.0367187 0.0472222 0.58496 107.43594169616699
2 0.934766 0.838194 0.0632813 0.0819444 0.587414 107.43594169616699
2 0.431641 0.526389 0.0367187 0.05 0.687171 107.43594169616699
2 0.648438 0.563194 0.0515625 0.0930556 0.72169 107.43594169616699
2 0.172266 0.666667 0.0601562 0.0861111 0.74879 107.43594169616699
2 0.883203 0.952778 0.141406 0.0944444 0.767009 107.43594169616699
2 0.38125 0.663889 0.05625 0.0888889 0.776974 107.43594169616699
