2 0.579687 0.4375 0.021875 0.0333333 0.327931 119.05550956726074
2 0.0679687 0.886806 0.132812 0.206944 0.341613 119.05550956726074
5 0.182031 0.777778 0.167187 0.397222 0.363936 119.05550956726074
2 0.655859 0.809028 0.0835937 0.165278 0.395894 119.05550956726074
2 0.355859 0.464583 0.0273438 0.0402778 0.528836 119.05550956726074
2 0.446875 0.461111 0.03125 0.0388889 0.539677 119.05550956726074
2 0.423047 0.552778 0.0398437 0.05 0.558737 119.05550956726074
2 0.339844 0.56875 0.046875 0.0625 0.690665 119.05550956726074
2 0.571484 0.527083 0.0351562 0.0513889 0.70532 119.05550956726074
2 0.389453 0.640972 0.0539063 0.0902778 0.791917 119.05550956726074
