2 0.467187 0.398611 0.021875 0.0333333 0.261421 104.3860912322998
2 0.580078 0.441667 0.0242187 0.0333333 0.332402 104.3860912322998
2 0.339453 0.489583 0.0320312 0.0430556 0.37909 104.3860912322998
2 0.448047 0.454167 0.0304688 0.0388889 0.421341 104.3860912322998
2 0.396875 0.465972 0.03125 0.0430556 0.455336 104.3860912322998
2 0.558984 0.495139 0.0304688 0.0430556 0.602941 104.3860912322998
2 0.358203 0.526389 0.0382813 0.0555556 0.604336 104.3860912322998
2 0.428516 0.509028 0.0335938 0.0541667 0.631139 104.3860912322998
2 0.309375 0.634028 0.05 0.0791667 0.723512 104.3860912322998
2 0.217969 0.629167 0.0671875 0.0888889 0.773367 104.3860912322998
