2 0.598437 0.416667 0.025 0.0277778 0.280034 781.6812992095947
2 0.348047 0.520833 0.0601562 0.0611111 0.331176 781.6812992095947
2 0.403906 0.461111 0.021875 0.0361111 0.336014 781.6812992095947
2 0.645703 0.4875 0.0289063 0.0388889 0.413972 781.6812992095947
2 0.590234 0.458333 0.0273438 0.0361111 0.49745 781.6812992095947
2 0.328125 0.50625 0.03125 0.0458333 0.509967 781.6812992095947
2 0.0355469 0.904167 0.0695312 0.152778 0.545806 781.6812992095947
2 0.431641 0.486806 0.0367187 0.0763889 0.589174 781.6812992095947
7 0.257031 0.553472 0.0875 0.126389 0.592161 781.6812992095947
2 0.240234 0.938889 0.160156 0.116667 0.689562 781.6812992095947
2 0.274219 0.675694 0.0625 0.0930556 0.711551 781.6812992095947
2 0.560156 0.497222 0.03125 0.0583333 0.725148 781.6812992095947
2 0.752344 0.622917 0.059375 0.0847222 0.739031 781.6812992095947
2 0.411328 0.586111 0.0398437 0.0694444 0.76552 781.6812992095947
2 0.357812 0.545139 0.0359375 0.0541667 0.766634 781.6812992095947
