2 0.377344 0.44375 0.0234375 0.0319444 0.280178 91.82238578796387
2 0.572656 0.434722 0.0265625 0.0388889 0.296878 91.82238578796387
2 0.662109 0.504167 0.0320312 0.0444444 0.385171 91.82238578796387
2 0.453125 0.443056 0.025 0.0361111 0.408277 91.82238578796387
7 0.107422 0.824306 0.214844 0.340278 0.420288 91.82238578796387
2 0.328516 0.502778 0.0351562 0.0472222 0.431819 91.82238578796387
2 0.280078 0.959722 0.107031 0.0805556 0.445741 91.82238578796387
2 0.571094 0.479167 0.03125 0.0472222 0.52523 91.82238578796387
7 0.195312 0.590278 0.153125 0.230556 0.542424 91.82238578796387
2 0.369531 0.517361 0.0390625 0.0486111 0.592339 91.82238578796387
2 0.430469 0.517361 0.0375 0.0458333 0.660879 91.82238578796387
2 0.883984 0.797917 0.113281 0.154167 0.72772 91.82238578796387
2 0.401172 0.636111 0.0476562 0.0805556 0.758427 91.82238578796387
2 0.311328 0.622917 0.0539063 0.0736111 0.765625 91.82238578796387
