2 0.4125 0.44375 0.0296875 0.0458333 0.265019 380.6436061859131
2 0.454688 0.450694 0.025 0.0347222 0.345962 380.6436061859131
2 0.573438 0.429861 0.025 0.0319444 0.403715 380.6436061859131
7 0.357812 0.45 0.0375 0.075 0.404038 380.6436061859131
2 0.551953 0.458333 0.0242187 0.0333333 0.474897 380.6436061859131
2 0.417188 0.533333 0.05 0.0916667 0.495608 380.6436061859131
2 0.384375 0.491667 0.028125 0.0388889 0.558889 380.6436061859131
2 0.852344 0.713194 0.104687 0.179167 0.57857 380.6436061859131
2 0.303906 0.539583 0.0421875 0.0597222 0.621818 380.6436061859131
2 0.636719 0.693056 0.0671875 0.116667 0.685276 380.6436061859131
2 0.234766 0.729167 0.0726563 0.0944444 0.787299 380.6436061859131
