2 0.457812 0.435417 0.0203125 0.0319444 0.275538 123.21257591247559
2 0.380078 0.447917 0.0226563 0.0347222 0.367464 123.21257591247559
2 0.630859 0.466667 0.0226563 0.0333333 0.371672 123.21257591247559
2 0.564453 0.415972 0.0289063 0.0375 0.399022 123.21257591247559
2 0.329688 0.503472 0.03125 0.0458333 0.416849 123.21257591247559
2 0.427734 0.423611 0.0257812 0.0361111 0.446751 123.21257591247559
2 0.629687 0.721528 0.0703125 0.148611 0.514767 123.21257591247559
2 0.591797 0.474306 0.0242187 0.0458333 0.519855 123.21257591247559
2 0.385938 0.727083 0.075 0.101389 0.705824 123.21257591247559
2 0.435937 0.5125 0.034375 0.0444444 0.710625 123.21257591247559
2 0.339453 0.579861 0.0476562 0.0652778 0.749047 123.21257591247559
2 0.187109 0.6625 0.0773437 0.0861111 0.782585 123.21257591247559
2 0.891406 0.801389 0.110937 0.15 0.842082 123.21257591247559
