2 0.410937 0.456944 0.0296875 0.0361111 0.270676 114.09187316894531
7 0.584375 0.390972 0.0328125 0.0513889 0.293155 114.09187316894531
2 0.342578 0.484028 0.0273438 0.0375 0.35072 114.09187316894531
2 0.443359 0.490278 0.0304688 0.0416667 0.574909 114.09187316894531
2 0.555469 0.474306 0.03125 0.0486111 0.660541 114.09187316894531
2 0.339063 0.565278 0.04375 0.0611111 0.666041 114.09187316894531
2 0.403125 0.624306 0.046875 0.0791667 0.710044 114.09187316894531
2 0.29375 0.931944 0.115625 0.130556 0.712577 114.09187316894531
2 0.646484 0.570833 0.0429688 0.0666667 0.739401 114.09187316894531
2 0.817578 0.835417 0.117969 0.201389 0.809291 114.09187316894531
