2 0.450781 0.439583 0.025 0.0375 0.263648 119.07291412353516
2 0.374219 0.447917 0.025 0.0347222 0.319405 119.07291412353516
2 0.403516 0.463194 0.0242187 0.0402778 0.379128 119.07291412353516
7 0.615625 0.486111 0.0453125 0.102778 0.465539 119.07291412353516
2 0.0160156 0.931944 0.0289063 0.105556 0.557656 119.07291412353516
2 0.435937 0.490972 0.0328125 0.0458333 0.616868 119.07291412353516
2 0.368359 0.520833 0.0398437 0.05 0.683063 119.07291412353516
2 0.316797 0.50625 0.0351562 0.0486111 0.687716 119.07291412353516
2 0.383984 0.681944 0.0601562 0.1 0.719824 119.07291412353516
2 0.245703 0.722222 0.0851562 0.102778 0.73722 119.07291412353516
