2 0.353125 0.469444 0.0265625 0.0444444 0.404234 122.22743034362793
2 0.597266 0.476389 0.0304688 0.0444444 0.491215 122.22743034362793
2 0.389062 0.471528 0.0390625 0.0458333 0.498391 122.22743034362793
2 0.0277344 0.831944 0.0554687 0.3 0.521614 122.22743034362793
2 0.239063 0.744444 0.0875 0.125 0.521758 122.22743034362793
2 0.638672 0.477778 0.0289063 0.0472222 0.527612 122.22743034362793
2 0.427734 0.520139 0.0398437 0.0652778 0.655377 122.22743034362793
2 0.281641 0.959028 0.116406 0.0819444 0.684878 122.22743034362793
2 0.347656 0.552778 0.0359375 0.0555556 0.709811 122.22743034362793
2 0.407031 0.620833 0.04375 0.0777778 0.763591 122.22743034362793
2 0.772656 0.634028 0.0625 0.0875 0.777157 122.22743034362793
5 0.270312 0.528472 0.065625 0.159722 0.801861 122.22743034362793
