2 0.4625 0.416667 0.025 0.0361111 0.266668 125.90408325195312
2 0.573828 0.446528 0.0242187 0.0291667 0.293174 125.90408325195312
2 0.108984 0.96875 0.0617188 0.0569444 0.293619 125.90408325195312
2 0.404297 0.463889 0.0226563 0.0472222 0.311455 125.90408325195312
2 0.08125 0.963194 0.117188 0.0736111 0.331966 125.90408325195312
2 0.385938 0.502083 0.040625 0.0680556 0.337396 125.90408325195312
2 0.442578 0.473611 0.0289063 0.0416667 0.604727 125.90408325195312
2 0.608594 0.513194 0.0390625 0.0541667 0.623872 125.90408325195312
2 0.944531 0.863194 0.110937 0.218056 0.678618 125.90408325195312
2 0.716016 0.577083 0.0539063 0.0708333 0.715481 125.90408325195312
5 0.315625 0.472917 0.0953125 0.148611 0.719052 125.90408325195312
2 0.357422 0.542361 0.0367187 0.0541667 0.740719 125.90408325195312
2 0.108984 0.753472 0.103906 0.115278 0.794141 125.90408325195312
2 0.416406 0.575694 0.040625 0.0652778 0.835436 125.90408325195312
