2 0.342578 0.491667 0.0273438 0.0416667 0.27691 120.49508094787598
2 0.452734 0.452778 0.0257812 0.0416667 0.278108 120.49508094787598
2 0.377734 0.661111 0.0820312 0.183333 0.424822 120.49508094787598
7 0.0277344 0.839583 0.0554687 0.240278 0.465966 120.49508094787598
2 0.630469 0.527778 0.034375 0.0583333 0.670501 120.49508094787598
2 0.567187 0.507639 0.03125 0.0541667 0.69071 120.49508094787598
2 0.289844 0.961806 0.114063 0.0763889 0.707491 120.49508094787598
2 0.425781 0.551389 0.0390625 0.0583333 0.740529 120.49508094787598
2 0.347656 0.549306 0.04375 0.0625 0.763667 120.49508094787598
2 0.678516 0.520139 0.0382813 0.0513889 0.766772 120.49508094787598
2 0.599609 0.615972 0.0523437 0.0847222 0.787636 120.49508094787598
2 0.207813 0.643056 0.0734375 0.0861111 0.807196 120.49508094787598
2 0.227734 0.772222 0.0976562 0.133333 0.818818 120.49508094787598
