2 0.456641 0.442361 0.0242187 0.0375 0.278666 99.2882251739502
2 0.560156 0.411806 0.03125 0.0375 0.287476 99.2882251739502
2 0.427344 0.425694 0.0265625 0.0458333 0.294762 99.2882251739502
2 0.377344 0.452083 0.0265625 0.0375 0.346154 99.2882251739502
2 0.581641 0.459028 0.0273438 0.0375 0.435011 99.2882251739502
2 0.320312 0.5125 0.0328125 0.0444444 0.510603 99.2882251739502
2 0.600391 0.632639 0.0523437 0.0986111 0.596095 99.2882251739502
2 0.811719 0.700694 0.08125 0.118056 0.65653 99.2882251739502
2 0.433203 0.527778 0.0367187 0.0472222 0.666933 99.2882251739502
2 0.374609 0.777083 0.0804688 0.129167 0.755958 99.2882251739502
2 0.329297 0.601389 0.0492188 0.0694444 0.808806 99.2882251739502
2 0.158203 0.695139 0.0867188 0.101389 0.820241 99.2882251739502
