2 0.350781 0.470833 0.0328125 0.0416667 0.347979 107.42855072021484
2 0.399609 0.470139 0.0289063 0.0430556 0.386874 107.42855072021484
2 0.570312 0.429861 0.025 0.0402778 0.387743 107.42855072021484
2 0.448438 0.461806 0.0265625 0.0402778 0.558184 107.42855072021484
2 0.358984 0.530556 0.0351562 0.0555556 0.669282 107.42855072021484
2 0.420312 0.55625 0.0390625 0.0625 0.760427 107.42855072021484
2 0.669922 0.625 0.0664062 0.0972222 0.761307 107.42855072021484
2 0.255469 0.596528 0.0578125 0.0819444 0.775746 107.42855072021484
5 0.698828 0.509028 0.113281 0.226389 0.781147 107.42855072021484
2 0.867578 0.890972 0.133594 0.206944 0.807119 107.42855072021484
2 0.578125 0.551389 0.0359375 0.0666667 0.818836 107.42855072021484
2 0.234375 0.775694 0.104687 0.143056 0.832634 107.42855072021484
