2 0.540234 0.438889 0.0210938 0.0305556 0.2637 115.88072776794434
2 0.375781 0.447222 0.025 0.0333333 0.278742 115.88072776794434
2 0.452344 0.432639 0.021875 0.0319444 0.299827 115.88072776794434
2 0.404297 0.461806 0.0257812 0.0375 0.368828 115.88072776794434
7 0.619531 0.492361 0.046875 0.101389 0.512287 115.88072776794434
2 0.437891 0.486806 0.0335938 0.0458333 0.586468 115.88072776794434
2 0.272656 0.965972 0.1125 0.0680556 0.609965 115.88072776794434
2 0.025 0.919444 0.05 0.127778 0.624482 115.88072776794434
2 0.319141 0.504167 0.0351562 0.05 0.679503 115.88072776794434
2 0.370313 0.518056 0.0390625 0.05 0.707471 115.88072776794434
2 0.253516 0.709722 0.0789063 0.1 0.772215 115.88072776794434
2 0.387891 0.671528 0.0601562 0.0986111 0.789489 115.88072776794434
