2 0.467187 0.398611 0.0203125 0.0305556 0.250391 116.0585880279541
2 0.425781 0.425 0.021875 0.0361111 0.274049 116.0585880279541
2 0.404297 0.455556 0.0226563 0.0333333 0.35785 116.0585880279541
2 0.373047 0.449306 0.0304688 0.0430556 0.388947 116.0585880279541
2 0.655078 0.502778 0.0335938 0.0472222 0.422153 116.0585880279541
2 0.455859 0.445833 0.0242187 0.0333333 0.451546 116.0585880279541
2 0.319922 0.51875 0.0335938 0.0430556 0.567613 116.0585880279541
2 0.381641 0.665972 0.0867188 0.184722 0.631688 116.0585880279541
2 0.355469 0.552083 0.0359375 0.0625 0.680307 116.0585880279541
2 0.421875 0.572917 0.0359375 0.0541667 0.715995 116.0585880279541
2 0.0421875 0.864583 0.084375 0.168056 0.745579 116.0585880279541
