7 0.405078 0.440278 0.0414063 0.0805556 0.252243 127.9909610748291
2 0.455078 0.442361 0.0289063 0.0402778 0.354903 127.9909610748291
2 0.549219 0.471528 0.0265625 0.0430556 0.523016 127.9909610748291
2 0.250781 0.724306 0.0859375 0.118056 0.529448 127.9909610748291
2 0.643359 0.477083 0.0289063 0.0402778 0.558077 127.9909610748291
2 0.353516 0.467361 0.0320312 0.0402778 0.56692 127.9909610748291
2 0.435156 0.509722 0.034375 0.0527778 0.583771 127.9909610748291
2 0.598047 0.595139 0.0492188 0.0875 0.704602 127.9909610748291
2 0.31875 0.94375 0.114063 0.1125 0.708414 127.9909610748291
2 0.102734 0.76875 0.108594 0.126389 0.720508 127.9909610748291
7 0.750781 0.559722 0.15 0.247222 0.738215 127.9909610748291
2 0.404687 0.593056 0.04375 0.0805556 0.7683 127.9909610748291
