2 0.575781 0.404167 0.0203125 0.0333333 0.253345 110.59951782226562
2 0.370313 0.45 0.0265625 0.0361111 0.258896 110.59951782226562
2 0.414062 0.497222 0.0390625 0.0722222 0.342578 110.59951782226562
2 0.402734 0.463889 0.0273438 0.0416667 0.40026 110.59951782226562
2 0.336719 0.5 0.03125 0.0472222 0.414436 110.59951782226562
2 0.133203 0.738194 0.0914062 0.1125 0.610923 110.59951782226562
2 0.596875 0.584722 0.046875 0.0722222 0.639883 110.59951782226562
2 0.421875 0.515972 0.0328125 0.0513889 0.690179 110.59951782226562
2 0.390625 0.665278 0.0578125 0.075 0.75767 110.59951782226562
2 0.857813 0.741667 0.1 0.147222 0.834819 110.59951782226562
