2 0.466016 0.418056 0.0195312 0.0277778 0.311237 111.41848564147949
2 0.610156 0.432639 0.03125 0.0513889 0.372007 111.41848564147949
2 0.405078 0.457639 0.0257812 0.0375 0.505675 111.41848564147949
2 0.237891 0.6125 0.0585938 0.0722222 0.622815 111.41848564147949
2 0.448828 0.472917 0.0320312 0.0430556 0.624378 111.41848564147949
7 0.675391 0.484722 0.0929687 0.158333 0.624769 111.41848564147949
2 0.613672 0.514583 0.0367187 0.0541667 0.685872 111.41848564147949
2 0.416406 0.546528 0.034375 0.0513889 0.738221 111.41848564147949
2 0.617969 0.652778 0.0546875 0.111111 0.759571 111.41848564147949
2 0.267188 0.693056 0.0734375 0.105556 0.766112 111.41848564147949
