2 0.458594 0.418056 0.025 0.0333333 0.260865 93.22047233581543
2 0.428125 0.422917 0.021875 0.0319444 0.27207 93.22047233581543
2 0.404687 0.454167 0.025 0.0388889 0.299095 93.22047233581543
2 0.329297 0.495833 0.0320312 0.0444444 0.301785 93.22047233581543
2 0.570703 0.416667 0.0226563 0.0416667 0.35691 93.22047233581543
2 0.44375 0.463889 0.028125 0.0361111 0.413125 93.22047233581543
2 0.35 0.815278 0.078125 0.133333 0.509669 93.22047233581543
2 0.38125 0.497917 0.028125 0.0402778 0.528178 93.22047233581543
2 0.603516 0.482639 0.0304688 0.0430556 0.530027 93.22047233581543
2 0.564062 0.490278 0.0296875 0.0444444 0.59366 93.22047233581543
2 0.675781 0.520139 0.0375 0.0513889 0.650927 93.22047233581543
2 0.228125 0.602778 0.065625 0.0916667 0.656678 93.22047233581543
2 0.339063 0.571528 0.05 0.0708333 0.71154 93.22047233581543
2 0.430859 0.536111 0.0351562 0.0527778 0.740451 93.22047233581543
2 0.688672 0.652083 0.0804688 0.115278 0.748538 93.22047233581543
