5 0.393359 0.402778 0.0398437 0.0833333 0.261002 107.4070930480957
2 0.342578 0.48125 0.0257812 0.0402778 0.338088 107.4070930480957
5 0.633984 0.429861 0.0617188 0.109722 0.444578 107.4070930480957
2 0.0359375 0.89375 0.071875 0.168056 0.510087 107.4070930480957
2 0.248828 0.582639 0.0476562 0.0652778 0.628349 107.4070930480957
2 0.370703 0.510417 0.0320312 0.0458333 0.633077 107.4070930480957
2 0.419922 0.529167 0.0320312 0.0555556 0.668237 107.4070930480957
2 0.0917969 0.954861 0.141406 0.0902778 0.676821 107.4070930480957
2 0.631641 0.53125 0.0382813 0.0541667 0.690722 107.4070930480957
2 0.580078 0.547222 0.0398437 0.075 0.726293 107.4070930480957
2 0.349219 0.754167 0.0796875 0.125 0.738942 107.4070930480957
2 0.7375 0.7375 0.0796875 0.119444 0.754534 107.4070930480957
2 0.297656 0.646528 0.0640625 0.0847222 0.794225 107.4070930480957
