2 0.551953 0.465278 0.0257812 0.0305556 0.289025 101.04775428771973
2 0.454688 0.443056 0.025 0.0388889 0.363828 101.04775428771973
2 0.616406 0.452083 0.025 0.0375 0.421399 101.04775428771973
2 0.702734 0.906944 0.124219 0.186111 0.504621 101.04775428771973
2 0.392188 0.482639 0.028125 0.0402778 0.542679 101.04775428771973
2 0.326172 0.509028 0.0351562 0.0458333 0.672072 101.04775428771973
2 0.183203 0.675 0.0773437 0.0972222 0.696255 101.04775428771973
2 0.435156 0.505556 0.034375 0.05 0.71419 101.04775428771973
2 0.375 0.727778 0.065625 0.108333 0.726881 101.04775428771973
2 0.657812 0.559028 0.0421875 0.0680556 0.866593 101.04775428771973
