2 0.539453 0.41875 0.0242187 0.0291667 0.303983 121.7045783996582
2 0.454297 0.425694 0.0242187 0.0347222 0.31498 121.7045783996582
2 0.370313 0.493056 0.0640625 0.0527778 0.319544 121.7045783996582
2 0.410937 0.449306 0.0296875 0.0347222 0.334684 121.7045783996582
2 0.448047 0.452083 0.0351562 0.0597222 0.356956 121.7045783996582
2 0.633594 0.465278 0.0265625 0.0388889 0.499102 121.7045783996582
2 0.548047 0.473611 0.0257812 0.0388889 0.519025 121.7045783996582
2 0.444922 0.46875 0.0320312 0.0430556 0.523669 121.7045783996582
7 0.664844 0.5625 0.0671875 0.147222 0.557913 121.7045783996582
2 0.337109 0.485417 0.0320312 0.0486111 0.626193 121.7045783996582
2 0.380078 0.502778 0.0367187 0.05 0.630697 121.7045783996582
2 0.316797 0.877778 0.105469 0.175 0.686876 121.7045783996582
2 0.403125 0.61875 0.05 0.0819444 0.76261 121.7045783996582
2 0.289453 0.65 0.0585938 0.0833333 0.789844 121.7045783996582
2 0.0867188 0.934722 0.171875 0.130556 0.823919 121.7045783996582
2 0.0835937 0.797917 0.134375 0.151389 0.82737 121.7045783996582
