2 0.457422 0.435417 0.0179687 0.0291667 0.278573 106.42147064208984
2 0.0820312 0.963194 0.104687 0.0736111 0.401082 106.42147064208984
2 0.392188 0.479861 0.0296875 0.0375 0.49016 106.42147064208984
5 0.903125 0.731944 0.190625 0.472222 0.506398 106.42147064208984
2 0.546094 0.454167 0.025 0.0333333 0.521916 106.42147064208984
2 0.440625 0.490278 0.028125 0.0472222 0.561019 106.42147064208984
2 0.317578 0.516667 0.0367187 0.0472222 0.579391 106.42147064208984
2 0.615234 0.513889 0.0382813 0.0527778 0.704471 106.42147064208984
2 0.337891 0.589583 0.0507812 0.0819444 0.734413 106.42147064208984
2 0.131641 0.740278 0.0976562 0.119444 0.759815 106.42147064208984
2 0.364453 0.722917 0.0664062 0.106944 0.775231 106.42147064208984
