2 0.367188 0.504167 0.0515625 0.0944444 0.288868 117.28572845458984
5 0.415234 0.384722 0.0304688 0.0611111 0.310662 117.28572845458984
2 0.309375 0.518056 0.05 0.0638889 0.531298 117.28572845458984
2 0.442578 0.483333 0.0351562 0.0472222 0.547204 117.28572845458984
2 0.732813 0.957639 0.128125 0.0847222 0.579958 117.28572845458984
2 0.550781 0.447917 0.025 0.0347222 0.589599 117.28572845458984
2 0.355469 0.756944 0.084375 0.152778 0.593368 117.28572845458984
5 0.632422 0.438194 0.0601562 0.118056 0.597313 117.28572845458984
2 0.599609 0.615278 0.0523437 0.0833333 0.701279 117.28572845458984
2 0.769531 0.645833 0.0671875 0.1 0.739808 117.28572845458984
2 0.407813 0.59375 0.04375 0.0736111 0.76053 117.28572845458984
