2 0.455859 0.434028 0.0257812 0.0347222 0.271934 118.10183525085449
7 0.593359 0.393056 0.0320312 0.0722222 0.336566 118.10183525085449
2 0.411328 0.445139 0.0304688 0.0458333 0.369198 118.10183525085449
7 0.608984 0.627083 0.0679687 0.159722 0.392202 118.10183525085449
2 0.541797 0.456944 0.0273438 0.0333333 0.393426 118.10183525085449
2 0.371484 0.504167 0.0320312 0.0416667 0.393751 118.10183525085449
5 0.774219 0.742361 0.123438 0.231944 0.44266 118.10183525085449
2 0.588672 0.46875 0.0304688 0.0458333 0.531027 118.10183525085449
2 0.248047 0.59375 0.0539063 0.0736111 0.695324 118.10183525085449
2 0.326953 0.585417 0.0398437 0.0652778 0.695791 118.10183525085449
2 0.313281 0.917361 0.117188 0.1625 0.763895 118.10183525085449
2 0.408594 0.588889 0.0375 0.0638889 0.779641 118.10183525085449
2 0.199609 0.802778 0.124219 0.163889 0.817623 118.10183525085449
