2 0.359375 0.463194 0.028125 0.0347222 0.393184 104.43687438964844
2 0.439844 0.484028 0.0296875 0.0375 0.427213 104.43687438964844
5 0.405469 0.425694 0.0546875 0.104167 0.468271 104.43687438964844
2 0.627734 0.464583 0.0273438 0.0347222 0.525106 104.43687438964844
2 0.309766 0.528472 0.0398437 0.0569444 0.52573 104.43687438964844
2 0.576172 0.456944 0.0257812 0.0361111 0.532937 104.43687438964844
2 0.0496094 0.929861 0.0992187 0.1375 0.650122 104.43687438964844
2 0.284375 0.654167 0.0578125 0.0805556 0.715518 104.43687438964844
2 0.379297 0.703472 0.0570313 0.101389 0.729581 104.43687438964844
2 0.423438 0.554167 0.0375 0.0555556 0.775944 104.43687438964844
2 0.170312 0.681944 0.0859375 0.0916667 0.782204 104.43687438964844
2 0.753516 0.619444 0.0585938 0.0833333 0.792024 104.43687438964844
