2 0.452344 0.447917 0.025 0.0319444 0.265578 110.63623428344727
2 0.39375 0.479167 0.028125 0.0388889 0.332117 110.63623428344727
2 0.345703 0.475 0.0257812 0.0416667 0.346533 110.63623428344727
2 0.619141 0.445139 0.0304688 0.0375 0.393152 110.63623428344727
2 0.586328 0.448611 0.0273438 0.0444444 0.394016 110.63623428344727
2 0.538672 0.427778 0.0242187 0.0388889 0.399239 110.63623428344727
2 0.365625 0.53125 0.040625 0.0597222 0.596192 110.63623428344727
2 0.441406 0.495833 0.0296875 0.0472222 0.607222 110.63623428344727
2 0.383594 0.689583 0.0546875 0.0930556 0.616348 110.63623428344727
2 0.644531 0.553472 0.0375 0.0652778 0.666128 110.63623428344727
2 0.285937 0.940972 0.139062 0.118056 0.702536 110.63623428344727
2 0.276953 0.554167 0.0492188 0.0722222 0.706619 110.63623428344727
2 0.601172 0.597222 0.0445312 0.0722222 0.769893 110.63623428344727
2 0.747656 0.611806 0.065625 0.0819444 0.777451 110.63623428344727
