2 0.378516 0.4625 0.0414063 0.0472222 0.267619 102.41866111755371
2 0.416016 0.438889 0.0226563 0.0333333 0.305753 102.41866111755371
2 0.369531 0.447222 0.0234375 0.0333333 0.312443 102.41866111755371
2 0.0363281 0.8875 0.0726563 0.158333 0.41919 102.41866111755371
2 0.384766 0.476389 0.0351562 0.0472222 0.454601 102.41866111755371
2 0.599609 0.4125 0.0351562 0.0527778 0.49306 102.41866111755371
2 0.439844 0.464583 0.0296875 0.0458333 0.579681 102.41866111755371
2 0.300391 0.531944 0.0382813 0.0611111 0.666785 102.41866111755371
2 0.364062 0.543056 0.0359375 0.0527778 0.699714 102.41866111755371
2 0.346875 0.818056 0.0828125 0.138889 0.721452 102.41866111755371
2 0.669922 0.591667 0.0476562 0.0777778 0.785691 102.41866111755371
2 0.183203 0.824306 0.107031 0.134722 0.791301 102.41866111755371
