2 0.465234 0.421528 0.0226563 0.0319444 0.348965 102.90217399597168
2 0.44375 0.459722 0.025 0.0333333 0.36745 102.90217399597168
2 0.428516 0.420833 0.0226563 0.0333333 0.398398 102.90217399597168
2 0.333203 0.503472 0.0320312 0.0486111 0.419132 102.90217399597168
7 0.194531 0.647222 0.0734375 0.0972222 0.427616 102.90217399597168
2 0.593359 0.472917 0.0289063 0.0402778 0.445823 102.90217399597168
2 0.745703 0.577083 0.0695312 0.120833 0.553913 102.90217399597168
2 0.630859 0.461806 0.0304688 0.0486111 0.639859 102.90217399597168
2 0.361328 0.5375 0.0367187 0.05 0.668236 102.90217399597168
2 0.558984 0.498611 0.0320312 0.0472222 0.672572 102.90217399597168
2 0.270703 0.703472 0.0695312 0.101389 0.748502 102.90217399597168
2 0.378125 0.697222 0.059375 0.108333 0.759036 102.90217399597168
