2 0.813281 0.680556 0.0515625 0.0583333 0.263871 123.49319458007812
2 0.124609 0.720833 0.0851562 0.1 0.418992 123.49319458007812
7 0.279687 0.503472 0.0953125 0.1375 0.458967 123.49319458007812
2 0.395703 0.473611 0.0351562 0.0444444 0.523829 123.49319458007812
2 0.44375 0.470833 0.028125 0.0388889 0.539201 123.49319458007812
2 0.427344 0.544444 0.0375 0.0638889 0.658856 123.49319458007812
2 0.712891 0.726389 0.0882813 0.158333 0.674496 123.49319458007812
2 0.619922 0.513194 0.0414063 0.0680556 0.708704 123.49319458007812
2 0.358203 0.5375 0.0429688 0.0527778 0.715463 123.49319458007812
2 0.364453 0.71875 0.0632813 0.101389 0.755528 123.49319458007812
2 0.801562 0.664583 0.06875 0.0902778 0.770321 123.49319458007812
