2 0.417578 0.436111 0.0226563 0.0277778 0.252687 104.58683967590332
2 0.353125 0.470139 0.025 0.0347222 0.261961 104.58683967590332
2 0.453906 0.442361 0.0203125 0.0291667 0.297652 104.58683967590332
2 0.541016 0.440972 0.0273438 0.0486111 0.395473 104.58683967590332
2 0.628906 0.458333 0.0328125 0.0472222 0.539288 104.58683967590332
2 0.444141 0.484028 0.0273438 0.0430556 0.563563 104.58683967590332
2 0.373047 0.515278 0.0367187 0.0527778 0.565688 104.58683967590332
2 0.321094 0.886806 0.10625 0.181944 0.602032 104.58683967590332
2 0.290234 0.541667 0.0429688 0.0666667 0.61735 104.58683967590332
2 0.596875 0.463889 0.03125 0.0527778 0.649175 104.58683967590332
2 0.391797 0.652778 0.0492188 0.0833333 0.711702 104.58683967590332
2 0.671875 0.604861 0.053125 0.0819444 0.728176 104.58683967590332
2 0.630859 0.684722 0.0617188 0.105556 0.770669 104.58683967590332
2 0.799609 0.673611 0.0789063 0.1 0.779886 104.58683967590332
