2 0.4125 0.449306 0.0296875 0.0458333 0.509154 118.55888366699219
2 0.0273438 0.886806 0.0546875 0.104167 0.51492 118.55888366699219
2 0.357422 0.474306 0.0289063 0.0430556 0.528303 118.55888366699219
2 0.557422 0.486806 0.0304688 0.0513889 0.536063 118.55888366699219
2 0.450391 0.461111 0.0335938 0.0472222 0.548277 118.55888366699219
2 0.677344 0.530556 0.0390625 0.0527778 0.639841 118.55888366699219
2 0.264062 0.711111 0.0796875 0.102778 0.723621 118.55888366699219
2 0.593359 0.604861 0.0445312 0.0708333 0.726675 118.55888366699219
2 0.414844 0.588194 0.040625 0.0652778 0.738251 118.55888366699219
2 0.278516 0.564583 0.0492188 0.0597222 0.755382 118.55888366699219
