2 0.650391 0.489583 0.0257812 0.0375 0.323325 110.73923110961914
2 0.429688 0.41875 0.0234375 0.0402778 0.39678 110.73923110961914
2 0.341797 0.489583 0.0320312 0.0375 0.493269 110.73923110961914
2 0.720703 0.914583 0.147656 0.170833 0.548811 110.73923110961914
2 0.438672 0.499306 0.0304688 0.0430556 0.60868 110.73923110961914
2 0.0867188 0.951389 0.148438 0.0972222 0.680379 110.73923110961914
2 0.609766 0.505556 0.0335938 0.05 0.703735 110.73923110961914
2 0.221484 0.622917 0.0648438 0.0763889 0.708879 110.73923110961914
2 0.355078 0.553472 0.0398437 0.0597222 0.744423 110.73923110961914
2 0.396875 0.672222 0.0578125 0.0916667 0.756159 110.73923110961914
