2 0.446094 0.459028 0.0296875 0.0319444 0.306084 109.42649841308594
2 0.336719 0.49375 0.0296875 0.0402778 0.308863 109.42649841308594
2 0.981641 0.933333 0.0351562 0.122222 0.324296 109.42649841308594
2 0.555859 0.39375 0.0179687 0.0291667 0.346774 109.42649841308594
5 0.413281 0.415278 0.05 0.0944444 0.501788 109.42649841308594
2 0.2375 0.603472 0.059375 0.0736111 0.653996 109.42649841308594
2 0.300391 0.919444 0.107031 0.158333 0.656215 109.42649841308594
2 0.0125 0.918056 0.0234375 0.1 0.665788 109.42649841308594
2 0.436328 0.5125 0.0351562 0.0472222 0.694216 109.42649841308594
2 0.671875 0.51875 0.0421875 0.0486111 0.72034 109.42649841308594
2 0.33125 0.579167 0.040625 0.0583333 0.737917 109.42649841308594
2 0.612109 0.519444 0.0382813 0.0555556 0.742694 109.42649841308594
2 0.151953 0.732639 0.0789063 0.1125 0.766965 109.42649841308594
2 0.408594 0.6 0.0453125 0.0722222 0.793742 109.42649841308594
