2 0.533984 0.415278 0.0242187 0.0277778 0.297707 113.06118965148926
2 0.366406 0.4625 0.021875 0.0333333 0.319043 113.06118965148926
2 0.402734 0.458333 0.0273438 0.0416667 0.524286 113.06118965148926
2 0.44375 0.468056 0.03125 0.0527778 0.608178 113.06118965148926
2 0.564844 0.493056 0.0296875 0.0472222 0.634609 113.06118965148926
2 0.617188 0.656944 0.0625 0.111111 0.653566 113.06118965148926
2 0.314844 0.617361 0.046875 0.0763889 0.687436 113.06118965148926
2 0.714063 0.577778 0.046875 0.0583333 0.738656 113.06118965148926
2 0.397266 0.641667 0.0492188 0.0833333 0.79035 113.06118965148926
2 0.0878906 0.782639 0.122656 0.140278 0.870061 113.06118965148926
