2 0.353516 0.475 0.0289063 0.0416667 0.384409 108.45589637756348
2 0.452344 0.44375 0.0265625 0.0291667 0.396056 108.45589637756348
2 0.242188 0.589583 0.0515625 0.0819444 0.441351 108.45589637756348
2 0.379687 0.503472 0.0328125 0.0486111 0.543626 108.45589637756348
2 0.285547 0.959028 0.121094 0.0819444 0.563698 108.45589637756348
5 0.898047 0.75 0.142969 0.233333 0.601259 108.45589637756348
2 0.628125 0.529861 0.034375 0.0541667 0.646919 108.45589637756348
2 0.670703 0.506944 0.0398437 0.0694444 0.680083 108.45589637756348
2 0.401172 0.613889 0.0476562 0.0833333 0.74772 108.45589637756348
2 0.592969 0.604861 0.0453125 0.0763889 0.748883 108.45589637756348
2 0.313281 0.625 0.0515625 0.0777778 0.749955 108.45589637756348
