7 0.398828 0.392361 0.0398437 0.0708333 0.267554 125.13875961303711
2 0.463672 0.427778 0.0210938 0.0305556 0.317431 125.13875961303711
2 0.428125 0.425694 0.028125 0.0430556 0.319477 125.13875961303711
2 0.354297 0.469444 0.0242187 0.0361111 0.340957 125.13875961303711
7 0.660937 0.460417 0.071875 0.145833 0.432526 125.13875961303711
2 0.612891 0.648611 0.0585938 0.105556 0.521376 125.13875961303711
2 0.38125 0.492361 0.03125 0.0458333 0.532632 125.13875961303711
2 0.271094 0.55625 0.0390625 0.0569444 0.64274 125.13875961303711
2 0.428125 0.510417 0.0328125 0.0458333 0.668975 125.13875961303711
2 0.0988281 0.772917 0.103906 0.120833 0.691224 125.13875961303711
2 0.375 0.672917 0.0625 0.0958333 0.693899 125.13875961303711
2 0.669531 0.602778 0.0453125 0.075 0.729862 125.13875961303711
2 0.323828 0.598611 0.0460938 0.0666667 0.756672 125.13875961303711
2 0.175 0.85625 0.125 0.148611 0.832963 125.13875961303711
