2 0.539062 0.425 0.021875 0.0333333 0.336995 123.71611595153809
2 0.9125 0.965972 0.101562 0.0680556 0.465703 123.71611595153809
2 0.396094 0.480556 0.0328125 0.0388889 0.528013 123.71611595153809
2 0.453125 0.450694 0.025 0.0375 0.570071 123.71611595153809
2 0.311328 0.51875 0.0351562 0.0486111 0.581999 123.71611595153809
2 0.591406 0.474306 0.028125 0.0430556 0.622906 123.71611595153809
2 0.432813 0.538194 0.0375 0.0513889 0.675384 123.71611595153809
2 0.367578 0.752778 0.0695312 0.127778 0.760491 123.71611595153809
2 0.645312 0.547222 0.0390625 0.0694444 0.797082 123.71611595153809
2 0.291406 0.647917 0.0640625 0.0847222 0.80063 123.71611595153809
2 0.876172 0.784028 0.108594 0.145833 0.852209 123.71611595153809
