2 0.549219 0.444444 0.0203125 0.0305556 0.279339 114.79496955871582
2 0.34375 0.486111 0.0328125 0.0444444 0.304535 114.79496955871582
7 0.383984 0.411806 0.0429688 0.0736111 0.34099 114.79496955871582
2 0.632812 0.4625 0.0234375 0.0388889 0.420431 114.79496955871582
2 0.451562 0.446528 0.028125 0.0347222 0.505408 114.79496955871582
2 0.292188 0.55 0.034375 0.0472222 0.587435 114.79496955871582
2 0.349219 0.560417 0.0375 0.0569444 0.679433 114.79496955871582
2 0.163281 0.703472 0.101562 0.134722 0.734436 114.79496955871582
2 0.426562 0.515972 0.034375 0.0486111 0.758361 114.79496955871582
2 0.730859 0.704167 0.0710938 0.119444 0.812593 114.79496955871582
2 0.209375 0.799306 0.1 0.129167 0.884221 114.79496955871582
