2 0.539453 0.400694 0.0289063 0.0458333 0.250672 583.2750797271729
2 0.389062 0.472917 0.028125 0.0402778 0.339213 583.2750797271729
2 0.451172 0.44375 0.0242187 0.0347222 0.342762 583.2750797271729
2 0.579687 0.434722 0.025 0.05 0.443247 583.2750797271729
2 0.0179687 0.909028 0.0359375 0.104167 0.545925 583.2750797271729
2 0.557422 0.4875 0.0289063 0.0416667 0.587965 583.2750797271729
2 0.28125 0.958333 0.115625 0.0833333 0.5882 583.2750797271729
2 0.255469 0.588194 0.040625 0.0625 0.607682 583.2750797271729
2 0.726172 0.584028 0.0507812 0.0708333 0.725727 583.2750797271729
2 0.365234 0.515972 0.0382813 0.0513889 0.730796 583.2750797271729
2 0.435547 0.504167 0.0335938 0.05 0.735031 583.2750797271729
2 0.690625 0.647917 0.0578125 0.0847222 0.738352 583.2750797271729
2 0.0894531 0.942361 0.167969 0.115278 0.745123 583.2750797271729
2 0.285937 0.65625 0.059375 0.0791667 0.755509 583.2750797271729
2 0.937891 0.852083 0.124219 0.179167 0.794365 583.2750797271729
