2 0.467969 0.406944 0.021875 0.0361111 0.264505 94.10858154296875
2 0.532812 0.406944 0.0234375 0.0388889 0.278998 94.10858154296875
2 0.439844 0.402083 0.021875 0.0402778 0.282973 94.10858154296875
2 0.364453 0.463889 0.0257812 0.0333333 0.307747 94.10858154296875
2 0.576563 0.441667 0.0265625 0.0333333 0.451468 94.10858154296875
2 0.448828 0.463194 0.0304688 0.0402778 0.586139 94.10858154296875
2 0.60625 0.484722 0.034375 0.0527778 0.613373 94.10858154296875
2 0.285937 0.548611 0.0421875 0.0555556 0.652269 94.10858154296875
2 0.747266 0.609722 0.0507812 0.0777778 0.68386 94.10858154296875
2 0.383984 0.501389 0.0351562 0.0416667 0.694177 94.10858154296875
2 0.422656 0.572222 0.040625 0.0611111 0.715144 94.10858154296875
2 0.710547 0.692361 0.0710938 0.1125 0.735897 94.10858154296875
2 0.244531 0.729861 0.090625 0.1125 0.806666 94.10858154296875
2 0.330469 0.886111 0.104687 0.172222 0.828526 94.10858154296875
