2 0.459375 0.416667 0.0234375 0.0277778 0.266092 142.7597999572754
2 0.566016 0.378472 0.0148437 0.0263889 0.293061 142.7597999572754
2 0.444922 0.459722 0.0273438 0.0388889 0.367343 142.7597999572754
5 0.4 0.397222 0.0390625 0.0555556 0.38263 142.7597999572754
2 0.335547 0.500694 0.0304688 0.0430556 0.388748 142.7597999572754
2 0.0945313 0.852778 0.159375 0.211111 0.3951 142.7597999572754
2 0.265234 0.579167 0.0492188 0.0861111 0.562876 142.7597999572754
2 0.385156 0.502778 0.03125 0.0444444 0.601911 142.7597999572754
2 0.315625 0.611806 0.05625 0.0736111 0.698011 142.7597999572754
2 0.589453 0.570139 0.0398437 0.0652778 0.757909 142.7597999572754
2 0.322266 0.815972 0.0867188 0.1125 0.789301 142.7597999572754
2 0.744531 0.595139 0.053125 0.0736111 0.792097 142.7597999572754
2 0.0785156 0.802778 0.119531 0.130556 0.830799 142.7597999572754
2 0.148438 0.889583 0.126563 0.1625 0.842609 142.7597999572754
