2 0.609766 0.438889 0.0257812 0.0361111 0.351638 118.67475509643555
2 0.330078 0.496528 0.0429688 0.0541667 0.471337 118.67475509643555
2 0.68125 0.851389 0.110937 0.213889 0.497626 118.67475509643555
2 0.451172 0.463194 0.0320312 0.0486111 0.545949 118.67475509643555
7 0.660937 0.470833 0.078125 0.136111 0.547225 118.67475509643555
2 0.0984375 0.940278 0.154687 0.108333 0.703295 118.67475509643555
2 0.378516 0.675694 0.0617188 0.1125 0.704582 118.67475509643555
2 0.419922 0.552778 0.0367187 0.0583333 0.753533 118.67475509643555
2 0.560938 0.484722 0.0296875 0.0555556 0.759752 118.67475509643555
2 0.952344 0.895833 0.0953125 0.197222 0.791685 118.67475509643555
