2 0.337891 0.489583 0.0304688 0.0402778 0.267858 132.66992568969727
2 0.564062 0.415278 0.0234375 0.0277778 0.305735 132.66992568969727
2 0.390625 0.486806 0.028125 0.0430556 0.342599 132.66992568969727
2 0.441797 0.477083 0.0242187 0.0375 0.52614 132.66992568969727
2 0.715234 0.972917 0.0960938 0.0541667 0.546625 132.66992568969727
2 0.560156 0.493056 0.0296875 0.05 0.661113 132.66992568969727
2 0.342969 0.559028 0.040625 0.0652778 0.669599 132.66992568969727
5 0.6625 0.4625 0.0796875 0.161111 0.690361 132.66992568969727
2 0.63125 0.538194 0.0359375 0.0680556 0.716224 132.66992568969727
2 0.221094 0.635417 0.071875 0.0847222 0.763301 132.66992568969727
2 0.411328 0.590972 0.0398437 0.0680556 0.781287 132.66992568969727
2 0.717188 0.665278 0.071875 0.1 0.791554 132.66992568969727
2 0.155078 0.903472 0.155469 0.179167 0.838663 132.66992568969727
