2 0.571875 0.400694 0.01875 0.0291667 0.27846 98.60014915466309
2 0.457422 0.416667 0.0273438 0.0472222 0.301736 98.60014915466309
2 0.398828 0.470833 0.0289063 0.0388889 0.3202 98.60014915466309
2 0.367188 0.452083 0.025 0.0347222 0.344676 98.60014915466309
2 0.332031 0.503472 0.0359375 0.0486111 0.506866 98.60014915466309
2 0.747656 0.94375 0.10625 0.109722 0.621835 98.60014915466309
2 0.41875 0.525694 0.0328125 0.0513889 0.65852 98.60014915466309
2 0.10625 0.776389 0.104687 0.116667 0.690083 98.60014915466309
2 0.383984 0.685417 0.0648438 0.0902778 0.695599 98.60014915466309
2 0.584766 0.545833 0.0414063 0.0611111 0.700359 98.60014915466309
2 0.790234 0.660417 0.0726563 0.101389 0.76505 98.60014915466309
