2 0.561719 0.398611 0.0203125 0.0416667 0.276115 107.50436782836914
2 0.338672 0.508333 0.0554687 0.0472222 0.358648 107.50436782836914
2 0.694922 0.928472 0.108594 0.140278 0.362865 107.50436782836914
2 0.415234 0.445139 0.0210938 0.0291667 0.39628 107.50436782836914
2 0.669141 0.508333 0.0382813 0.0527778 0.532347 107.50436782836914
2 0.323828 0.502778 0.0335938 0.0444444 0.580046 107.50436782836914
2 0.433984 0.488889 0.0335938 0.0472222 0.658258 107.50436782836914
2 0.362891 0.527083 0.0351562 0.0569444 0.661282 107.50436782836914
2 0.212109 0.628472 0.0742188 0.0902778 0.711587 107.50436782836914
2 0.30625 0.628472 0.053125 0.0763889 0.776388 107.50436782836914
2 0.405078 0.594444 0.0429688 0.0722222 0.78548 107.50436782836914
