2 0.607813 0.438194 0.021875 0.0347222 0.352388 121.05560302734375
2 0.325 0.495833 0.0375 0.0527778 0.440739 121.05560302734375
7 0.661719 0.802083 0.0953125 0.168056 0.442518 121.05560302734375
2 0.0828125 0.951389 0.159375 0.0972222 0.528454 121.05560302734375
2 0.447266 0.467361 0.0273438 0.0430556 0.583408 121.05560302734375
2 0.374609 0.683333 0.0632813 0.125 0.663487 121.05560302734375
5 0.654688 0.465278 0.0765625 0.138889 0.687345 121.05560302734375
2 0.560156 0.479167 0.03125 0.0472222 0.695706 121.05560302734375
2 0.416016 0.561111 0.0414063 0.0583333 0.745123 121.05560302734375
2 0.932813 0.846528 0.13125 0.184722 0.87162 121.05560302734375
