2 0.571875 0.4 0.01875 0.0277778 0.25221 131.00624084472656
2 0.397656 0.474306 0.0296875 0.0375 0.340816 131.00624084472656
2 0.365234 0.45625 0.0289063 0.0375 0.351023 131.00624084472656
2 0.330469 0.505556 0.0375 0.05 0.45944 131.00624084472656
2 0.580078 0.530556 0.0351562 0.0527778 0.535296 131.00624084472656
2 0.417188 0.529167 0.0328125 0.0555556 0.616839 131.00624084472656
2 0.38125 0.7 0.0640625 0.0944444 0.702946 131.00624084472656
2 0.728516 0.90625 0.125781 0.1875 0.724132 131.00624084472656
2 0.76875 0.633333 0.0625 0.0916667 0.727502 131.00624084472656
2 0.0925781 0.790972 0.110156 0.1375 0.803442 131.00624084472656
