2 0.434766 0.409722 0.0179687 0.0333333 0.25721 94.79022026062012
2 0.532812 0.403472 0.021875 0.0347222 0.260021 94.79022026062012
2 0.361328 0.465278 0.0257812 0.0361111 0.288585 94.79022026062012
2 0.466797 0.407639 0.0210938 0.0319444 0.29676 94.79022026062012
2 0.571484 0.438194 0.0242187 0.0375 0.316907 94.79022026062012
2 0.725391 0.5875 0.0445312 0.075 0.545044 94.79022026062012
2 0.448047 0.467361 0.0320312 0.0430556 0.604743 94.79022026062012
2 0.600391 0.476389 0.0289063 0.0444444 0.619718 94.79022026062012
2 0.279687 0.557639 0.0453125 0.0625 0.65077 94.79022026062012
2 0.319531 0.915972 0.117188 0.156944 0.662989 94.79022026062012
2 0.420703 0.582639 0.0445312 0.0708333 0.697836 94.79022026062012
2 0.38125 0.509722 0.0359375 0.0444444 0.711106 94.79022026062012
2 0.691406 0.65 0.0609375 0.0916667 0.717593 94.79022026062012
2 0.232031 0.754861 0.096875 0.126389 0.841529 94.79022026062012
