2 0.458203 0.436806 0.0210938 0.0319444 0.278832 124.01676177978516
2 0.560938 0.413194 0.03125 0.0347222 0.341616 124.01676177978516
2 0.328906 0.505556 0.0328125 0.0444444 0.353549 124.01676177978516
2 0.379297 0.448611 0.0226563 0.0333333 0.375773 124.01676177978516
2 0.427344 0.425 0.0265625 0.0361111 0.420825 124.01676177978516
2 0.590234 0.473611 0.0242187 0.0444444 0.450856 124.01676177978516
2 0.625 0.705556 0.0640625 0.130556 0.499764 124.01676177978516
2 0.435937 0.513194 0.034375 0.0458333 0.704158 124.01676177978516
2 0.383203 0.733333 0.0726563 0.108333 0.713973 124.01676177978516
2 0.337891 0.584722 0.0476562 0.0694444 0.749085 124.01676177978516
2 0.181641 0.668056 0.0804688 0.0888889 0.753735 124.01676177978516
2 0.874609 0.782639 0.105469 0.148611 0.794597 124.01676177978516
