2 0.578906 0.443056 0.0203125 0.0277778 0.270314 108.78252983093262
2 0.455078 0.434722 0.0226563 0.0277778 0.392556 108.78252983093262
2 0.421875 0.427083 0.0265625 0.0375 0.398037 108.78252983093262
2 0.701172 0.548611 0.0367187 0.0527778 0.582789 108.78252983093262
2 0.666406 0.571528 0.046875 0.0819444 0.6576 108.78252983093262
5 0.351562 0.447917 0.0671875 0.104167 0.669466 108.78252983093262
2 0.428125 0.522917 0.03125 0.0486111 0.711567 108.78252983093262
2 0.270312 0.573611 0.0546875 0.0694444 0.736195 108.78252983093262
2 0.147266 0.730556 0.0914062 0.102778 0.788547 108.78252983093262
2 0.352734 0.739583 0.0710938 0.104167 0.820579 108.78252983093262
2 0.206641 0.802778 0.0992187 0.130556 0.834241 108.78252983093262
