2 0.533203 0.400694 0.0179687 0.0347222 0.272659 105.44896125793457
2 0.453906 0.436806 0.0234375 0.0347222 0.311788 105.44896125793457
5 0.196094 0.704167 0.1375 0.247222 0.399513 105.44896125793457
2 0.338672 0.490278 0.0304688 0.0416667 0.426007 105.44896125793457
2 0.583594 0.449306 0.028125 0.0430556 0.438261 105.44896125793457
7 0.220703 0.554167 0.138281 0.188889 0.462262 105.44896125793457
5 0.120312 0.836111 0.234375 0.325 0.491942 105.44896125793457
2 0.379687 0.503472 0.0328125 0.0486111 0.549087 105.44896125793457
2 0.435156 0.502778 0.034375 0.0472222 0.5573 105.44896125793457
2 0.685938 0.530556 0.0359375 0.05 0.596842 105.44896125793457
2 0.591016 0.5125 0.0382813 0.0611111 0.726867 105.44896125793457
2 0.326953 0.593056 0.0492188 0.0694444 0.737438 105.44896125793457
2 0.30625 0.90625 0.0984375 0.168056 0.775022 105.44896125793457
2 0.410547 0.601389 0.0445312 0.0722222 0.78247 105.44896125793457
