2 0.426562 0.483333 0.0453125 0.0611111 0.273103 107.41710662841797
2 0.592188 0.461111 0.0265625 0.0388889 0.345358 107.41710662841797
2 0.580859 0.390278 0.0289063 0.0444444 0.364476 107.41710662841797
2 0.453516 0.446528 0.0242187 0.0347222 0.372825 107.41710662841797
2 0.401953 0.459722 0.0257812 0.0416667 0.394666 107.41710662841797
2 0.347266 0.477083 0.0273438 0.0430556 0.418121 107.41710662841797
2 0.362109 0.507639 0.0414063 0.0541667 0.615758 107.41710662841797
2 0.431641 0.499306 0.0351562 0.0486111 0.618772 107.41710662841797
2 0.243359 0.597222 0.0570313 0.0861111 0.655674 107.41710662841797
2 0.573828 0.538194 0.0367187 0.0541667 0.684352 107.41710662841797
2 0.326562 0.604861 0.0484375 0.0708333 0.774263 107.41710662841797
