2 0.465234 0.403472 0.0226563 0.0375 0.287053 112.97249794006348
2 0.569922 0.420833 0.0210938 0.0277778 0.290417 112.97249794006348
2 0.323047 0.501389 0.0304688 0.0472222 0.370186 112.97249794006348
2 0.548828 0.454861 0.0210938 0.0347222 0.45998 112.97249794006348
2 0.389844 0.479861 0.03125 0.0458333 0.461616 112.97249794006348
2 0.448438 0.465278 0.028125 0.0416667 0.487566 112.97249794006348
2 0.342969 0.549306 0.0421875 0.0625 0.646203 112.97249794006348
2 0.421484 0.530556 0.0351562 0.0583333 0.703887 112.97249794006348
2 0.282422 0.683333 0.0695312 0.0944444 0.799733 112.97249794006348
2 0.170312 0.680556 0.0828125 0.105556 0.811106 112.97249794006348
