2 0.452734 0.439583 0.0210938 0.0291667 0.30931 116.96720123291016
2 0.722266 0.919444 0.141406 0.161111 0.310121 116.96720123291016
2 0.355078 0.474306 0.0289063 0.0402778 0.339612 116.96720123291016
5 0.408984 0.389583 0.0335938 0.0486111 0.356853 116.96720123291016
2 0.987891 0.910417 0.0242187 0.104167 0.367998 116.96720123291016
2 0.644922 0.486111 0.0289063 0.0361111 0.384187 116.96720123291016
2 0.400391 0.474306 0.0273438 0.0375 0.390204 116.96720123291016
2 0.308984 0.532639 0.0414063 0.0680556 0.569543 116.96720123291016
2 0.353125 0.549306 0.040625 0.0569444 0.638632 116.96720123291016
2 0.180469 0.675694 0.0703125 0.0930556 0.741146 116.96720123291016
2 0.248828 0.7125 0.0757812 0.1 0.751121 116.96720123291016
2 0.384766 0.645139 0.0523437 0.0680556 0.795378 116.96720123291016
