2 0.449609 0.4625 0.0320312 0.0416667 0.349468 111.42134666442871
2 0.396094 0.46875 0.0296875 0.0402778 0.433525 111.42134666442871
2 0.608203 0.495833 0.0351562 0.0472222 0.474952 111.42134666442871
2 0.651953 0.489583 0.0273438 0.0486111 0.489758 111.42134666442871
2 0.260156 0.708333 0.075 0.113889 0.50471 111.42134666442871
7 0.05 0.796528 0.1 0.354167 0.550177 111.42134666442871
2 0.1125 0.95625 0.135937 0.0875 0.569573 111.42134666442871
2 0.354297 0.54375 0.0351562 0.0541667 0.609208 111.42134666442871
5 0.280859 0.5125 0.0632813 0.141667 0.622926 111.42134666442871
2 0.429688 0.5125 0.0359375 0.0555556 0.627914 111.42134666442871
2 0.411328 0.601389 0.0445312 0.0638889 0.730091 111.42134666442871
2 0.296094 0.927083 0.126563 0.143056 0.752544 111.42134666442871
2 0.814453 0.68125 0.0726563 0.101389 0.756025 111.42134666442871
