2 0.378906 0.44375 0.021875 0.0319444 0.254365 106.97674751281738
2 0.407422 0.45 0.0273438 0.0361111 0.280123 106.97674751281738
2 0.577734 0.423611 0.0242187 0.0444444 0.290213 106.97674751281738
2 0.446094 0.458333 0.03125 0.0361111 0.351879 106.97674751281738
2 0.335547 0.490278 0.0273438 0.0388889 0.387561 106.97674751281738
2 0.605078 0.43125 0.0257812 0.0375 0.409266 106.97674751281738
2 0.386328 0.490972 0.0304688 0.0430556 0.493134 106.97674751281738
2 0.247656 0.586806 0.059375 0.0847222 0.571285 106.97674751281738
2 0.364062 0.764583 0.0640625 0.120833 0.671458 106.97674751281738
2 0.615234 0.501389 0.0320312 0.0472222 0.67887 106.97674751281738
2 0.435156 0.518056 0.0328125 0.0527778 0.687723 106.97674751281738
2 0.695312 0.545833 0.04375 0.0611111 0.72888 106.97674751281738
2 0.575391 0.520833 0.0351562 0.05 0.737214 106.97674751281738
2 0.35 0.555556 0.04375 0.0638889 0.751457 106.97674751281738
2 0.745703 0.750694 0.111719 0.173611 0.779701 106.97674751281738
