7 0.585938 0.386111 0.03125 0.0666667 0.285235 111.04512214660645
2 0.341406 0.490972 0.0265625 0.0347222 0.312 111.04512214660645
2 0.351562 0.499306 0.04375 0.0430556 0.362945 111.04512214660645
2 0.701953 0.631944 0.0851562 0.166667 0.398167 111.04512214660645
2 0.454688 0.440278 0.0265625 0.0361111 0.40244 111.04512214660645
2 0.362891 0.513194 0.0414063 0.0541667 0.408403 111.04512214660645
2 0.405859 0.453472 0.0351562 0.0458333 0.476432 111.04512214660645
2 0.2875 0.964583 0.109375 0.0708333 0.647298 111.04512214660645
2 0.583594 0.547917 0.0515625 0.104167 0.655153 111.04512214660645
2 0.224609 0.618056 0.0601562 0.0722222 0.708814 111.04512214660645
2 0.310937 0.611806 0.0484375 0.0680556 0.742979 111.04512214660645
2 0.399219 0.613889 0.0453125 0.0694444 0.776771 111.04512214660645
2 0.143359 0.895139 0.152344 0.198611 0.841758 111.04512214660645
