2 0.606641 0.4375 0.0195312 0.0305556 0.264408 89.81895446777344
2 0.367188 0.454167 0.0234375 0.0416667 0.335204 89.81895446777344
2 0.403516 0.468056 0.0289063 0.0388889 0.483406 89.81895446777344
7 0.697266 0.511806 0.0945313 0.1375 0.537705 89.81895446777344
2 0.555859 0.490972 0.0320312 0.0458333 0.631254 89.81895446777344
7 0.04375 0.783333 0.0875 0.325 0.639205 89.81895446777344
2 0.429297 0.53125 0.0335938 0.0513889 0.648704 89.81895446777344
2 0.187891 0.841667 0.113281 0.144444 0.687755 89.81895446777344
2 0.332422 0.566667 0.0460938 0.0611111 0.716957 89.81895446777344
2 0.261328 0.575694 0.0492188 0.0736111 0.720413 89.81895446777344
2 0.3375 0.798611 0.0859375 0.155556 0.74004 89.81895446777344
2 0.397266 0.618056 0.0429688 0.0777778 0.789443 89.81895446777344
