2 0.414453 0.445139 0.0210938 0.0430556 0.251004 124.08065795898438
2 0.447656 0.452778 0.0296875 0.0361111 0.391703 124.08065795898438
2 0.645703 0.490278 0.0335938 0.0416667 0.489798 124.08065795898438
2 0.594141 0.483333 0.0335938 0.0444444 0.544013 124.08065795898438
2 0.374609 0.513889 0.0367187 0.0472222 0.643287 124.08065795898438
5 0.339844 0.452778 0.08125 0.136111 0.650687 124.08065795898438
2 0.660156 0.611806 0.0515625 0.0819444 0.733107 124.08065795898438
2 0.198437 0.648611 0.071875 0.0833333 0.75656 124.08065795898438
2 0.430859 0.53125 0.0351562 0.0541667 0.764185 124.08065795898438
2 0.194531 0.797222 0.103125 0.138889 0.799454 124.08065795898438
2 0.278906 0.940278 0.13125 0.119444 0.825571 124.08065795898438
2 0.852344 0.743056 0.090625 0.133333 0.827039 124.08065795898438
