2 0.444922 0.459722 0.0304688 0.0333333 0.328412 118.50595474243164
2 0.572656 0.421528 0.025 0.0430556 0.351564 118.50595474243164
2 0.603125 0.427778 0.021875 0.0333333 0.353233 118.50595474243164
2 0.40625 0.451389 0.0265625 0.0388889 0.354264 118.50595474243164
2 0.332422 0.49375 0.0289063 0.0458333 0.367622 118.50595474243164
7 0.357812 0.790278 0.075 0.133333 0.458975 118.50595474243164
2 0.384766 0.494444 0.0289063 0.0388889 0.460688 118.50595474243164
2 0.608594 0.493056 0.0359375 0.05 0.532518 118.50595474243164
2 0.239063 0.596528 0.0640625 0.0847222 0.636495 118.50595474243164
2 0.567969 0.502778 0.03125 0.05 0.660512 118.50595474243164
2 0.432422 0.529861 0.0351562 0.0513889 0.67929 118.50595474243164
2 0.344531 0.561806 0.05 0.0680556 0.743787 118.50595474243164
2 0.684766 0.532639 0.0382813 0.0569444 0.749861 118.50595474243164
2 0.711328 0.695833 0.0820312 0.133333 0.779041 118.50595474243164
