2 0.419922 0.429167 0.0257812 0.0416667 0.296974 99.44415092468262
2 0.453125 0.44375 0.0265625 0.0430556 0.37006 99.44415092468262
2 0.396875 0.472222 0.028125 0.0388889 0.411894 99.44415092468262
2 0.443359 0.482639 0.0289063 0.0402778 0.436343 99.44415092468262
2 0.633594 0.465278 0.034375 0.0444444 0.509577 99.44415092468262
7 0.76875 0.61875 0.0671875 0.115278 0.594007 99.44415092468262
2 0.356641 0.540278 0.0398437 0.0666667 0.607271 99.44415092468262
2 0.594922 0.614583 0.0460938 0.0819444 0.689415 99.44415092468262
2 0.30625 0.940972 0.114063 0.115278 0.690489 99.44415092468262
2 0.320312 0.613194 0.0484375 0.0736111 0.771465 99.44415092468262
5 0.183984 0.585417 0.207031 0.309722 0.784385 99.44415092468262
2 0.408594 0.586806 0.0453125 0.0680556 0.790173 99.44415092468262
2 0.242969 0.755556 0.1 0.125 0.818143 99.44415092468262
