2 0.677344 0.586806 0.109375 0.0819444 0.255129 102.27131843566895
2 0.578516 0.446528 0.0210938 0.0263889 0.264001 102.27131843566895
2 0.441797 0.488889 0.0289063 0.0416667 0.552384 102.27131843566895
2 0.389453 0.484722 0.0304688 0.0416667 0.573187 102.27131843566895
2 0.552344 0.465972 0.025 0.0430556 0.644836 102.27131843566895
2 0.264844 0.568056 0.0453125 0.0583333 0.65982 102.27131843566895
2 0.353516 0.732639 0.0742188 0.106944 0.728316 102.27131843566895
2 0.286328 0.647917 0.0585938 0.0819444 0.745022 102.27131843566895
2 0.651953 0.596528 0.0476562 0.0819444 0.749491 102.27131843566895
2 0.717969 0.580556 0.046875 0.0722222 0.751151 102.27131843566895
5 0.361719 0.431944 0.065625 0.127778 0.767922 102.27131843566895
2 0.0429688 0.854167 0.0859375 0.138889 0.816336 102.27131843566895
