2 0.388281 0.440278 0.021875 0.0333333 0.252711 116.07885360717773
2 0.347266 0.480556 0.0289063 0.0388889 0.308173 116.07885360717773
2 0.430859 0.415972 0.0210938 0.0375 0.328019 116.07885360717773
2 0.560156 0.417361 0.0234375 0.0347222 0.346482 116.07885360717773
2 0.579687 0.442361 0.0234375 0.0319444 0.39325 116.07885360717773
2 0.667188 0.513194 0.0296875 0.0430556 0.517774 116.07885360717773
2 0.441016 0.485417 0.0335938 0.0430556 0.599382 116.07885360717773
2 0.362891 0.54375 0.0382813 0.0513889 0.659547 116.07885360717773
2 0.240234 0.598611 0.0539063 0.0722222 0.675811 116.07885360717773
2 0.626562 0.534722 0.034375 0.0555556 0.718936 116.07885360717773
2 0.407031 0.640972 0.053125 0.0819444 0.74735 116.07885360717773
2 0.130859 0.911111 0.142969 0.172222 0.861385 116.07885360717773
