2 0.450781 0.440278 0.0265625 0.0277778 0.336972 126.02019309997559
2 0.413672 0.448611 0.0273438 0.0388889 0.352168 126.02019309997559
2 0.360938 0.46875 0.028125 0.0402778 0.367102 126.02019309997559
2 0.308984 0.520139 0.0351562 0.0458333 0.55564 126.02019309997559
2 0.383594 0.495833 0.0296875 0.0388889 0.625283 126.02019309997559
2 0.421094 0.536111 0.0328125 0.05 0.695508 126.02019309997559
2 0.642578 0.540972 0.0398437 0.0569444 0.751446 126.02019309997559
2 0.189453 0.8375 0.107031 0.138889 0.806532 126.02019309997559
2 0.150781 0.699306 0.0828125 0.106944 0.825652 126.02019309997559
2 0.352734 0.779167 0.0835937 0.133333 0.828721 126.02019309997559
