2 0.467578 0.398611 0.0226563 0.0305556 0.253365 137.2544765472412
2 0.579297 0.390278 0.0242187 0.0388889 0.293446 137.2544765472412
2 0.452344 0.45 0.028125 0.0416667 0.355266 137.2544765472412
2 0.589063 0.453472 0.0265625 0.0347222 0.422504 137.2544765472412
2 0.399219 0.463889 0.028125 0.0416667 0.450539 137.2544765472412
2 0.353906 0.495139 0.0421875 0.0541667 0.47619 137.2544765472412
2 0.344141 0.48125 0.0304688 0.0430556 0.486787 137.2544765472412
2 0.363672 0.515278 0.0382813 0.0555556 0.505585 137.2544765472412
2 0.233203 0.608333 0.0585938 0.0861111 0.68033 137.2544765472412
2 0.430859 0.500694 0.0335938 0.0513889 0.691507 137.2544765472412
2 0.566016 0.517361 0.0320312 0.0541667 0.706481 137.2544765472412
2 0.319922 0.613194 0.0492188 0.0708333 0.73863 137.2544765472412
