2 0.442969 0.4875 0.03125 0.0388889 0.359941 233.5498332977295
2 0.541016 0.430556 0.0210938 0.0361111 0.362038 233.5498332977295
2 0.624219 0.45625 0.028125 0.0375 0.420845 233.5498332977295
2 0.579297 0.441667 0.0226563 0.0305556 0.42284 233.5498332977295
5 0.298828 0.855556 0.152344 0.280556 0.459593 233.5498332977295
2 0.311328 0.527083 0.0351562 0.0513889 0.504475 233.5498332977295
2 0.553906 0.474306 0.028125 0.0402778 0.576316 233.5498332977295
2 0.615625 0.6375 0.0546875 0.0916667 0.751928 233.5498332977295
2 0.403906 0.640278 0.05625 0.0861111 0.770287 233.5498332977295
2 0.732422 0.597222 0.0539063 0.0861111 0.786113 233.5498332977295
2 0.302734 0.622222 0.0570313 0.0777778 0.794278 233.5498332977295
2 0.0886719 0.786111 0.117969 0.141667 0.838044 233.5498332977295
