2 0.414062 0.446528 0.021875 0.0291667 0.290754 118.06011199951172
2 0.341406 0.51875 0.065625 0.0513889 0.324326 118.06011199951172
2 0.560938 0.398611 0.021875 0.0388889 0.324792 118.06011199951172
7 0.672656 0.877778 0.0921875 0.175 0.390731 118.06011199951172
2 0.663672 0.501389 0.0320312 0.05 0.597984 118.06011199951172
2 0.321484 0.50625 0.0351562 0.0458333 0.634547 118.06011199951172
2 0.360547 0.530556 0.0335938 0.0555556 0.647831 118.06011199951172
2 0.433203 0.490972 0.0335938 0.0458333 0.709887 118.06011199951172
2 0.203516 0.634722 0.0742188 0.0888889 0.774111 118.06011199951172
2 0.303125 0.633333 0.05625 0.0777778 0.780421 118.06011199951172
2 0.401953 0.599306 0.0460938 0.0736111 0.787635 118.06011199951172
