2 0.564062 0.425694 0.0203125 0.0291667 0.285412 104.0034294128418
2 0.425391 0.452778 0.0523437 0.0444444 0.32816 104.0034294128418
2 0.360547 0.470833 0.0304688 0.0444444 0.454348 104.0034294128418
2 0.451953 0.460417 0.0304688 0.0458333 0.505791 104.0034294128418
2 0.416797 0.442361 0.0289063 0.0430556 0.522174 104.0034294128418
2 0.046875 0.863194 0.09375 0.151389 0.647961 104.0034294128418
2 0.286328 0.554861 0.0445312 0.0569444 0.661839 104.0034294128418
2 0.560547 0.502778 0.0335938 0.0555556 0.719766 104.0034294128418
2 0.692187 0.552778 0.0453125 0.0611111 0.729378 104.0034294128418
2 0.605859 0.650694 0.0585938 0.0902778 0.731623 104.0034294128418
2 0.41875 0.573611 0.040625 0.0611111 0.742112 104.0034294128418
2 0.314844 0.956944 0.109375 0.0861111 0.742633 104.0034294128418
2 0.280078 0.681944 0.0695312 0.0944444 0.808032 104.0034294128418
