2 0.588672 0.464583 0.0257812 0.0375 0.315711 122.03526496887207
2 0.396094 0.475694 0.028125 0.0430556 0.419035 122.03526496887207
2 0.916797 0.915972 0.166406 0.159722 0.526712 122.03526496887207
2 0.352344 0.468056 0.028125 0.0444444 0.537134 122.03526496887207
2 0.446875 0.464583 0.0296875 0.0402778 0.594018 122.03526496887207
2 0.421875 0.5375 0.0375 0.0527778 0.680088 122.03526496887207
2 0.0976562 0.952083 0.1625 0.0958333 0.726129 122.03526496887207
2 0.328906 0.615278 0.05625 0.075 0.770419 122.03526496887207
2 0.365625 0.754167 0.0703125 0.125 0.779436 122.03526496887207
2 0.128125 0.730556 0.1 0.108333 0.80658 122.03526496887207
