2 0.588281 0.461111 0.03125 0.0388889 0.251697 109.4050407409668
2 0.459766 0.434722 0.0257812 0.0333333 0.284501 109.4050407409668
2 0.591016 0.4125 0.0226563 0.0361111 0.290311 109.4050407409668
2 0.439063 0.502083 0.0328125 0.0458333 0.500983 109.4050407409668
7 0.637891 0.442361 0.0648438 0.115278 0.506864 109.4050407409668
2 0.392969 0.477083 0.028125 0.0347222 0.523225 109.4050407409668
2 0.569922 0.515972 0.0351562 0.0541667 0.703578 109.4050407409668
2 0.403125 0.594444 0.0421875 0.0694444 0.776827 109.4050407409668
2 0.175 0.684028 0.08125 0.0986111 0.791786 109.4050407409668
2 0.200781 0.810417 0.1125 0.148611 0.824715 109.4050407409668
