2 0.455859 0.421528 0.0226563 0.0319444 0.269679 125.06365776062012
2 0.402734 0.461111 0.0257812 0.0416667 0.371666 125.06365776062012
2 0.321094 0.509722 0.0296875 0.0416667 0.445801 125.06365776062012
2 0.439844 0.474306 0.0265625 0.0375 0.471344 125.06365776062012
2 0.593359 0.461806 0.0289063 0.0402778 0.486099 125.06365776062012
2 0.554688 0.465972 0.0265625 0.0375 0.493897 125.06365776062012
2 0.328906 0.89375 0.0921875 0.168056 0.511748 125.06365776062012
2 0.65625 0.494444 0.034375 0.0472222 0.5436 125.06365776062012
2 0.203906 0.636111 0.0828125 0.1 0.565257 125.06365776062012
2 0.373828 0.511111 0.0320312 0.0472222 0.632192 125.06365776062012
2 0.644531 0.579861 0.053125 0.0819444 0.679521 125.06365776062012
2 0.326562 0.595833 0.05 0.0777778 0.687387 125.06365776062012
2 0.424219 0.553472 0.0359375 0.0541667 0.765856 125.06365776062012
