2 0.540625 0.429861 0.0234375 0.0347222 0.330403 114.64571952819824
2 0.314844 0.511806 0.0328125 0.0430556 0.463935 114.64571952819824
2 0.396875 0.478472 0.03125 0.0375 0.478012 114.64571952819824
2 0.453125 0.449306 0.0265625 0.0347222 0.504973 114.64571952819824
2 0.595312 0.478472 0.0328125 0.0430556 0.564282 114.64571952819824
2 0.434375 0.53125 0.0375 0.0541667 0.630579 114.64571952819824
2 0.296094 0.636806 0.0578125 0.0847222 0.726656 114.64571952819824
2 0.373437 0.731944 0.06875 0.111111 0.735793 114.64571952819824
2 0.653906 0.559722 0.0421875 0.0722222 0.816692 114.64571952819824
2 0.914062 0.822917 0.13125 0.1625 0.862817 114.64571952819824
