2 0.355859 0.490278 0.0351562 0.0527778 0.361205 114.69006538391113
2 0.0859375 0.959028 0.132812 0.0819444 0.367094 114.69006538391113
2 0.346484 0.481944 0.0289063 0.0444444 0.395848 114.69006538391113
2 0.444141 0.452083 0.0242187 0.0347222 0.506684 114.69006538391113
2 0.401563 0.466667 0.028125 0.0416667 0.597901 114.69006538391113
2 0.604297 0.478472 0.0320312 0.0430556 0.64164 114.69006538391113
2 0.294922 0.929167 0.136719 0.141667 0.682283 114.69006538391113
2 0.364453 0.53125 0.0320312 0.0486111 0.682323 114.69006538391113
2 0.284766 0.548611 0.0414063 0.0555556 0.685355 114.69006538391113
2 0.407813 0.579861 0.04375 0.0652778 0.754587 114.69006538391113
2 0.790234 0.658333 0.0710938 0.0972222 0.761625 114.69006538391113
2 0.0566406 0.814583 0.113281 0.131944 0.790489 114.69006538391113
