2 0.542188 0.423611 0.025 0.0388889 0.28525 128.08632850646973
2 0.592188 0.457639 0.03125 0.0541667 0.3159 128.08632850646973
2 0.396484 0.465278 0.0304688 0.0444444 0.397309 128.08632850646973
2 0.277734 0.563889 0.0335938 0.05 0.590062 128.08632850646973
2 0.377344 0.502778 0.0359375 0.0472222 0.643131 128.08632850646973
2 0.441797 0.486111 0.0273438 0.0472222 0.649785 128.08632850646973
2 0.30625 0.613194 0.046875 0.0680556 0.653001 128.08632850646973
2 0.570703 0.529861 0.0351562 0.0597222 0.653183 128.08632850646973
2 0.316406 0.884722 0.0984375 0.155556 0.712648 128.08632850646973
2 0.175391 0.850694 0.113281 0.148611 0.794495 128.08632850646973
2 0.0566406 0.833333 0.113281 0.136111 0.80707 128.08632850646973
2 0.793359 0.663889 0.0648438 0.0888889 0.831527 128.08632850646973
2 0.786719 0.815972 0.101562 0.1625 0.843821 128.08632850646973
