2 0.43125 0.416667 0.028125 0.0361111 0.254514 95.44992446899414
2 0.466406 0.411806 0.021875 0.0319444 0.281871 95.44992446899414
7 0.405469 0.388889 0.0359375 0.0666667 0.311209 95.44992446899414
2 0.366797 0.451389 0.0242187 0.0333333 0.314952 95.44992446899414
7 0.708203 0.520139 0.0898438 0.170833 0.417398 95.44992446899414
2 0.391797 0.474306 0.0273438 0.0486111 0.496529 95.44992446899414
2 0.604688 0.498611 0.028125 0.0444444 0.502447 95.44992446899414
2 0.436328 0.484028 0.0304688 0.0458333 0.54819 95.44992446899414
2 0.295703 0.527083 0.0335938 0.0513889 0.619251 95.44992446899414
2 0.348047 0.55625 0.0382813 0.0569444 0.672485 95.44992446899414
2 0.394922 0.604861 0.0476562 0.0736111 0.722675 95.44992446899414
2 0.725781 0.920833 0.126563 0.158333 0.754689 95.44992446899414
2 0.178516 0.675694 0.0710938 0.0875 0.756337 95.44992446899414
2 0.252734 0.721528 0.0820312 0.101389 0.762835 95.44992446899414
2 0.316797 0.936111 0.108594 0.125 0.773434 95.44992446899414
2 0.773828 0.790278 0.103906 0.161111 0.859279 95.44992446899414
