2 0.578516 0.429167 0.0289063 0.0388889 0.27262 111.40322685241699
2 0.540625 0.429167 0.0203125 0.0444444 0.277871 111.40322685241699
2 0.430078 0.424306 0.0226563 0.0347222 0.284822 111.40322685241699
2 0.546875 0.449306 0.0265625 0.0347222 0.360914 111.40322685241699
2 0.301953 0.536806 0.0398437 0.0541667 0.460642 111.40322685241699
2 0.615234 0.443056 0.0242187 0.0361111 0.487363 111.40322685241699
2 0.439844 0.499306 0.034375 0.0486111 0.5483 111.40322685241699
2 0.265625 0.895139 0.179688 0.204167 0.641632 111.40322685241699
2 0.593359 0.56875 0.0398437 0.0652778 0.676409 111.40322685241699
2 0.692187 0.549306 0.0421875 0.0625 0.789122 111.40322685241699
2 0.053125 0.845833 0.104687 0.152778 0.802312 111.40322685241699
2 0.286719 0.65 0.0609375 0.0833333 0.804785 111.40322685241699
2 0.394922 0.678472 0.0601562 0.0902778 0.805358 111.40322685241699
