2 0.539453 0.422917 0.0304688 0.0347222 0.312966 113.04807662963867
2 0.587109 0.465972 0.0273438 0.0347222 0.397688 113.04807662963867
2 0.727344 0.668056 0.139062 0.102778 0.408385 113.04807662963867
2 0.396094 0.475 0.0265625 0.0388889 0.483777 113.04807662963867
2 0.283984 0.545833 0.0398437 0.0555556 0.488047 113.04807662963867
2 0.446875 0.476389 0.0296875 0.0388889 0.566267 113.04807662963867
2 0.560938 0.496528 0.028125 0.0569444 0.645032 113.04807662963867
5 0.369922 0.423611 0.0632813 0.116667 0.698019 113.04807662963867
2 0.308594 0.611111 0.0515625 0.0694444 0.708866 113.04807662963867
2 0.7 0.681944 0.0703125 0.108333 0.709949 113.04807662963867
2 0.769922 0.649306 0.0617188 0.0875 0.723305 113.04807662963867
2 0.372656 0.672917 0.05625 0.0930556 0.730133 113.04807662963867
2 0.0933594 0.768056 0.0976562 0.108333 0.875832 113.04807662963867
