2 0.401953 0.458333 0.0429688 0.0444444 0.255684 150.29644966125488
2 0.465234 0.406944 0.0179687 0.0277778 0.273487 150.29644966125488
2 0.391797 0.472222 0.0289063 0.0416667 0.385477 150.29644966125488
2 0.324219 0.830556 0.128125 0.283333 0.402941 150.29644966125488
2 0.418359 0.438194 0.0242187 0.0430556 0.425788 150.29644966125488
2 0.353125 0.470139 0.03125 0.0513889 0.544915 150.29644966125488
2 0.452344 0.465972 0.028125 0.0402778 0.592685 150.29644966125488
2 0.282422 0.565278 0.0460938 0.0527778 0.733543 150.29644966125488
2 0.317578 0.619444 0.0507812 0.0833333 0.741425 150.29644966125488
2 0.400781 0.645139 0.0484375 0.0736111 0.808275 150.29644966125488
2 0.892969 0.779861 0.114063 0.170833 0.87744 150.29644966125488
