2 0.317578 0.893056 0.113281 0.202778 0.316896 96.72427177429199
2 0.541016 0.423611 0.0210938 0.0333333 0.414246 96.72427177429199
5 0.611719 0.41875 0.046875 0.0819444 0.571907 96.72427177429199
2 0.682422 0.536806 0.0398437 0.0597222 0.597799 96.72427177429199
2 0.435156 0.507639 0.0328125 0.0541667 0.669699 96.72427177429199
2 0.271484 0.554861 0.0445312 0.0680556 0.685021 96.72427177429199
2 0.567969 0.516667 0.034375 0.0555556 0.697559 96.72427177429199
2 0.611719 0.663889 0.0578125 0.0972222 0.731145 96.72427177429199
2 0.389062 0.652778 0.0546875 0.0861111 0.740763 96.72427177429199
2 0.721094 0.686806 0.075 0.1125 0.758895 96.72427177429199
2 0.827344 0.705556 0.078125 0.102778 0.804367 96.72427177429199
