2 0.558984 0.416667 0.0304688 0.0361111 0.250596 146.59523963928223
2 0.433203 0.457639 0.0554687 0.0458333 0.26953 146.59523963928223
2 0.0316406 0.879861 0.0632813 0.120833 0.482907 146.59523963928223
2 0.414062 0.44375 0.028125 0.0458333 0.531093 146.59523963928223
2 0.450781 0.464583 0.03125 0.0486111 0.535062 146.59523963928223
2 0.358594 0.474306 0.028125 0.0430556 0.536797 146.59523963928223
2 0.55625 0.490972 0.03125 0.0513889 0.563536 146.59523963928223
2 0.680469 0.536111 0.040625 0.0555556 0.643343 146.59523963928223
2 0.279687 0.563889 0.0453125 0.0583333 0.712013 146.59523963928223
2 0.415625 0.584028 0.040625 0.0652778 0.736409 146.59523963928223
2 0.595312 0.613194 0.0484375 0.0763889 0.747077 146.59523963928223
2 0.270703 0.706944 0.0742188 0.102778 0.787808 146.59523963928223
