2 0.601562 0.416667 0.0375 0.0694444 0.32669 92.78130531311035
2 0.448047 0.445139 0.0257812 0.0430556 0.358661 92.78130531311035
2 0.388672 0.479167 0.0382813 0.0472222 0.457917 92.78130531311035
2 0.354688 0.475694 0.0265625 0.0402778 0.473454 92.78130531311035
2 0.600391 0.635417 0.0507812 0.0875 0.606679 92.78130531311035
2 0.716406 0.56875 0.0453125 0.0625 0.69439 92.78130531311035
2 0.410547 0.554861 0.0414063 0.0597222 0.7619 92.78130531311035
2 0.377344 0.661806 0.05625 0.0847222 0.789311 92.78130531311035
2 0.180469 0.68125 0.075 0.0958333 0.811566 92.78130531311035
2 0.283984 0.932639 0.146094 0.134722 0.859064 92.78130531311035
2 0.175781 0.858333 0.125 0.175 0.87183 92.78130531311035
