2 0.558984 0.420139 0.0195312 0.0291667 0.253192 118.08085441589355
2 0.137891 0.684722 0.0351562 0.0666667 0.257456 118.08085441589355
2 0.957812 0.905556 0.084375 0.158333 0.278972 118.08085441589355
2 0.441406 0.5 0.034375 0.0638889 0.284684 118.08085441589355
2 0.448438 0.470139 0.0296875 0.0402778 0.402783 118.08085441589355
2 0.896875 0.713889 0.201562 0.297222 0.450885 118.08085441589355
2 0.692969 0.907639 0.109375 0.184722 0.461694 118.08085441589355
2 0.319922 0.50625 0.0335938 0.0513889 0.46416 118.08085441589355
2 0.370313 0.508333 0.0375 0.05 0.535073 118.08085441589355
2 0.658203 0.499306 0.0335938 0.0486111 0.587572 118.08085441589355
2 0.429688 0.51875 0.034375 0.0541667 0.611394 118.08085441589355
7 0.191406 0.605556 0.103125 0.219444 0.641183 118.08085441589355
2 0.302734 0.636111 0.0570313 0.0805556 0.732837 118.08085441589355
2 0.401563 0.60625 0.0484375 0.0847222 0.745989 118.08085441589355
2 0.358203 0.803472 0.0804688 0.126389 0.771411 118.08085441589355
