2 0.365625 0.470139 0.0296875 0.0458333 0.270333 115.53025245666504
2 0.589063 0.461111 0.0265625 0.0416667 0.295093 115.53025245666504
2 0.454688 0.430556 0.021875 0.025 0.313891 115.53025245666504
2 0.634766 0.475694 0.0289063 0.0347222 0.380535 115.53025245666504
2 0.391797 0.485417 0.0289063 0.0402778 0.411904 115.53025245666504
2 0.274609 0.55625 0.0507812 0.0736111 0.562593 115.53025245666504
2 0.339844 0.81875 0.0859375 0.1375 0.627558 115.53025245666504
2 0.667188 0.836806 0.0921875 0.1875 0.705319 115.53025245666504
2 0.720312 0.565278 0.053125 0.0861111 0.713043 115.53025245666504
2 0.673828 0.616667 0.0539063 0.0805556 0.776248 115.53025245666504
2 0.337109 0.58125 0.0414063 0.0680556 0.778316 115.53025245666504
2 0.415234 0.572917 0.0414063 0.0652778 0.783246 115.53025245666504
