2 0.448828 0.441667 0.0289063 0.0333333 0.370737 106.42671585083008
2 0.958984 0.89375 0.0804688 0.181944 0.375528 106.42671585083008
2 0.359375 0.46875 0.028125 0.0402778 0.382241 106.42671585083008
2 0.408594 0.449306 0.0328125 0.0375 0.45596 106.42671585083008
2 0.30625 0.522222 0.0359375 0.0472222 0.509489 106.42671585083008
2 0.380078 0.501389 0.0304688 0.0388889 0.585063 106.42671585083008
2 0.633984 0.529167 0.0367187 0.0583333 0.730541 106.42671585083008
2 0.417969 0.54375 0.0375 0.0597222 0.732147 106.42671585083008
2 0.348437 0.795833 0.090625 0.138889 0.752003 106.42671585083008
2 0.142578 0.713889 0.0929687 0.111111 0.805714 106.42671585083008
2 0.177344 0.856944 0.114063 0.15 0.824305 106.42671585083008
