2 0.543359 0.442361 0.0242187 0.0375 0.408579 535.0372791290283
2 0.371875 0.515278 0.03125 0.0472222 0.545204 535.0372791290283
2 0.310937 0.518056 0.034375 0.0472222 0.548681 535.0372791290283
2 0.630078 0.523611 0.0335938 0.0472222 0.578011 535.0372791290283
5 0.625 0.428472 0.05625 0.120833 0.580412 535.0372791290283
2 0.433984 0.50625 0.0289063 0.0486111 0.62192 535.0372791290283
2 0.310156 0.611806 0.0546875 0.0847222 0.668063 535.0372791290283
2 0.591016 0.622222 0.0476562 0.0833333 0.719935 535.0372791290283
2 0.692578 0.64375 0.0710938 0.106944 0.762958 535.0372791290283
2 0.141016 0.729861 0.111719 0.109722 0.764866 535.0372791290283
2 0.390234 0.6625 0.0570313 0.0888889 0.765538 535.0372791290283
