2 0.455469 0.445833 0.025 0.0361111 0.361361 114.23254013061523
2 0.330469 0.494444 0.0296875 0.0388889 0.377438 114.23254013061523
7 0.619141 0.423611 0.0507812 0.0916667 0.389276 114.23254013061523
5 0.384375 0.409722 0.0390625 0.0805556 0.408766 114.23254013061523
7 0.664453 0.800694 0.0882813 0.195833 0.460849 114.23254013061523
2 0.603906 0.488889 0.0265625 0.0361111 0.495838 114.23254013061523
2 0.317969 0.864583 0.104687 0.159722 0.635529 114.23254013061523
2 0.356641 0.532639 0.0351562 0.0513889 0.649752 114.23254013061523
2 0.558594 0.495833 0.03125 0.0555556 0.650339 114.23254013061523
2 0.219531 0.616667 0.05625 0.0722222 0.721045 114.23254013061523
2 0.410156 0.559722 0.04375 0.0638889 0.745521 114.23254013061523
2 0.258594 0.7125 0.0765625 0.108333 0.766657 114.23254013061523
2 0.659375 0.602778 0.0484375 0.0722222 0.79765 114.23254013061523
