2 0.540234 0.420833 0.0242187 0.0361111 0.331097 116.10031127929688
5 0.338281 0.525 0.08125 0.158333 0.349701 116.10031127929688
5 0.609766 0.41875 0.0476562 0.0791667 0.466319 116.10031127929688
2 0.674609 0.525694 0.0382813 0.0541667 0.522422 116.10031127929688
2 0.310156 0.904861 0.115625 0.176389 0.555256 116.10031127929688
2 0.266016 0.560417 0.0492188 0.0652778 0.619069 116.10031127929688
2 0.432422 0.511111 0.0320312 0.0527778 0.669127 116.10031127929688
2 0.565625 0.50625 0.03125 0.0541667 0.68085 116.10031127929688
2 0.601562 0.640278 0.0515625 0.0861111 0.722346 116.10031127929688
2 0.385547 0.660417 0.0585938 0.0847222 0.738065 116.10031127929688
2 0.805859 0.679861 0.0742188 0.0875 0.785298 116.10031127929688
2 0.702734 0.661111 0.0695312 0.102778 0.794728 116.10031127929688
