5 0.114844 0.8 0.229687 0.366667 0.330479 125.02288818359375
2 0.236719 0.701389 0.075 0.180556 0.351077 125.02288818359375
2 0.440625 0.472222 0.0328125 0.0388889 0.497459 125.02288818359375
2 0.348828 0.473611 0.0304688 0.0416667 0.536171 125.02288818359375
2 0.416797 0.573611 0.0445312 0.0555556 0.66007 125.02288818359375
2 0.559766 0.491667 0.0304688 0.0472222 0.686563 125.02288818359375
2 0.376953 0.675 0.0617188 0.105556 0.767265 125.02288818359375
2 0.607031 0.655556 0.05 0.0972222 0.769202 125.02288818359375
2 0.324609 0.6 0.0492188 0.0694444 0.777551 125.02288818359375
2 0.842969 0.886806 0.123438 0.209722 0.843833 125.02288818359375
