2 0.341797 0.491667 0.0273438 0.0388889 0.313735 87.81576156616211
2 0.451953 0.453472 0.0257812 0.0347222 0.322447 87.81576156616211
5 0.373047 0.665278 0.0835937 0.180556 0.353839 87.81576156616211
2 0.0246094 0.904167 0.0476562 0.15 0.610763 87.81576156616211
2 0.285156 0.972222 0.1125 0.0555556 0.654778 87.81576156616211
2 0.625781 0.519444 0.0359375 0.05 0.667737 87.81576156616211
2 0.566016 0.504861 0.0304688 0.0541667 0.669801 87.81576156616211
2 0.675781 0.517361 0.0359375 0.0541667 0.715315 87.81576156616211
2 0.425 0.552778 0.0390625 0.0583333 0.754254 87.81576156616211
2 0.204297 0.645833 0.0757812 0.0916667 0.759974 87.81576156616211
2 0.345703 0.551389 0.0414063 0.0583333 0.779043 87.81576156616211
2 0.223047 0.779861 0.100781 0.1375 0.785476 87.81576156616211
2 0.597656 0.607639 0.046875 0.0763889 0.807463 87.81576156616211
