2 0.577734 0.434028 0.0226563 0.0263889 0.275444 113.65938186645508
2 0.411328 0.44375 0.0320312 0.0402778 0.360472 113.65938186645508
2 0.448828 0.450694 0.0304688 0.0486111 0.449524 113.65938186645508
2 0.539062 0.434028 0.0234375 0.0347222 0.508754 113.65938186645508
2 0.725391 0.905556 0.132031 0.188889 0.553316 113.65938186645508
2 0.342187 0.56875 0.0375 0.0541667 0.697178 113.65938186645508
2 0.154687 0.703472 0.0921875 0.115278 0.75047 113.65938186645508
2 0.590625 0.558333 0.0390625 0.0638889 0.767768 113.65938186645508
2 0.414453 0.589583 0.0382813 0.0652778 0.7769 113.65938186645508
2 0.801953 0.684722 0.0773437 0.105556 0.782854 113.65938186645508
