2 0.541797 0.438194 0.0242187 0.0319444 0.366474 109.50279235839844
2 0.455078 0.441667 0.0226563 0.0305556 0.380646 109.50279235839844
2 0.555078 0.395139 0.0210938 0.0236111 0.384653 109.50279235839844
5 0.868359 0.691667 0.260156 0.480556 0.485034 109.50279235839844
2 0.385156 0.488889 0.0328125 0.0472222 0.507658 109.50279235839844
2 0.6 0.484028 0.0328125 0.0486111 0.632062 109.50279235839844
2 0.708594 0.91875 0.13125 0.1625 0.683317 109.50279235839844
2 0.305469 0.532639 0.0421875 0.0569444 0.689709 109.50279235839844
2 0.435547 0.504861 0.0335938 0.0486111 0.690223 109.50279235839844
2 0.317969 0.619444 0.0578125 0.0861111 0.75621 109.50279235839844
2 0.342578 0.790278 0.0789063 0.136111 0.773509 109.50279235839844
2 0.0808594 0.802083 0.121094 0.131944 0.865618 109.50279235839844
