2 0.357422 0.472917 0.0273438 0.0375 0.255794 97.09882736206055
2 0.453516 0.4375 0.0195312 0.0305556 0.271757 97.09882736206055
5 0.409766 0.388194 0.0335938 0.0486111 0.344742 97.09882736206055
2 0.401172 0.472917 0.0257812 0.0375 0.405964 97.09882736206055
2 0.3125 0.522222 0.0390625 0.0638889 0.495899 97.09882736206055
2 0.650391 0.490278 0.0304688 0.0444444 0.590115 97.09882736206055
2 0.354688 0.545833 0.040625 0.0583333 0.619028 97.09882736206055
2 0.736719 0.953472 0.121875 0.0930556 0.667726 97.09882736206055
2 0.25625 0.697917 0.071875 0.0986111 0.705127 97.09882736206055
2 0.388672 0.634028 0.0476562 0.0652778 0.740391 97.09882736206055
2 0.185937 0.665972 0.065625 0.0875 0.769389 97.09882736206055
