7 0.604297 0.405556 0.0382813 0.0722222 0.298057 128.83400917053223
2 0.583203 0.449306 0.0242187 0.0319444 0.357598 128.83400917053223
2 0.404687 0.460417 0.0265625 0.0347222 0.358163 128.83400917053223
2 0.546094 0.452778 0.0265625 0.0333333 0.369677 128.83400917053223
2 0.269141 0.98125 0.103906 0.0375 0.394687 128.83400917053223
2 0.452734 0.458333 0.0257812 0.0361111 0.49414 128.83400917053223
2 0.887891 0.953472 0.124219 0.0930556 0.520932 128.83400917053223
2 0.310156 0.516667 0.03125 0.0472222 0.533698 128.83400917053223
5 0.378906 0.417361 0.05625 0.0986111 0.553325 128.83400917053223
2 0.613281 0.515278 0.03125 0.0527778 0.656207 128.83400917053223
2 0.336328 0.564583 0.0398437 0.0541667 0.724702 128.83400917053223
2 0.591016 0.584028 0.0429688 0.0847222 0.750464 128.83400917053223
2 0.173047 0.672917 0.0726563 0.0930556 0.76786 128.83400917053223
2 0.396094 0.604167 0.046875 0.0722222 0.78762 128.83400917053223
2 0.941797 0.888889 0.116406 0.194444 0.857425 128.83400917053223
2 0.182812 0.838889 0.110937 0.138889 0.867498 128.83400917053223
