7 0.417578 0.382639 0.0382813 0.0680556 0.258764 110.89777946472168
2 0.567578 0.445833 0.0257812 0.0388889 0.261283 110.89777946472168
2 0.408594 0.445833 0.028125 0.0416667 0.309895 110.89777946472168
2 0.45 0.449306 0.028125 0.0347222 0.376691 110.89777946472168
2 0.333984 0.486111 0.0304688 0.0444444 0.452547 110.89777946472168
2 0.381641 0.496528 0.0304688 0.0458333 0.468569 110.89777946472168
2 0.722266 0.718056 0.0695312 0.113889 0.533572 110.89777946472168
2 0.264453 0.573611 0.0398437 0.0611111 0.561694 110.89777946472168
2 0.56875 0.525 0.034375 0.0527778 0.627656 110.89777946472168
2 0.421094 0.523611 0.0359375 0.0472222 0.651768 110.89777946472168
2 0.0363281 0.865972 0.0726563 0.143056 0.680987 110.89777946472168
2 0.332422 0.588889 0.0460938 0.0694444 0.712003 110.89777946472168
2 0.388672 0.685417 0.0554687 0.0930556 0.783623 110.89777946472168
2 0.232812 0.753472 0.103125 0.1375 0.812277 110.89777946472168
