2 0.391406 0.463889 0.03125 0.0472222 0.307926 113.22307586669922
2 0.464844 0.415278 0.0234375 0.0277778 0.365063 113.22307586669922
2 0.442187 0.454861 0.0265625 0.0402778 0.450173 113.22307586669922
2 0.606641 0.419444 0.0382813 0.0666667 0.473061 113.22307586669922
2 0.371484 0.524306 0.0351562 0.0486111 0.589301 113.22307586669922
2 0.314453 0.515278 0.0351562 0.0527778 0.62834 113.22307586669922
2 0.282813 0.95625 0.11875 0.0847222 0.732249 113.22307586669922
2 0.0714844 0.799306 0.132031 0.156944 0.774427 113.22307586669922
2 0.36875 0.734028 0.0640625 0.104167 0.790768 113.22307586669922
2 0.228516 0.750694 0.0914062 0.120833 0.808469 113.22307586669922
2 0.739453 0.708333 0.0820312 0.133333 0.818492 113.22307586669922
