2 0.135937 0.936806 0.078125 0.106944 0.272356 119.53282356262207
2 0.379687 0.498611 0.04375 0.0611111 0.359997 119.53282356262207
2 0.405859 0.457639 0.0242187 0.0402778 0.384542 119.53282356262207
2 0.577734 0.452083 0.0242187 0.0347222 0.441582 119.53282356262207
2 0.444922 0.466667 0.0289063 0.0388889 0.566504 119.53282356262207
5 0.327344 0.469444 0.09375 0.161111 0.634977 119.53282356262207
2 0.619531 0.525 0.0375 0.0555556 0.640295 119.53282356262207
2 0.3625 0.536111 0.0359375 0.0527778 0.712727 119.53282356262207
2 0.0945313 0.938889 0.153125 0.122222 0.738979 119.53282356262207
2 0.735156 0.598611 0.0546875 0.0777778 0.74935 119.53282356262207
2 0.419922 0.565972 0.0367187 0.0597222 0.784996 119.53282356262207
2 0.134766 0.722917 0.0929687 0.104167 0.796222 119.53282356262207
