2 0.405859 0.457639 0.0210938 0.0347222 0.250075 185.8692169189453
2 0.448828 0.457639 0.0289063 0.0375 0.344343 185.8692169189453
2 0.354297 0.472917 0.0304688 0.0430556 0.41199 185.8692169189453
2 0.677734 0.598611 0.0632813 0.127778 0.439371 185.8692169189453
2 0.298047 0.922222 0.119531 0.15 0.529127 185.8692169189453
2 0.422656 0.526389 0.034375 0.05 0.702909 185.8692169189453
2 0.339453 0.577083 0.0460938 0.0652778 0.741098 185.8692169189453
2 0.272266 0.570139 0.0476562 0.0541667 0.772598 185.8692169189453
2 0.1125 0.753472 0.104687 0.115278 0.774255 185.8692169189453
2 0.208203 0.813194 0.105469 0.131944 0.778282 185.8692169189453
2 0.820703 0.699306 0.0757812 0.106944 0.825483 185.8692169189453
