2 0.617188 0.453472 0.0234375 0.0347222 0.328912 114.54033851623535
2 0.454688 0.441667 0.025 0.0388889 0.365887 114.54033851623535
2 0.552344 0.465972 0.0265625 0.0347222 0.396845 114.54033851623535
2 0.721094 0.919444 0.145313 0.161111 0.491915 114.54033851623535
2 0.0882813 0.956944 0.146875 0.0861111 0.550295 114.54033851623535
2 0.392578 0.480556 0.0289063 0.0388889 0.553212 114.54033851623535
2 0.327344 0.508333 0.0375 0.0472222 0.677126 114.54033851623535
2 0.376172 0.71875 0.0648438 0.104167 0.716028 114.54033851623535
2 0.435937 0.504861 0.0359375 0.0513889 0.718934 114.54033851623535
2 0.190625 0.669444 0.0796875 0.0944444 0.741833 114.54033851623535
2 0.659766 0.56875 0.0460938 0.0680556 0.768681 114.54033851623535
