2 0.377734 0.441667 0.0226563 0.0305556 0.250278 95.78466415405273
5 0.880469 0.339583 0.225 0.120833 0.254303 95.78466415405273
2 0.402734 0.459028 0.0226563 0.0402778 0.377197 95.78466415405273
2 0.151562 0.883333 0.15625 0.194444 0.460536 95.78466415405273
2 0.442969 0.461806 0.028125 0.0402778 0.48312 95.78466415405273
5 0.771875 0.554861 0.159375 0.240278 0.503326 95.78466415405273
7 0.828906 0.634028 0.103125 0.2125 0.526048 95.78466415405273
2 0.317969 0.501389 0.03125 0.0444444 0.576319 95.78466415405273
2 0.369922 0.51875 0.0351562 0.0486111 0.617116 95.78466415405273
2 0.233594 0.609028 0.0484375 0.0680556 0.625886 95.78466415405273
2 0.554297 0.475 0.0320312 0.0444444 0.626864 95.78466415405273
2 0.302344 0.635417 0.0546875 0.0791667 0.661849 95.78466415405273
2 0.649609 0.578472 0.0382813 0.0680556 0.677422 95.78466415405273
2 0.413281 0.554167 0.040625 0.0638889 0.699818 95.78466415405273
2 0.363281 0.785417 0.078125 0.134722 0.792549 95.78466415405273
