2 0.444922 0.445833 0.0398437 0.0638889 0.253296 100.78120231628418
2 0.308203 0.530556 0.0320312 0.05 0.367355 100.78120231628418
2 0.390234 0.475 0.0382813 0.05 0.484046 100.78120231628418
2 0.619922 0.5 0.0429688 0.0833333 0.541855 100.78120231628418
2 0.448438 0.461806 0.0296875 0.0430556 0.543064 100.78120231628418
2 0.98125 0.923611 0.0359375 0.127778 0.569551 100.78120231628418
2 0.335938 0.564583 0.0390625 0.0541667 0.57661 100.78120231628418
2 0.552344 0.461806 0.028125 0.0486111 0.6016 100.78120231628418
2 0.251172 0.715278 0.0710938 0.1 0.758678 100.78120231628418
2 0.617578 0.680556 0.0601562 0.0972222 0.771849 100.78120231628418
2 0.366016 0.731944 0.0601562 0.0972222 0.77768 100.78120231628418
2 0.146484 0.713194 0.0945313 0.106944 0.783124 100.78120231628418
