2 0.410547 0.447222 0.0242187 0.0305556 0.258596 109.70926284790039
2 0.341406 0.523611 0.0671875 0.0527778 0.325906 109.70926284790039
2 0.560156 0.397222 0.021875 0.0388889 0.38766 109.70926284790039
5 0.650781 0.815278 0.0796875 0.15 0.38854 109.70926284790039
2 0.658203 0.495139 0.0335938 0.0513889 0.5395 109.70926284790039
2 0.319922 0.508333 0.0367187 0.0444444 0.614372 109.70926284790039
2 0.358594 0.534722 0.0375 0.0555556 0.630783 109.70926284790039
2 0.43125 0.49375 0.034375 0.0458333 0.707316 109.70926284790039
2 0.197656 0.64375 0.078125 0.0930556 0.725179 109.70926284790039
2 0.398828 0.604167 0.0507812 0.0777778 0.74912 109.70926284790039
2 0.298828 0.640278 0.0570313 0.0777778 0.820515 109.70926284790039
