2 0.457422 0.424306 0.0242187 0.0402778 0.279559 99.61795806884766
2 0.425 0.422917 0.0296875 0.0375 0.453076 99.61795806884766
2 0.640234 0.471528 0.0242187 0.0347222 0.463526 99.61795806884766
2 0.435547 0.521528 0.0351562 0.0513889 0.625486 99.61795806884766
2 0.604297 0.477778 0.0304688 0.0472222 0.631604 99.61795806884766
2 0.235156 0.604167 0.059375 0.0777778 0.665082 99.61795806884766
2 0.378516 0.508333 0.0304688 0.0444444 0.676206 99.61795806884766
2 0.557031 0.49375 0.0328125 0.0486111 0.702371 99.61795806884766
2 0.737109 0.916667 0.124219 0.166667 0.768422 99.61795806884766
2 0.278906 0.944444 0.126563 0.108333 0.772584 99.61795806884766
