2 0.543359 0.443056 0.0195312 0.0388889 0.26802 115.59677124023438
2 0.454688 0.443056 0.0234375 0.0305556 0.366952 115.59677124023438
2 0.383594 0.495833 0.034375 0.0444444 0.614246 115.59677124023438
2 0.437109 0.505556 0.0335938 0.05 0.668169 115.59677124023438
2 0.678516 0.529861 0.0382813 0.0541667 0.695328 115.59677124023438
5 0.355859 0.436111 0.0773437 0.136111 0.730354 115.59677124023438
2 0.239453 0.597917 0.0554687 0.0708333 0.746616 115.59677124023438
2 0.617969 0.530556 0.0421875 0.0555556 0.779178 115.59677124023438
2 0.746094 0.764583 0.096875 0.151389 0.788598 115.59677124023438
2 0.330469 0.821528 0.0890625 0.140278 0.801511 115.59677124023438
2 0.252734 0.707639 0.0710938 0.101389 0.810712 115.59677124023438
