2 0.446094 0.4625 0.03125 0.0416667 0.294511 90.79289436340332
2 0.551953 0.45625 0.0226563 0.0375 0.312662 90.79289436340332
2 0.433594 0.506944 0.0375 0.0527778 0.622498 90.79289436340332
2 0.365625 0.519444 0.0390625 0.0527778 0.663898 90.79289436340332
2 0.647656 0.576389 0.040625 0.0666667 0.69406 90.79289436340332
2 0.7375 0.59375 0.053125 0.0791667 0.736483 90.79289436340332
2 0.326953 0.594444 0.0445312 0.0666667 0.743695 90.79289436340332
2 0.223047 0.635417 0.0648438 0.0819444 0.745247 90.79289436340332
2 0.391797 0.640972 0.0570313 0.0902778 0.77311 90.79289436340332
2 0.572266 0.545139 0.0382813 0.0513889 0.783146 90.79289436340332
2 0.945312 0.86875 0.109375 0.176389 0.833416 90.79289436340332
