2 0.385156 0.44375 0.0234375 0.0375 0.283341 93.78767013549805
2 0.09375 0.959722 0.103125 0.0805556 0.296409 93.78767013549805
2 0.644531 0.484028 0.025 0.0319444 0.326549 93.78767013549805
2 0.429297 0.420139 0.0242187 0.0402778 0.387845 93.78767013549805
2 0.337109 0.494444 0.0304688 0.0416667 0.437049 93.78767013549805
2 0.686328 0.875694 0.103906 0.240278 0.529295 93.78767013549805
2 0.603906 0.497917 0.0296875 0.0513889 0.594778 93.78767013549805
2 0.437891 0.503472 0.0304688 0.0458333 0.636085 93.78767013549805
2 0.212891 0.634028 0.0632813 0.0819444 0.63774 93.78767013549805
2 0.967188 0.929167 0.0625 0.138889 0.651337 93.78767013549805
2 0.351172 0.559722 0.0398437 0.0527778 0.721642 93.78767013549805
2 0.395703 0.684722 0.0648438 0.0944444 0.774955 93.78767013549805
