5 0.663281 0.84375 0.0953125 0.184722 0.382539 112.67828941345215
2 0.389844 0.481944 0.0328125 0.0472222 0.386446 112.67828941345215
2 0.598437 0.463194 0.028125 0.0375 0.442488 112.67828941345215
2 0.305078 0.946528 0.116406 0.106944 0.471009 112.67828941345215
2 0.446484 0.470139 0.0320312 0.0430556 0.584895 112.67828941345215
2 0.366016 0.527083 0.0335938 0.0486111 0.668369 112.67828941345215
2 0.416797 0.558333 0.0523437 0.0694444 0.724357 112.67828941345215
2 0.884375 0.954861 0.129688 0.0902778 0.724741 112.67828941345215
2 0.580469 0.547222 0.0359375 0.0666667 0.725768 112.67828941345215
2 0.285156 0.560417 0.0484375 0.0569444 0.729018 112.67828941345215
2 0.0457031 0.881944 0.0914062 0.152778 0.758845 112.67828941345215
2 0.951953 0.874306 0.0960938 0.201389 0.854854 112.67828941345215
