2 0.367188 0.452778 0.025 0.0388889 0.297788 124.04704093933105
2 0.400781 0.459028 0.028125 0.0375 0.423318 124.04704093933105
2 0.434766 0.492361 0.0320312 0.0513889 0.433415 124.04704093933105
2 0.629297 0.45625 0.0304688 0.0458333 0.475062 124.04704093933105
7 0.297266 0.498611 0.0570313 0.138889 0.527808 124.04704093933105
2 0.364453 0.525 0.0320312 0.0472222 0.602785 124.04704093933105
5 0.0832031 0.744444 0.164844 0.386111 0.618764 124.04704093933105
2 0.287109 0.656944 0.0617188 0.0916667 0.72087 124.04704093933105
2 0.419922 0.56875 0.0382813 0.0652778 0.724454 124.04704093933105
2 0.633594 0.542361 0.0421875 0.0625 0.74943 124.04704093933105
2 0.679297 0.521528 0.0335938 0.0597222 0.749512 124.04704093933105
2 0.335938 0.826389 0.096875 0.152778 0.831292 124.04704093933105
2 0.178125 0.877083 0.11875 0.1625 0.860005 124.04704093933105
2 0.932813 0.824306 0.121875 0.168056 0.892583 124.04704093933105
