2 0.630859 0.467361 0.0289063 0.0430556 0.279352 136.12127304077148
2 0.460156 0.429167 0.0265625 0.0388889 0.330581 136.12127304077148
2 0.808594 0.803472 0.126563 0.223611 0.446737 136.12127304077148
2 0.410156 0.45 0.03125 0.0444444 0.504585 136.12127304077148
2 0.676562 0.522222 0.0359375 0.05 0.556979 136.12127304077148
2 0.353516 0.472917 0.0304688 0.0430556 0.561673 136.12127304077148
2 0.430469 0.51875 0.03125 0.0486111 0.616711 136.12127304077148
2 0.627734 0.740972 0.0695312 0.118056 0.675218 136.12127304077148
2 0.780469 0.623611 0.0796875 0.119444 0.680981 136.12127304077148
2 0.0289063 0.895139 0.0578125 0.129167 0.712807 136.12127304077148
2 0.404297 0.597222 0.0476562 0.0833333 0.722546 136.12127304077148
2 0.302344 0.627778 0.0515625 0.0833333 0.723847 136.12127304077148
2 0.588672 0.573611 0.0492188 0.0583333 0.780724 136.12127304077148
2 0.293359 0.920833 0.135156 0.15 0.805188 136.12127304077148
2 0.176953 0.865972 0.113281 0.159722 0.841171 136.12127304077148
