2 0.407813 0.452083 0.025 0.0402778 0.348704 95.56293487548828
2 0.466406 0.413194 0.0203125 0.0291667 0.356494 95.56293487548828
2 0.629687 0.471528 0.025 0.0347222 0.405335 95.56293487548828
2 0.583203 0.463889 0.0304688 0.0388889 0.461621 95.56293487548828
7 0.332031 0.459028 0.084375 0.148611 0.575077 95.56293487548828
2 0.447656 0.459722 0.0296875 0.0388889 0.575899 95.56293487548828
2 0.366797 0.523611 0.0367187 0.05 0.71986 95.56293487548828
2 0.771875 0.640972 0.065625 0.0902778 0.733646 95.56293487548828
2 0.423828 0.549306 0.0367187 0.0569444 0.754322 95.56293487548828
2 0.631641 0.552778 0.0429688 0.0666667 0.797228 95.56293487548828
2 0.160156 0.686806 0.0765625 0.0902778 0.798727 95.56293487548828
2 0.142188 0.89375 0.129688 0.165278 0.886299 95.56293487548828
