2 0.615234 0.460417 0.0257812 0.0319444 0.266098 112.92505264282227
2 0.428125 0.479861 0.0390625 0.0541667 0.271662 112.92505264282227
2 0.378125 0.448611 0.025 0.0333333 0.359189 112.92505264282227
2 0.337891 0.488194 0.0304688 0.0402778 0.409228 112.92505264282227
2 0.401953 0.464583 0.0273438 0.0430556 0.413981 112.92505264282227
2 0.297656 0.967361 0.110937 0.0652778 0.606769 112.92505264282227
2 0.0871094 0.956944 0.149219 0.0861111 0.615643 112.92505264282227
2 0.433594 0.49375 0.03125 0.0458333 0.619122 112.92505264282227
2 0.235938 0.600694 0.0546875 0.0763889 0.632472 112.92505264282227
2 0.286328 0.666667 0.0648438 0.0888889 0.747118 112.92505264282227
2 0.391016 0.643056 0.0539063 0.0861111 0.775871 112.92505264282227
2 0.796094 0.795833 0.109375 0.163889 0.865941 112.92505264282227
