2 0.572656 0.432639 0.021875 0.0319444 0.258845 375.29706954956055
2 0.394922 0.475 0.0273438 0.0388889 0.325695 375.29706954956055
2 0.451172 0.463889 0.0273438 0.0416667 0.342277 375.29706954956055
2 0.547266 0.449306 0.0273438 0.0430556 0.523082 375.29706954956055
2 0.308594 0.527778 0.034375 0.0527778 0.548675 375.29706954956055
7 0.219531 0.590972 0.1 0.165278 0.565248 375.29706954956055
2 0.424609 0.514583 0.0414063 0.0902778 0.578471 375.29706954956055
2 0.69375 0.549306 0.040625 0.0569444 0.684528 375.29706954956055
2 0.341797 0.569444 0.0429688 0.0666667 0.725043 375.29706954956055
2 0.396875 0.634722 0.0484375 0.0833333 0.754899 375.29706954956055
2 0.232812 0.752083 0.0796875 0.123611 0.819337 375.29706954956055
