7 0.936328 0.753472 0.124219 0.406944 0.268935 145.16854286193848
2 0.442969 0.479861 0.0296875 0.0430556 0.478136 145.16854286193848
2 0.396484 0.469444 0.0289063 0.0388889 0.489145 145.16854286193848
2 0.325781 0.505556 0.034375 0.0527778 0.538911 145.16854286193848
2 0.550391 0.470833 0.0273438 0.0388889 0.705241 145.16854286193848
2 0.375 0.684722 0.05625 0.0916667 0.720005 145.16854286193848
2 0.346484 0.570833 0.0460938 0.0666667 0.750416 145.16854286193848
2 0.630859 0.540972 0.0414063 0.0708333 0.757123 145.16854286193848
2 0.158984 0.709722 0.0882813 0.108333 0.779389 145.16854286193848
2 0.10625 0.930556 0.146875 0.138889 0.79656 145.16854286193848
