2 0.453516 0.432639 0.0242187 0.0347222 0.272244 117.06805229187012
2 0.406641 0.459722 0.0289063 0.0416667 0.37215 117.06805229187012
7 0.669922 0.858333 0.0976562 0.188889 0.483813 117.06805229187012
2 0.242188 0.59375 0.05 0.0763889 0.488852 117.06805229187012
2 0.373437 0.447222 0.025 0.0361111 0.48992 117.06805229187012
2 0.651563 0.495139 0.03125 0.0513889 0.522551 117.06805229187012
2 0.349609 0.547917 0.0351562 0.0569444 0.619639 117.06805229187012
2 0.568359 0.521528 0.0335938 0.0569444 0.698913 117.06805229187012
2 0.271484 0.66875 0.0804688 0.106944 0.709895 117.06805229187012
2 0.387891 0.636111 0.0492188 0.0861111 0.725496 117.06805229187012
2 0.774219 0.636806 0.0640625 0.0902778 0.744309 117.06805229187012
2 0.430469 0.524306 0.0359375 0.0541667 0.759679 117.06805229187012
