2 0.455859 0.44375 0.0226563 0.0319444 0.313141 95.76272964477539
2 0.592188 0.465278 0.028125 0.0416667 0.47268 95.76272964477539
2 0.640625 0.477083 0.0265625 0.0375 0.492566 95.76272964477539
2 0.366016 0.463194 0.0289063 0.0402778 0.50603 95.76272964477539
2 0.397656 0.4875 0.03125 0.0472222 0.512564 95.76272964477539
2 0.628516 0.722917 0.0648438 0.134722 0.591142 95.76272964477539
2 0.267188 0.573611 0.0453125 0.0611111 0.620826 95.76272964477539
2 0.563672 0.504861 0.0320312 0.0486111 0.639751 95.76272964477539
2 0.421094 0.544444 0.034375 0.0583333 0.706205 95.76272964477539
2 0.296875 0.634722 0.0515625 0.0805556 0.75639 95.76272964477539
2 0.285937 0.915972 0.120312 0.159722 0.856579 95.76272964477539
