2 0.539453 0.419444 0.0273438 0.0333333 0.318587 119.20642852783203
2 0.586328 0.461806 0.0304688 0.0430556 0.470882 119.20642852783203
2 0.30625 0.525694 0.0390625 0.0486111 0.50726 119.20642852783203
2 0.451953 0.452778 0.0289063 0.0361111 0.509557 119.20642852783203
2 0.392578 0.488889 0.0304688 0.0388889 0.585015 119.20642852783203
2 0.43125 0.546528 0.0375 0.0541667 0.651017 119.20642852783203
2 0.357031 0.789583 0.0796875 0.1375 0.712158 119.20642852783203
2 0.835156 0.902083 0.125 0.193056 0.727898 119.20642852783203
2 0.277734 0.669444 0.0710938 0.0944444 0.747668 119.20642852783203
2 0.630469 0.525694 0.0390625 0.0625 0.776623 119.20642852783203
2 0.821094 0.710417 0.0875 0.118056 0.811467 119.20642852783203
