2 0.428125 0.4625 0.0453125 0.05 0.259101 112.10322380065918
2 0.370313 0.472222 0.040625 0.0583333 0.265279 112.10322380065918
2 0.456641 0.431944 0.0210938 0.0361111 0.324362 112.10322380065918
2 0.592969 0.401389 0.034375 0.0527778 0.510126 112.10322380065918
2 0.437109 0.474306 0.0320312 0.0486111 0.550912 112.10322380065918
2 0.312109 0.923611 0.110156 0.144444 0.556247 112.10322380065918
2 0.641797 0.741667 0.0742188 0.130556 0.578592 112.10322380065918
2 0.379687 0.486111 0.03125 0.05 0.580257 112.10322380065918
2 0.630859 0.523611 0.0382813 0.0527778 0.714372 112.10322380065918
2 0.351172 0.561111 0.0414063 0.0583333 0.718729 112.10322380065918
2 0.282813 0.554167 0.0421875 0.0694444 0.722753 112.10322380065918
2 0.120703 0.917361 0.141406 0.159722 0.727989 112.10322380065918
