2 0.541797 0.429167 0.0179687 0.0277778 0.294322 358.7460517883301
7 0.344922 0.464583 0.0445312 0.0791667 0.332137 358.7460517883301
2 0.407813 0.45625 0.028125 0.0402778 0.366087 358.7460517883301
2 0.45 0.466667 0.03125 0.0388889 0.415819 358.7460517883301
2 0.277344 0.570833 0.0421875 0.0694444 0.596003 358.7460517883301
2 0.405859 0.570139 0.0554687 0.115278 0.61726 358.7460517883301
2 0.735547 0.572917 0.0601562 0.101389 0.61885 358.7460517883301
2 0.370703 0.513889 0.0320312 0.0444444 0.641516 358.7460517883301
2 0.582031 0.544444 0.0359375 0.0583333 0.770705 358.7460517883301
2 0.188672 0.810417 0.0929687 0.123611 0.842183 358.7460517883301
