2 0.437109 0.458333 0.0335938 0.0527778 0.319513 135.16998291015625
7 0.5875 0.395833 0.03125 0.0527778 0.37082 135.16998291015625
2 0.442187 0.470139 0.025 0.0375 0.459429 135.16998291015625
2 0.658594 0.502083 0.0328125 0.0458333 0.481129 135.16998291015625
2 0.333984 0.501389 0.0320312 0.0444444 0.54252 135.16998291015625
2 0.370703 0.515278 0.0320312 0.0444444 0.565429 135.16998291015625
2 0.341406 0.784028 0.0796875 0.131944 0.693611 135.16998291015625
2 0.750781 0.731944 0.096875 0.152778 0.703044 135.16998291015625
2 0.386719 0.619444 0.053125 0.075 0.732459 135.16998291015625
2 0.560938 0.50625 0.034375 0.0569444 0.737373 135.16998291015625
2 0.785156 0.659028 0.0671875 0.0875 0.76519 135.16998291015625
2 0.0828125 0.797222 0.1125 0.133333 0.872987 135.16998291015625
