7 0.65625 0.81875 0.0921875 0.165278 0.390486 107.37395286560059
2 0.389453 0.484722 0.0335938 0.0472222 0.400702 107.37395286560059
2 0.596875 0.460417 0.0265625 0.0347222 0.447793 107.37395286560059
2 0.368359 0.506944 0.0398437 0.0527778 0.470499 107.37395286560059
2 0.303906 0.952083 0.10625 0.0958333 0.503738 107.37395286560059
2 0.446094 0.470833 0.0328125 0.0444444 0.559493 107.37395286560059
2 0.0425781 0.895139 0.0851562 0.1625 0.651761 107.37395286560059
2 0.579297 0.538194 0.0351562 0.0652778 0.656822 107.37395286560059
2 0.364453 0.527083 0.0335938 0.0513889 0.727661 107.37395286560059
2 0.414062 0.560417 0.05 0.0736111 0.736919 107.37395286560059
2 0.282031 0.563889 0.046875 0.0555556 0.752869 107.37395286560059
2 0.864453 0.935417 0.124219 0.129167 0.764744 107.37395286560059
2 0.94375 0.854861 0.109375 0.193056 0.884468 107.37395286560059
