7 0.294141 0.490972 0.0773437 0.115278 0.305985 133.6679458618164
2 0.221484 0.691667 0.132031 0.161111 0.312269 133.6679458618164
2 0.448047 0.459028 0.0304688 0.0402778 0.351121 133.6679458618164
2 0.196875 0.936111 0.071875 0.122222 0.383509 133.6679458618164
2 0.958203 0.863194 0.0648438 0.0847222 0.386107 133.6679458618164
2 0.401953 0.461806 0.0320312 0.0458333 0.3907 133.6679458618164
2 0.896094 0.970833 0.115625 0.0583333 0.400255 133.6679458618164
2 0.551953 0.460417 0.0242187 0.0486111 0.403275 133.6679458618164
2 0.2875 0.605556 0.090625 0.108333 0.429335 133.6679458618164
2 0.641406 0.477083 0.028125 0.0402778 0.435963 133.6679458618164
2 0.373828 0.511806 0.0335938 0.0458333 0.590324 133.6679458618164
2 0.651172 0.56875 0.0539063 0.0930556 0.603321 133.6679458618164
2 0.432422 0.525694 0.0367187 0.0486111 0.657924 133.6679458618164
2 0.934766 0.829167 0.119531 0.147222 0.689386 133.6679458618164
2 0.179297 0.661111 0.0617188 0.0805556 0.704369 133.6679458618164
2 0.382812 0.659722 0.05625 0.0861111 0.744256 133.6679458618164
