2 0.608203 0.4375 0.0226563 0.0361111 0.305211 110.40687561035156
2 0.326953 0.495139 0.0398437 0.0569444 0.446922 110.40687561035156
7 0.669922 0.825694 0.100781 0.1875 0.45037 110.40687561035156
2 0.448438 0.463889 0.03125 0.0444444 0.5409 110.40687561035156
5 0.65625 0.465972 0.0796875 0.134722 0.614748 110.40687561035156
2 0.0871094 0.948611 0.163281 0.102778 0.647464 110.40687561035156
2 0.376172 0.679861 0.0601562 0.120833 0.672911 110.40687561035156
2 0.559766 0.481944 0.0304688 0.0555556 0.740292 110.40687561035156
2 0.417188 0.557639 0.0421875 0.0597222 0.752999 110.40687561035156
2 0.943359 0.872222 0.113281 0.205556 0.827695 110.40687561035156
