2 0.758984 0.691667 0.0898438 0.133333 0.333887 104.0496826171875
2 0.461719 0.414583 0.0265625 0.0347222 0.336123 104.0496826171875
2 0.600781 0.478472 0.0328125 0.0541667 0.337001 104.0496826171875
2 0.396484 0.475694 0.0273438 0.0347222 0.394495 104.0496826171875
2 0.65625 0.503472 0.0328125 0.0430556 0.515323 104.0496826171875
2 0.772656 0.622917 0.0734375 0.118056 0.540535 104.0496826171875
2 0.291016 0.533333 0.0414063 0.0638889 0.556067 104.0496826171875
2 0.423047 0.547222 0.0351562 0.0638889 0.670957 104.0496826171875
2 0.144531 0.928472 0.153125 0.143056 0.707288 104.0496826171875
2 0.351172 0.556944 0.0382813 0.0583333 0.744895 104.0496826171875
2 0.738672 0.723611 0.0851562 0.122222 0.776932 104.0496826171875
2 0.364453 0.730556 0.0710938 0.105556 0.796017 104.0496826171875
