2 0.574219 0.436111 0.021875 0.0277778 0.255658 354.82096672058105
2 0.452734 0.4625 0.0242187 0.0388889 0.293817 354.82096672058105
2 0.395703 0.473611 0.0273438 0.0416667 0.322264 354.82096672058105
5 0.228125 0.579861 0.096875 0.151389 0.501331 354.82096672058105
2 0.425391 0.509028 0.0398437 0.0875 0.523819 354.82096672058105
2 0.3125 0.523611 0.0390625 0.05 0.550536 354.82096672058105
2 0.549219 0.454167 0.0265625 0.0444444 0.569812 354.82096672058105
2 0.344141 0.567361 0.0429688 0.0625 0.702582 354.82096672058105
2 0.702734 0.558333 0.0414063 0.0611111 0.717459 354.82096672058105
2 0.4 0.623611 0.046875 0.0805556 0.760187 354.82096672058105
2 0.238672 0.734722 0.0773437 0.113889 0.789147 354.82096672058105
