2 0.326562 0.5125 0.0265625 0.0444444 0.32797 123.88730049133301
2 0.0761719 0.980556 0.142969 0.0388889 0.376723 123.88730049133301
2 0.452344 0.450694 0.0265625 0.0375 0.401 123.88730049133301
7 0.648828 0.547917 0.0554687 0.106944 0.469397 123.88730049133301
2 0.399219 0.465972 0.034375 0.0458333 0.53225 123.88730049133301
2 0.351562 0.536806 0.0359375 0.0513889 0.550289 123.88730049133301
2 0.563281 0.492361 0.034375 0.0791667 0.670765 123.88730049133301
2 0.699219 0.913194 0.117188 0.173611 0.685047 123.88730049133301
2 0.189453 0.658333 0.0757812 0.0888889 0.719595 123.88730049133301
2 0.285156 0.659722 0.0625 0.0888889 0.734127 123.88730049133301
2 0.384375 0.667361 0.053125 0.0902778 0.769917 123.88730049133301
