2 0.348437 0.465972 0.0296875 0.0402778 0.252073 106.40883445739746
2 0.644141 0.481944 0.0257812 0.0305556 0.2733 106.40883445739746
2 0.452734 0.439583 0.0257812 0.0291667 0.321455 106.40883445739746
2 0.370703 0.450694 0.0273438 0.0375 0.331537 106.40883445739746
2 0.372656 0.514583 0.034375 0.0486111 0.62832 106.40883445739746
2 0.307422 0.527778 0.0351562 0.05 0.658734 106.40883445739746
2 0.434766 0.488194 0.0304688 0.0458333 0.672085 106.40883445739746
2 0.208984 0.638194 0.0648438 0.0791667 0.68705 106.40883445739746
2 0.364844 0.722222 0.0703125 0.113889 0.712353 106.40883445739746
2 0.298438 0.648611 0.05625 0.0833333 0.764711 106.40883445739746
