2 0.407422 0.454167 0.0273438 0.0305556 0.274872 523.4098434448242
2 0.607422 0.43125 0.0257812 0.0347222 0.303988 523.4098434448242
7 0.276953 0.53125 0.0726563 0.118056 0.378567 523.4098434448242
5 0.2875 0.874306 0.14375 0.243056 0.392381 523.4098434448242
2 0.340234 0.492361 0.0335938 0.0458333 0.453589 523.4098434448242
2 0.440234 0.465972 0.0429688 0.0708333 0.506952 523.4098434448242
2 0.603516 0.486111 0.0289063 0.0444444 0.543587 523.4098434448242
2 0.669141 0.51875 0.0367187 0.0486111 0.591506 523.4098434448242
2 0.369531 0.520833 0.0359375 0.0527778 0.650001 523.4098434448242
2 0.418359 0.555556 0.0382813 0.0638889 0.769864 523.4098434448242
2 0.578906 0.547222 0.0390625 0.0833333 0.777447 523.4098434448242
2 0.833203 0.71875 0.0820312 0.1125 0.784721 523.4098434448242
2 0.297656 0.636806 0.05625 0.0819444 0.805699 523.4098434448242
2 0.0773437 0.811806 0.117188 0.1375 0.851824 523.4098434448242
