2 0.353906 0.545833 0.04375 0.0583333 0.379738 115.0515079498291
2 0.723437 0.898611 0.128125 0.202778 0.512864 115.0515079498291
2 0.1 0.774306 0.146875 0.201389 0.5453 115.0515079498291
2 0.304688 0.529861 0.034375 0.0458333 0.555157 115.0515079498291
2 0.353906 0.610417 0.0421875 0.0708333 0.686785 115.0515079498291
2 0.623828 0.513889 0.0367187 0.0555556 0.689257 115.0515079498291
2 0.434375 0.497222 0.034375 0.0638889 0.715171 115.0515079498291
2 0.316016 0.943056 0.113281 0.113889 0.771917 115.0515079498291
2 0.217187 0.7875 0.09375 0.130556 0.811348 115.0515079498291
2 0.927734 0.843056 0.127344 0.161111 0.861637 115.0515079498291
