2 0.648047 0.505556 0.0539063 0.0583333 0.296753 93.37258338928223
2 0.395703 0.477083 0.0460938 0.0541667 0.346723 93.37258338928223
2 0.357812 0.750694 0.0765625 0.134722 0.545826 93.37258338928223
2 0.660156 0.492361 0.0359375 0.0625 0.557829 93.37258338928223
2 0.389062 0.494444 0.034375 0.0472222 0.570847 93.37258338928223
2 0.553906 0.488194 0.0296875 0.0458333 0.577507 93.37258338928223
2 0.450781 0.464583 0.028125 0.0430556 0.587563 93.37258338928223
2 0.966797 0.902778 0.0664062 0.144444 0.610173 93.37258338928223
2 0.317578 0.509722 0.0414063 0.0555556 0.638289 93.37258338928223
2 0.625781 0.5125 0.0359375 0.0666667 0.645782 93.37258338928223
2 0.408984 0.596528 0.0429688 0.0708333 0.747731 93.37258338928223
2 0.778516 0.797222 0.107031 0.177778 0.823475 93.37258338928223
2 0.181641 0.846528 0.113281 0.140278 0.85797 93.37258338928223
