2 0.454297 0.436111 0.0226563 0.0333333 0.315658 130.47504425048828
5 0.217187 0.602778 0.145313 0.302778 0.434583 130.47504425048828
2 0.588281 0.488889 0.0359375 0.0861111 0.44178 130.47504425048828
2 0.583984 0.452083 0.0335938 0.0430556 0.456715 130.47504425048828
2 0.339844 0.486806 0.0296875 0.0430556 0.468411 130.47504425048828
5 0.201172 0.686111 0.125781 0.208333 0.476147 130.47504425048828
2 0.380469 0.501389 0.0328125 0.05 0.53122 130.47504425048828
2 0.435156 0.500694 0.034375 0.0458333 0.552857 130.47504425048828
5 0.121875 0.839583 0.239063 0.3125 0.594378 130.47504425048828
2 0.690234 0.533333 0.0351562 0.0527778 0.63479 130.47504425048828
2 0.594141 0.521528 0.0382813 0.0597222 0.717791 130.47504425048828
2 0.310937 0.890972 0.096875 0.159722 0.759779 130.47504425048828
2 0.330859 0.591667 0.0476562 0.0694444 0.763484 130.47504425048828
2 0.410547 0.597917 0.0445312 0.0708333 0.771791 130.47504425048828
