2 0.445703 0.451389 0.0257812 0.0361111 0.323934 118.70718002319336
7 0.585547 0.438194 0.0335938 0.0763889 0.379586 118.70718002319336
2 0.358984 0.463889 0.0289063 0.0388889 0.481291 118.70718002319336
2 0.389844 0.482639 0.0328125 0.0430556 0.534543 118.70718002319336
2 0.351953 0.79375 0.0835937 0.145833 0.59062 118.70718002319336
2 0.428906 0.517361 0.0375 0.0486111 0.719489 118.70718002319336
2 0.2875 0.539583 0.040625 0.0569444 0.725241 118.70718002319336
2 0.874219 0.741667 0.0984375 0.144444 0.793885 118.70718002319336
2 0.351172 0.551389 0.0382813 0.0555556 0.815075 118.70718002319336
2 0.167578 0.85625 0.121094 0.145833 0.844902 118.70718002319336
