2 0.44375 0.471528 0.0265625 0.0402778 0.251274 126.02019309997559
2 0.423047 0.427083 0.0289063 0.0402778 0.316248 126.02019309997559
2 0.376563 0.447222 0.028125 0.0388889 0.463673 126.02019309997559
2 0.621484 0.530556 0.0335938 0.05 0.58329 126.02019309997559
2 0.429688 0.521528 0.0375 0.0597222 0.672008 126.02019309997559
2 0.355469 0.538889 0.0375 0.05 0.686544 126.02019309997559
2 0.561328 0.50625 0.0335938 0.0513889 0.692115 126.02019309997559
2 0.703125 0.552778 0.04375 0.0694444 0.717001 126.02019309997559
2 0.379297 0.680556 0.0648438 0.108333 0.733948 126.02019309997559
2 0.307422 0.627083 0.0554687 0.0791667 0.75136 126.02019309997559
2 0.191406 0.677083 0.0796875 0.0902778 0.785266 126.02019309997559
2 0.840234 0.722917 0.0898438 0.120833 0.794134 126.02019309997559
