2 0.533203 0.417361 0.0242187 0.0291667 0.283636 136.67798042297363
2 0.451562 0.450694 0.028125 0.0375 0.421764 136.67798042297363
2 0.584375 0.461111 0.0328125 0.05 0.595953 136.67798042297363
2 0.309375 0.894444 0.0953125 0.161111 0.628892 136.67798042297363
2 0.430859 0.523611 0.0367187 0.0472222 0.663693 136.67798042297363
2 0.04375 0.888194 0.0875 0.151389 0.685807 136.67798042297363
2 0.288672 0.553472 0.0492188 0.0625 0.688731 136.67798042297363
2 0.376953 0.504861 0.0320312 0.0486111 0.692821 136.67798042297363
2 0.620703 0.697917 0.0632813 0.123611 0.738879 136.67798042297363
2 0.29375 0.665278 0.071875 0.102778 0.772509 136.67798042297363
2 0.819922 0.874306 0.128906 0.223611 0.849385 136.67798042297363
5 0.785937 0.581944 0.185937 0.325 0.850394 136.67798042297363
