2 0.34375 0.4875 0.03125 0.0388889 0.314159 105.42440414428711
5 0.418359 0.415278 0.0460938 0.0888889 0.328356 105.42440414428711
7 0.0355469 0.883333 0.0710938 0.152778 0.394366 105.42440414428711
2 0.560156 0.4 0.0171875 0.0333333 0.427482 105.42440414428711
2 0.439453 0.500694 0.0304688 0.0458333 0.530198 105.42440414428711
2 0.254297 0.586806 0.0523437 0.0680556 0.615416 105.42440414428711
2 0.175 0.69375 0.0703125 0.104167 0.663902 105.42440414428711
2 0.339844 0.564583 0.040625 0.0541667 0.694901 105.42440414428711
2 0.413281 0.579167 0.04375 0.0722222 0.718722 105.42440414428711
2 0.69375 0.545833 0.040625 0.0527778 0.763677 105.42440414428711
2 0.328125 0.841667 0.0921875 0.138889 0.774431 105.42440414428711
2 0.630469 0.553472 0.0421875 0.0680556 0.842005 105.42440414428711
