2 0.337109 0.520833 0.0757812 0.0527778 0.261635 107.40876197814941
2 0.565234 0.422917 0.0257812 0.0458333 0.32465 107.40876197814941
2 0.371875 0.447917 0.025 0.0319444 0.33726 107.40876197814941
2 0.641797 0.478472 0.0242187 0.0375 0.414229 107.40876197814941
2 0.559375 0.445833 0.03125 0.0527778 0.453314 107.40876197814941
2 0.448828 0.448611 0.0273438 0.0388889 0.487956 107.40876197814941
2 0.317969 0.511806 0.034375 0.0458333 0.502331 107.40876197814941
7 0.0714844 0.885417 0.136719 0.229167 0.545263 107.40876197814941
2 0.360938 0.541667 0.0359375 0.0583333 0.674309 107.40876197814941
7 0.153125 0.630556 0.182812 0.277778 0.67743 107.40876197814941
2 0.426172 0.531944 0.0367187 0.0527778 0.739356 107.40876197814941
2 0.774219 0.654861 0.075 0.0958333 0.769704 107.40876197814941
2 0.291406 0.65625 0.065625 0.0819444 0.774269 107.40876197814941
2 0.392188 0.670833 0.0578125 0.0888889 0.819551 107.40876197814941
