2 0.421094 0.4375 0.0265625 0.0444444 0.295918 374.9122619628906
2 0.633984 0.470833 0.0257812 0.0361111 0.308047 374.9122619628906
2 0.466016 0.402778 0.0195312 0.0305556 0.384179 374.9122619628906
2 0.364453 0.456944 0.0289063 0.0472222 0.401426 374.9122619628906
2 0.401563 0.4625 0.025 0.0388889 0.434778 374.9122619628906
2 0.307422 0.533333 0.0429688 0.05 0.498366 374.9122619628906
7 0.361719 0.720833 0.101562 0.208333 0.508793 374.9122619628906
2 0.454688 0.451389 0.025 0.0333333 0.526679 374.9122619628906
2 0.341016 0.577083 0.0460938 0.0708333 0.720751 374.9122619628906
2 0.415234 0.597917 0.0398437 0.0597222 0.770222 374.9122619628906
