2 0.456641 0.426389 0.0195312 0.0305556 0.255057 108.40082168579102
2 0.329688 0.505556 0.040625 0.0638889 0.359491 108.40082168579102
5 0.416016 0.3875 0.0335938 0.05 0.362663 108.40082168579102
2 0.407813 0.459722 0.025 0.0388889 0.434827 108.40082168579102
2 0.367188 0.518056 0.0359375 0.0472222 0.619546 108.40082168579102
2 0.683984 0.534028 0.0367187 0.0597222 0.710473 108.40082168579102
2 0.222266 0.623611 0.0492188 0.0777778 0.715064 108.40082168579102
2 0.287109 0.645139 0.0601562 0.0819444 0.747029 108.40082168579102
2 0.273828 0.941667 0.125781 0.113889 0.767074 108.40082168579102
2 0.405078 0.584028 0.0398437 0.0597222 0.776878 108.40082168579102
