2 0.465234 0.405556 0.0210938 0.0333333 0.291704 534.1556072235107
2 0.419141 0.435417 0.0242187 0.0347222 0.431705 534.1556072235107
7 0.344141 0.778472 0.116406 0.245833 0.461599 534.1556072235107
2 0.396875 0.465972 0.0265625 0.0402778 0.483359 534.1556072235107
2 0.291406 0.55 0.0375 0.0472222 0.487114 534.1556072235107
2 0.357812 0.467361 0.03125 0.0513889 0.501809 534.1556072235107
2 0.454688 0.458333 0.0265625 0.0388889 0.560507 534.1556072235107
2 0.959375 0.893056 0.08125 0.2 0.674737 534.1556072235107
2 0.331641 0.600694 0.0539063 0.0763889 0.752313 534.1556072235107
2 0.408594 0.627083 0.0453125 0.0708333 0.811353 534.1556072235107
