2 0.453906 0.441667 0.021875 0.0333333 0.284369 102.33378410339355
2 0.0761719 0.906944 0.142969 0.163889 0.289664 102.33378410339355
2 0.540234 0.402778 0.0273438 0.0416667 0.297432 102.33378410339355
2 0.583984 0.439583 0.0289063 0.0569444 0.421135 102.33378410339355
2 0.391406 0.470139 0.0265625 0.0402778 0.438784 102.33378410339355
2 0.262891 0.58125 0.0414063 0.0652778 0.56206 102.33378410339355
2 0.961328 0.901389 0.0773437 0.166667 0.579374 102.33378410339355
2 0.559766 0.498611 0.0304688 0.0444444 0.639167 102.33378410339355
2 0.4375 0.5 0.03125 0.05 0.653336 102.33378410339355
2 0.03125 0.895139 0.0625 0.134722 0.703247 102.33378410339355
2 0.744531 0.605556 0.053125 0.0722222 0.757569 102.33378410339355
2 0.710156 0.682639 0.0640625 0.0958333 0.760764 102.33378410339355
2 0.291406 0.642361 0.0546875 0.0819444 0.770556 102.33378410339355
2 0.367969 0.5125 0.040625 0.05 0.77221 102.33378410339355
2 0.288281 0.945139 0.117188 0.109722 0.773755 102.33378410339355
2 0.121094 0.925 0.139062 0.147222 0.804294 102.33378410339355
