2 0.395312 0.461111 0.0296875 0.0416667 0.29589 144.3171501159668
2 0.466797 0.413889 0.0195312 0.025 0.299951 144.3171501159668
7 0.614453 0.425 0.0382813 0.0694444 0.379606 144.3171501159668
2 0.444531 0.452778 0.0234375 0.0388889 0.460859 144.3171501159668
2 0.321094 0.504861 0.034375 0.0569444 0.492049 144.3171501159668
2 0.375781 0.51875 0.034375 0.0430556 0.611594 144.3171501159668
2 0.289062 0.930556 0.128125 0.138889 0.724239 144.3171501159668
2 0.102734 0.761806 0.116406 0.145833 0.747087 144.3171501159668
2 0.242969 0.719444 0.0875 0.102778 0.792883 144.3171501159668
2 0.378125 0.703472 0.059375 0.0986111 0.812548 144.3171501159668
2 0.797656 0.799306 0.110937 0.159722 0.834835 144.3171501159668
