2 0.356641 0.501389 0.0492188 0.0472222 0.360873 386.685848236084
2 0.343359 0.488194 0.0320312 0.0458333 0.409089 386.685848236084
2 0.439844 0.464583 0.040625 0.0680556 0.447036 386.685848236084
7 0.284375 0.527778 0.06875 0.122222 0.492849 386.685848236084
5 0.304688 0.855556 0.129688 0.263889 0.578594 386.685848236084
2 0.6125 0.500694 0.03125 0.0513889 0.594956 386.685848236084
2 0.68125 0.530556 0.034375 0.0527778 0.605544 386.685848236084
2 0.371875 0.516667 0.034375 0.05 0.637085 386.685848236084
2 0.5875 0.579167 0.0484375 0.0916667 0.700239 386.685848236084
2 0.303906 0.626389 0.053125 0.0833333 0.720649 386.685848236084
2 0.422656 0.549306 0.034375 0.0569444 0.73617 386.685848236084
2 0.86875 0.763889 0.0921875 0.127778 0.82391 386.685848236084
2 0.102734 0.788889 0.114844 0.133333 0.838516 386.685848236084
