2 0.353516 0.520833 0.0695312 0.0888889 0.337593 124.07374382019043
2 0.603516 0.485417 0.0304688 0.0430556 0.485403 124.07374382019043
2 0.447656 0.463889 0.03125 0.0388889 0.494531 124.07374382019043
5 0.7125 0.89375 0.142188 0.2125 0.534204 124.07374382019043
2 0.423438 0.536111 0.034375 0.0472222 0.630969 124.07374382019043
2 0.276172 0.953472 0.125781 0.0930556 0.679582 124.07374382019043
2 0.298438 0.53125 0.0390625 0.0541667 0.718747 124.07374382019043
2 0.361719 0.739583 0.078125 0.104167 0.747756 124.07374382019043
2 0.155859 0.906944 0.139844 0.175 0.823371 124.07374382019043
2 0.848437 0.735417 0.1 0.131944 0.835169 124.07374382019043
