2 0.428125 0.422222 0.0203125 0.0305556 0.256463 103.91902923583984
2 0.404687 0.452083 0.025 0.0402778 0.317926 103.91902923583984
2 0.571094 0.420139 0.0234375 0.0402778 0.354367 103.91902923583984
2 0.444141 0.463194 0.0289063 0.0347222 0.361429 103.91902923583984
2 0.330859 0.497222 0.0304688 0.0444444 0.387118 103.91902923583984
2 0.382422 0.496528 0.0273438 0.0402778 0.521535 103.91902923583984
2 0.605078 0.484028 0.0335938 0.0458333 0.529535 103.91902923583984
2 0.353906 0.804861 0.08125 0.1375 0.558372 103.91902923583984
2 0.566016 0.49375 0.0289063 0.0458333 0.598268 103.91902923583984
2 0.233203 0.602778 0.0679687 0.0888889 0.675384 103.91902923583984
2 0.340234 0.56875 0.0492188 0.0680556 0.692594 103.91902923583984
2 0.679297 0.522917 0.0367187 0.0486111 0.708246 103.91902923583984
2 0.43125 0.534028 0.034375 0.0541667 0.732389 103.91902923583984
2 0.694141 0.665278 0.0757812 0.111111 0.758702 103.91902923583984
