2 0.605078 0.4375 0.0195312 0.0305556 0.265783 112.73932456970215
2 0.376953 0.499306 0.0320312 0.0458333 0.411553 112.73932456970215
2 0.449609 0.463889 0.0304688 0.0416667 0.468446 112.73932456970215
2 0.435547 0.507639 0.0320312 0.0513889 0.484166 112.73932456970215
2 0.329688 0.5 0.034375 0.0527778 0.495038 112.73932456970215
5 0.214062 0.576389 0.090625 0.213889 0.568799 112.73932456970215
2 0.408203 0.584028 0.0445312 0.0736111 0.665263 112.73932456970215
2 0.676172 0.517361 0.0320312 0.0513889 0.68141 112.73932456970215
2 0.0945313 0.940278 0.167187 0.119444 0.72941 112.73932456970215
2 0.372656 0.745139 0.0640625 0.115278 0.735123 112.73932456970215
2 0.934375 0.802083 0.13125 0.326389 0.738226 112.73932456970215
2 0.314453 0.6125 0.0507812 0.075 0.753599 112.73932456970215
