2 0.377344 0.443056 0.0234375 0.0333333 0.256301 97.47552871704102
2 0.576563 0.434722 0.0265625 0.0361111 0.25689 97.47552871704102
7 0.117188 0.811806 0.20625 0.340278 0.277171 97.47552871704102
2 0.329688 0.502083 0.0359375 0.0486111 0.385747 97.47552871704102
2 0.453516 0.440972 0.0226563 0.0375 0.393085 97.47552871704102
5 0.199219 0.580556 0.148438 0.225 0.459109 97.47552871704102
2 0.281641 0.952083 0.116406 0.0958333 0.526637 97.47552871704102
2 0.664844 0.505556 0.03125 0.0472222 0.5298 97.47552871704102
2 0.370313 0.515972 0.0390625 0.0486111 0.595361 97.47552871704102
2 0.572656 0.482639 0.03125 0.0458333 0.639013 97.47552871704102
2 0.43125 0.514583 0.0359375 0.0486111 0.670973 97.47552871704102
2 0.312891 0.618056 0.0539063 0.0722222 0.745313 97.47552871704102
2 0.401953 0.629167 0.0460938 0.0777778 0.754576 97.47552871704102
2 0.907812 0.81875 0.135937 0.170833 0.824983 97.47552871704102
