2 0.457031 0.4375 0.025 0.0305556 0.331728 104.40802574157715
2 0.422656 0.440972 0.0265625 0.0375 0.337064 104.40802574157715
2 0.566406 0.415972 0.01875 0.0263889 0.383962 104.40802574157715
2 0.350391 0.473611 0.0320312 0.0388889 0.441617 104.40802574157715
2 0.599219 0.475694 0.0296875 0.0402778 0.534944 104.40802574157715
2 0.0351562 0.889583 0.0703125 0.148611 0.581959 104.40802574157715
7 0.272656 0.518056 0.117188 0.180556 0.583859 104.40802574157715
2 0.388672 0.4875 0.0320312 0.0472222 0.600905 104.40802574157715
2 0.429297 0.520833 0.0367187 0.0472222 0.735198 104.40802574157715
2 0.33125 0.851389 0.0921875 0.147222 0.786112 104.40802574157715
