2 0.454688 0.454167 0.025 0.0416667 0.333359 123.40807914733887
2 0.589063 0.451389 0.028125 0.05 0.503716 123.40807914733887
2 0.383594 0.493056 0.03125 0.0388889 0.545851 123.40807914733887
2 0.660937 0.502778 0.0328125 0.05 0.568551 123.40807914733887
2 0.267969 0.561806 0.0421875 0.0513889 0.574644 123.40807914733887
2 0.319141 0.5125 0.0335938 0.0444444 0.587707 123.40807914733887
2 0.437891 0.5 0.0320312 0.0472222 0.621376 123.40807914733887
2 0.964844 0.915972 0.0671875 0.148611 0.689417 123.40807914733887
2 0.397266 0.610417 0.0429688 0.0680556 0.74674 123.40807914733887
2 0.242188 0.747917 0.09375 0.120833 0.767117 123.40807914733887
2 0.195312 0.661806 0.075 0.0930556 0.778633 123.40807914733887
