2 0.427734 0.425 0.0242187 0.0361111 0.253187 90.82746505737305
2 0.4 0.461806 0.025 0.0402778 0.319747 90.82746505737305
2 0.285937 0.553472 0.034375 0.0569444 0.44674 90.82746505737305
2 0.543359 0.435417 0.0273438 0.0347222 0.473269 90.82746505737305
2 0.596875 0.464583 0.0375 0.0652778 0.5371 90.82746505737305
2 0.379687 0.49375 0.0328125 0.0430556 0.603668 90.82746505737305
2 0.442578 0.477778 0.0289063 0.0416667 0.622553 90.82746505737305
2 0.33125 0.838889 0.084375 0.144444 0.677978 90.82746505737305
2 0.199219 0.808333 0.101562 0.138889 0.725843 90.82746505737305
2 0.315234 0.601389 0.0445312 0.0611111 0.728307 90.82746505737305
2 0.0742188 0.796528 0.128125 0.131944 0.766742 90.82746505737305
2 0.579687 0.554861 0.0375 0.0680556 0.778056 90.82746505737305
2 0.8625 0.917361 0.14375 0.165278 0.780116 90.82746505737305
2 0.833594 0.707639 0.0796875 0.109722 0.819817 90.82746505737305
