2 0.540625 0.43125 0.0234375 0.0430556 0.25859 108.38699340820312
2 0.119531 0.929167 0.132812 0.113889 0.273208 108.38699340820312
2 0.126953 0.8 0.113281 0.163889 0.319491 108.38699340820312
2 0.585156 0.45 0.0234375 0.0388889 0.35428 108.38699340820312
2 0.727344 0.942361 0.13125 0.115278 0.396444 108.38699340820312
2 0.360547 0.459722 0.0273438 0.0333333 0.405308 108.38699340820312
2 0.447266 0.457639 0.0304688 0.0347222 0.420638 108.38699340820312
2 0.427734 0.538194 0.0429688 0.0597222 0.428873 108.38699340820312
2 0.631641 0.466667 0.0257812 0.0333333 0.435863 108.38699340820312
2 0.290234 0.951389 0.117969 0.0972222 0.558591 108.38699340820312
2 0.06875 0.778472 0.0765625 0.129167 0.697632 108.38699340820312
2 0.349219 0.554861 0.040625 0.0569444 0.718266 108.38699340820312
2 0.394531 0.619444 0.0484375 0.0861111 0.744342 108.38699340820312
2 0.583203 0.559028 0.0414063 0.0680556 0.8145 108.38699340820312
