2 0.363281 0.466667 0.0265625 0.0388889 0.338382 430.4695129394531
2 0.548047 0.445139 0.0210938 0.0291667 0.383528 430.4695129394531
7 0.316016 0.493056 0.0570313 0.0944444 0.476961 430.4695129394531
2 0.389844 0.484028 0.03125 0.0486111 0.479795 430.4695129394531
7 0.365625 0.679861 0.0796875 0.168056 0.525727 430.4695129394531
2 0.691797 0.634722 0.0539063 0.0944444 0.665787 430.4695129394531
2 0.339063 0.565278 0.040625 0.0638889 0.672716 430.4695129394531
2 0.646094 0.473611 0.0375 0.0527778 0.674231 430.4695129394531
2 0.436328 0.503472 0.0335938 0.0486111 0.677692 430.4695129394531
2 0.743359 0.952083 0.114844 0.0930556 0.685452 430.4695129394531
2 0.206641 0.660417 0.0695312 0.0875 0.763991 430.4695129394531
2 0.785156 0.664583 0.065625 0.0875 0.77603 430.4695129394531
