2 0.429297 0.4625 0.0445312 0.0472222 0.252716 115.83185195922852
2 0.360547 0.4625 0.0273438 0.0388889 0.285539 115.83185195922852
2 0.456641 0.434722 0.0210938 0.0333333 0.318478 115.83185195922852
2 0.590625 0.4 0.034375 0.0527778 0.420121 115.83185195922852
2 0.435937 0.477083 0.03125 0.0513889 0.477636 115.83185195922852
2 0.378516 0.490278 0.0304688 0.0472222 0.609297 115.83185195922852
2 0.277734 0.557639 0.0445312 0.0680556 0.6692 115.83185195922852
2 0.106641 0.929167 0.150781 0.136111 0.719331 115.83185195922852
2 0.626172 0.697222 0.0601562 0.113889 0.725468 115.83185195922852
2 0.624609 0.515278 0.0351562 0.0472222 0.727187 115.83185195922852
2 0.307031 0.938194 0.109375 0.123611 0.727291 115.83185195922852
2 0.348047 0.564583 0.0429688 0.0569444 0.749592 115.83185195922852
