2 0.542188 0.436111 0.0234375 0.0388889 0.252338 121.55032157897949
2 0.366016 0.472222 0.0632813 0.0472222 0.403415 121.55032157897949
2 0.447266 0.454861 0.0335938 0.0402778 0.422228 121.55032157897949
2 0.349609 0.470833 0.0304688 0.0444444 0.557971 121.55032157897949
2 0.3875 0.483333 0.03125 0.0472222 0.58948 121.55032157897949
7 0.741797 0.684722 0.117969 0.252778 0.596268 121.55032157897949
2 0.656641 0.499306 0.0351562 0.0486111 0.666846 121.55032157897949
2 0.562109 0.517361 0.0367187 0.0541667 0.707697 121.55032157897949
2 0.347656 0.771528 0.0796875 0.134722 0.728592 121.55032157897949
2 0.154687 0.713194 0.101562 0.120833 0.731019 121.55032157897949
2 0.312891 0.609028 0.0507812 0.0708333 0.735994 121.55032157897949
2 0.164062 0.839583 0.134375 0.168056 0.760986 121.55032157897949
2 0.412891 0.584028 0.0414063 0.0736111 0.808028 121.55032157897949
