2 0.546094 0.44375 0.021875 0.0458333 0.268253 108.4129810333252
2 0.266016 0.639583 0.103906 0.123611 0.297337 108.4129810333252
2 0.194922 0.753472 0.122656 0.1875 0.323313 108.4129810333252
2 0.628125 0.4625 0.0265625 0.0388889 0.323538 108.4129810333252
7 0.289062 0.49375 0.0875 0.129167 0.361371 108.4129810333252
2 0.398047 0.469444 0.0351562 0.05 0.388574 108.4129810333252
2 0.176953 0.707639 0.116406 0.129167 0.395648 108.4129810333252
2 0.446094 0.465972 0.0296875 0.0402778 0.405884 108.4129810333252
2 0.844141 0.715972 0.0789063 0.101389 0.646401 108.4129810333252
2 0.631641 0.53125 0.0429688 0.0875 0.658613 108.4129810333252
2 0.151172 0.692361 0.0804688 0.0930556 0.68417 108.4129810333252
2 0.430078 0.534722 0.0382813 0.0583333 0.699704 108.4129810333252
2 0.364453 0.523611 0.0398437 0.0527778 0.703756 108.4129810333252
2 0.373437 0.685417 0.059375 0.0958333 0.729044 108.4129810333252
2 0.771875 0.834028 0.121875 0.204167 0.734125 108.4129810333252
