2 0.360156 0.463194 0.0234375 0.0347222 0.285941 109.4045639038086
2 0.464453 0.421528 0.0257812 0.0263889 0.288515 109.4045639038086
2 0.592578 0.475 0.0257812 0.0388889 0.335012 109.4045639038086
5 0.403516 0.391667 0.0398437 0.0694444 0.33807 109.4045639038086
7 0.696875 0.5 0.0515625 0.127778 0.377872 109.4045639038086
2 0.386328 0.484722 0.0304688 0.0416667 0.527858 109.4045639038086
7 0.679297 0.480556 0.0882813 0.161111 0.556119 109.4045639038086
2 0.433203 0.493056 0.0289063 0.0472222 0.629741 109.4045639038086
2 0.283984 0.543056 0.0367187 0.0555556 0.666098 109.4045639038086
2 0.655859 0.764583 0.0898438 0.181944 0.687885 109.4045639038086
2 0.335938 0.576389 0.04375 0.0694444 0.7508 109.4045639038086
2 0.709766 0.672917 0.0617188 0.104167 0.758018 109.4045639038086
2 0.386328 0.640278 0.0539063 0.0833333 0.759879 109.4045639038086
2 0.145313 0.718056 0.090625 0.105556 0.771231 109.4045639038086
2 0.219531 0.780556 0.1 0.130556 0.800876 109.4045639038086
