7 0.433984 0.395139 0.0335938 0.0625 0.258093 102.52261161804199
2 0.44375 0.472917 0.034375 0.0513889 0.258903 102.52261161804199
2 0.386328 0.4875 0.0304688 0.0388889 0.492678 102.52261161804199
2 0.326562 0.50625 0.034375 0.0486111 0.522737 102.52261161804199
2 0.440234 0.49375 0.0320312 0.0430556 0.551073 102.52261161804199
2 0.276953 0.553472 0.0398437 0.0541667 0.597566 102.52261161804199
2 0.596875 0.465972 0.0328125 0.0597222 0.628419 102.52261161804199
2 0.672266 0.514583 0.0335938 0.0513889 0.64928 102.52261161804199
2 0.401172 0.597222 0.0414063 0.0694444 0.756399 102.52261161804199
2 0.2625 0.713194 0.0828125 0.106944 0.766117 102.52261161804199
2 0.205469 0.646528 0.0671875 0.0819444 0.77332 102.52261161804199
