2 0.625781 0.452083 0.028125 0.0430556 0.453612 124.7708797454834
2 0.398047 0.460417 0.0304688 0.0402778 0.464482 124.7708797454834
7 0.294922 0.501389 0.0570313 0.130556 0.465639 124.7708797454834
2 0.433984 0.495833 0.0335938 0.0527778 0.466795 124.7708797454834
2 0.671484 0.516667 0.0351562 0.0527778 0.62389 124.7708797454834
2 0.626953 0.530556 0.0351562 0.0555556 0.693143 124.7708797454834
2 0.361328 0.527083 0.0320312 0.0541667 0.722297 124.7708797454834
7 0.0773437 0.756944 0.151562 0.388889 0.749102 124.7708797454834
2 0.282031 0.667361 0.0671875 0.0986111 0.762348 124.7708797454834
2 0.418359 0.578472 0.0414063 0.0625 0.784971 124.7708797454834
2 0.898828 0.786111 0.103906 0.15 0.798006 124.7708797454834
2 0.165234 0.904167 0.127344 0.172222 0.814245 124.7708797454834
2 0.329688 0.85 0.1 0.152778 0.862754 124.7708797454834
