2 0.358984 0.465972 0.0257812 0.0375 0.291813 122.07317352294922
2 0.416797 0.445833 0.0257812 0.0388889 0.329259 122.07317352294922
2 0.443359 0.464583 0.0257812 0.0375 0.568535 122.07317352294922
2 0.285547 0.54375 0.0429688 0.0597222 0.577822 122.07317352294922
2 0.671484 0.527083 0.0429688 0.0513889 0.63042 122.07317352294922
2 0.360547 0.788194 0.0835937 0.1375 0.699073 122.07317352294922
2 0.413281 0.573611 0.0421875 0.0611111 0.74462 122.07317352294922
2 0.228516 0.769444 0.0945313 0.116667 0.752705 122.07317352294922
2 0.336719 0.583333 0.046875 0.0666667 0.762507 122.07317352294922
5 0.0929687 0.746528 0.184375 0.379167 0.825769 122.07317352294922
