7 0.362109 0.432639 0.0460938 0.0819444 0.253229 132.67064094543457
2 0.378906 0.516667 0.05 0.0527778 0.284441 132.67064094543457
2 0.543359 0.436111 0.0210938 0.0277778 0.309577 132.67064094543457
2 0.454688 0.447222 0.0265625 0.0333333 0.423602 132.67064094543457
2 0.434375 0.502083 0.03125 0.0430556 0.59693 132.67064094543457
2 0.323828 0.504167 0.0335938 0.0472222 0.629993 132.67064094543457
2 0.556641 0.496528 0.0320312 0.0458333 0.673482 132.67064094543457
2 0.257031 0.717361 0.084375 0.109722 0.701083 132.67064094543457
2 0.0558594 0.924306 0.111719 0.151389 0.704673 132.67064094543457
2 0.332812 0.823611 0.0953125 0.158333 0.720383 132.67064094543457
2 0.653125 0.568056 0.0421875 0.0638889 0.726633 132.67064094543457
2 0.391406 0.649306 0.0609375 0.0763889 0.77601 132.67064094543457
