2 0.459766 0.414583 0.0257812 0.0402778 0.261882 112.05768585205078
2 0.413672 0.441667 0.0289063 0.0416667 0.276981 112.05768585205078
2 0.618359 0.685417 0.0601562 0.118056 0.393939 112.05768585205078
2 0.283984 0.547917 0.0414063 0.0625 0.533905 112.05768585205078
2 0.984766 0.918056 0.0289063 0.133333 0.566601 112.05768585205078
2 0.435547 0.497222 0.0320312 0.0555556 0.605039 112.05768585205078
2 0.717188 0.577778 0.053125 0.0777778 0.644386 112.05768585205078
2 0.310547 0.604167 0.0585938 0.0833333 0.656505 112.05768585205078
2 0.36875 0.513889 0.0359375 0.05 0.682417 112.05768585205078
2 0.0375 0.868056 0.075 0.152778 0.736568 112.05768585205078
2 0.405078 0.583333 0.0414063 0.0694444 0.765917 112.05768585205078
2 0.175 0.870139 0.115625 0.159722 0.812844 112.05768585205078
