2 0.458203 0.419444 0.0242187 0.0333333 0.34487 111.86909675598145
2 0.591797 0.406944 0.0210938 0.0388889 0.403108 111.86909675598145
2 0.343359 0.486806 0.0335938 0.0597222 0.413509 111.86909675598145
2 0.38125 0.497917 0.034375 0.0458333 0.523947 111.86909675598145
5 0.0820312 0.843056 0.164062 0.313889 0.599652 111.86909675598145
2 0.253125 0.590972 0.0421875 0.0652778 0.632932 111.86909675598145
2 0.417969 0.544444 0.0375 0.0472222 0.705582 111.86909675598145
2 0.741016 0.60625 0.0601562 0.0847222 0.732554 111.86909675598145
2 0.312109 0.602083 0.0507812 0.0680556 0.73432 111.86909675598145
2 0.325 0.831944 0.09375 0.141667 0.738255 111.86909675598145
