2 0.464063 0.411111 0.0234375 0.0305556 0.252808 111.4206314086914
2 0.401172 0.46875 0.0257812 0.0375 0.343178 111.4206314086914
2 0.606641 0.49375 0.0351562 0.0680556 0.501008 111.4206314086914
2 0.807422 0.6625 0.0851562 0.130556 0.561812 111.4206314086914
2 0.3 0.525 0.040625 0.0583333 0.582764 111.4206314086914
2 0.425391 0.536806 0.0351562 0.0541667 0.626725 111.4206314086914
2 0.666406 0.520139 0.0375 0.0513889 0.652798 111.4206314086914
2 0.373437 0.695139 0.059375 0.101389 0.750745 111.4206314086914
2 0.357031 0.548611 0.0375 0.0527778 0.762614 111.4206314086914
2 0.782031 0.797917 0.104687 0.1625 0.808002 111.4206314086914
2 0.178906 0.893056 0.123438 0.158333 0.844396 111.4206314086914
