2 0.396094 0.423611 0.0265625 0.0333333 0.256869 179.87370491027832
5 0.430078 0.393056 0.0398437 0.0694444 0.303044 179.87370491027832
2 0.644922 0.483333 0.0335938 0.0472222 0.477185 179.87370491027832
2 0.451953 0.465972 0.0273438 0.0402778 0.494232 179.87370491027832
2 0.376172 0.504167 0.0320312 0.0444444 0.497348 179.87370491027832
2 0.582812 0.439583 0.03125 0.0541667 0.558118 179.87370491027832
2 0.308594 0.525 0.0390625 0.0527778 0.614627 179.87370491027832
2 0.255078 0.578472 0.0429688 0.0625 0.642332 179.87370491027832
2 0.435547 0.509028 0.0351562 0.0513889 0.668926 179.87370491027832
2 0.877734 0.936806 0.142969 0.126389 0.757873 179.87370491027832
2 0.171094 0.691667 0.0796875 0.0972222 0.767645 179.87370491027832
2 0.388281 0.638194 0.046875 0.0791667 0.774018 179.87370491027832
2 0.900391 0.803472 0.125781 0.154167 0.841479 179.87370491027832
2 0.209375 0.806944 0.107813 0.130556 0.882615 179.87370491027832
