7 0.431641 0.39375 0.0382813 0.0680556 0.31618 130.7997703552246
2 0.454297 0.460417 0.0226563 0.0402778 0.401689 130.7997703552246
2 0.585547 0.446528 0.0304688 0.0486111 0.507175 130.7997703552246
2 0.379297 0.496528 0.0289063 0.0402778 0.50881 130.7997703552246
2 0.314453 0.515278 0.0367187 0.0444444 0.562667 130.7997703552246
2 0.260938 0.570833 0.0421875 0.0583333 0.584068 130.7997703552246
2 0.437109 0.504861 0.0351562 0.0486111 0.590603 130.7997703552246
2 0.651953 0.492361 0.0289063 0.0430556 0.594341 130.7997703552246
2 0.18125 0.675694 0.078125 0.0930556 0.757061 130.7997703552246
2 0.392578 0.626389 0.0460938 0.0805556 0.760129 130.7997703552246
2 0.229687 0.775 0.0984375 0.125 0.818282 130.7997703552246
2 0.939844 0.865278 0.11875 0.183333 0.885822 130.7997703552246
