2 0.416406 0.445139 0.025 0.0513889 0.307861 105.46040534973145
2 0.464063 0.411806 0.01875 0.0263889 0.361995 105.46040534973145
2 0.386328 0.481944 0.0320312 0.0444444 0.381283 105.46040534973145
2 0.452344 0.475 0.028125 0.0388889 0.47461 105.46040534973145
2 0.344922 0.480556 0.0335938 0.0555556 0.482934 105.46040534973145
2 0.289844 0.875694 0.164062 0.2375 0.62443 105.46040534973145
2 0.264453 0.590278 0.0523437 0.0638889 0.646432 105.46040534973145
2 0.790625 0.654861 0.0765625 0.1125 0.751412 105.46040534973145
2 0.390625 0.686806 0.0546875 0.0902778 0.767824 105.46040534973145
2 0.298828 0.659722 0.0648438 0.0944444 0.787269 105.46040534973145
