2 0.542578 0.447917 0.0257812 0.0347222 0.283206 118.44563484191895
2 0.453125 0.450694 0.0296875 0.0402778 0.350553 118.44563484191895
2 0.628125 0.458333 0.028125 0.0361111 0.461083 118.44563484191895
2 0.344141 0.477778 0.0382813 0.0444444 0.496333 118.44563484191895
7 0.695703 0.5125 0.103906 0.180556 0.610783 118.44563484191895
2 0.0425781 0.875694 0.0851562 0.151389 0.628247 118.44563484191895
2 0.428125 0.530556 0.0375 0.0611111 0.697165 118.44563484191895
2 0.391797 0.627778 0.0523437 0.0916667 0.725727 118.44563484191895
2 0.192578 0.821528 0.119531 0.1625 0.726592 118.44563484191895
2 0.576953 0.529861 0.0335938 0.0652778 0.747277 118.44563484191895
