2 0.884766 0.782639 0.0601562 0.104167 0.254549 148.5762596130371
2 0.543359 0.431944 0.0257812 0.0416667 0.397558 148.5762596130371
2 0.335547 0.83125 0.0960938 0.179167 0.465398 148.5762596130371
2 0.639063 0.756944 0.078125 0.158333 0.517085 148.5762596130371
2 0.436719 0.5 0.0328125 0.05 0.569325 148.5762596130371
2 0.283203 0.542361 0.0382813 0.0597222 0.662263 148.5762596130371
5 0.618359 0.428472 0.0523437 0.101389 0.684593 148.5762596130371
2 0.710156 0.56875 0.0484375 0.0708333 0.736842 148.5762596130371
2 0.396875 0.627083 0.0484375 0.0791667 0.761083 148.5762596130371
2 0.579687 0.547917 0.0421875 0.0652778 0.793556 148.5762596130371
2 0.788672 0.797222 0.107031 0.175 0.80373 148.5762596130371
2 0.908203 0.803472 0.111719 0.151389 0.822197 148.5762596130371
