2 0.541406 0.44375 0.0234375 0.0319444 0.268697 110.41116714477539
2 0.391406 0.469444 0.0421875 0.075 0.365789 110.41116714477539
2 0.451953 0.453472 0.0289063 0.0402778 0.440207 110.41116714477539
2 0.622656 0.45 0.0265625 0.0361111 0.498397 110.41116714477539
2 0.338672 0.482639 0.0367187 0.0486111 0.525486 110.41116714477539
7 0.689062 0.5 0.090625 0.163889 0.61106 110.41116714477539
2 0.424609 0.535417 0.0367187 0.0597222 0.700864 110.41116714477539
2 0.0277344 0.894444 0.0554687 0.119444 0.719121 110.41116714477539
2 0.389453 0.640278 0.0539063 0.0972222 0.733209 110.41116714477539
2 0.571484 0.513889 0.0351562 0.0638889 0.776905 110.41116714477539
2 0.170312 0.863889 0.126563 0.175 0.808251 110.41116714477539
