2 0.608594 0.44375 0.0234375 0.0319444 0.404287 112.88046836853027
2 0.404687 0.460417 0.021875 0.0375 0.409417 112.88046836853027
2 0.453125 0.448611 0.0265625 0.0388889 0.46683 112.88046836853027
2 0.387109 0.488889 0.0273438 0.0361111 0.589766 112.88046836853027
2 0.319141 0.51875 0.0382813 0.0458333 0.631982 112.88046836853027
2 0.364453 0.771528 0.0773437 0.131944 0.659294 112.88046836853027
2 0.433984 0.513889 0.0382813 0.0583333 0.711955 112.88046836853027
2 0.655078 0.777083 0.0867188 0.1625 0.745402 112.88046836853027
2 0.639844 0.53125 0.0375 0.0541667 0.763009 112.88046836853027
2 0.160938 0.706944 0.090625 0.102778 0.819311 112.88046836853027
