2 0.458984 0.429861 0.0273438 0.0347222 0.304791 114.06064033508301
2 0.348437 0.471528 0.0265625 0.0375 0.326489 114.06064033508301
2 0.376563 0.503472 0.0296875 0.0430556 0.452888 114.06064033508301
5 0.64375 0.440972 0.0671875 0.123611 0.54108 114.06064033508301
2 0.592578 0.590278 0.0460938 0.0861111 0.601551 114.06064033508301
2 0.814844 0.882639 0.117188 0.193056 0.63421 114.06064033508301
2 0.423438 0.519444 0.0375 0.05 0.679174 114.06064033508301
2 0.3125 0.620139 0.0546875 0.0763889 0.717498 114.06064033508301
2 0.647656 0.5625 0.0421875 0.0638889 0.722526 114.06064033508301
2 0.2625 0.564583 0.04375 0.0597222 0.733001 114.06064033508301
2 0.0597656 0.825694 0.119531 0.1375 0.744703 114.06064033508301
2 0.365234 0.711111 0.0679687 0.108333 0.770224 114.06064033508301
2 0.130469 0.916667 0.151562 0.161111 0.853674 114.06064033508301
