2 0.414453 0.497222 0.0429688 0.0694444 0.262099 107.09953308105469
2 0.555469 0.381944 0.0203125 0.0305556 0.272359 107.09953308105469
2 0.628516 0.456944 0.0242187 0.0444444 0.396306 107.09953308105469
2 0.401563 0.4625 0.025 0.0361111 0.467786 107.09953308105469
2 0.292969 0.5375 0.0359375 0.05 0.683359 107.09953308105469
2 0.339453 0.565278 0.0414063 0.0611111 0.703492 107.09953308105469
2 0.583594 0.590972 0.040625 0.0708333 0.706573 107.09953308105469
2 0.422656 0.519444 0.0375 0.0472222 0.726496 107.09953308105469
2 0.38125 0.664583 0.0609375 0.0902778 0.751628 107.09953308105469
2 0.130859 0.719444 0.105469 0.116667 0.813205 107.09953308105469
2 0.264453 0.696528 0.0742188 0.101389 0.831671 107.09953308105469
