2 0.405859 0.449306 0.0242187 0.0402778 0.266973 124.04108047485352
2 0.455469 0.4375 0.0234375 0.0361111 0.274193 124.04108047485352
2 0.426953 0.467361 0.0507812 0.0513889 0.277873 124.04108047485352
2 0.355859 0.46875 0.0273438 0.0402778 0.345625 124.04108047485352
2 0.588672 0.395139 0.0257812 0.0486111 0.347274 124.04108047485352
2 0.375 0.494444 0.0328125 0.0527778 0.431979 124.04108047485352
2 0.290234 0.972917 0.110156 0.0541667 0.519112 124.04108047485352
2 0.435156 0.484722 0.0328125 0.05 0.624748 124.04108047485352
2 0.0722656 0.952778 0.144531 0.0944444 0.657857 124.04108047485352
2 0.610547 0.490278 0.0320312 0.0444444 0.665684 124.04108047485352
2 0.267188 0.570833 0.05 0.0666667 0.701861 124.04108047485352
2 0.599609 0.619444 0.0492188 0.0833333 0.723696 124.04108047485352
2 0.341797 0.575694 0.0460938 0.0652778 0.773133 124.04108047485352
