2 0.451562 0.451389 0.028125 0.0361111 0.434678 108.40702056884766
2 0.584375 0.455556 0.0328125 0.0444444 0.542239 108.40702056884766
2 0.373437 0.506944 0.0359375 0.05 0.652884 108.40702056884766
2 0.430859 0.525694 0.0351562 0.0486111 0.675216 108.40702056884766
2 0.0390625 0.895833 0.078125 0.158333 0.714623 108.40702056884766
2 0.285547 0.557639 0.0476562 0.0652778 0.715597 108.40702056884766
2 0.303516 0.910417 0.100781 0.170833 0.721083 108.40702056884766
2 0.617969 0.680556 0.0609375 0.111111 0.772662 108.40702056884766
2 0.290234 0.672917 0.0742188 0.106944 0.774358 108.40702056884766
2 0.802734 0.848611 0.122656 0.205556 0.811324 108.40702056884766
5 0.78125 0.579167 0.179688 0.316667 0.883171 108.40702056884766
