2 0.422266 0.431944 0.0335938 0.0444444 0.269103 117.06233024597168
2 0.451562 0.443056 0.0265625 0.0388889 0.330692 117.06233024597168
2 0.539844 0.401389 0.0296875 0.0472222 0.338695 117.06233024597168
2 0.389453 0.470139 0.0304688 0.0430556 0.370649 117.06233024597168
2 0.580469 0.4375 0.0265625 0.0527778 0.437236 117.06233024597168
2 0.284766 0.955556 0.116406 0.0888889 0.592111 117.06233024597168
2 0.558594 0.489583 0.0296875 0.0430556 0.607984 117.06233024597168
2 0.257031 0.5875 0.0359375 0.0583333 0.613558 117.06233024597168
2 0.0222656 0.907639 0.0445312 0.115278 0.641625 117.06233024597168
2 0.435937 0.502778 0.034375 0.05 0.710693 117.06233024597168
2 0.732031 0.591667 0.0484375 0.0777778 0.724871 117.06233024597168
2 0.2875 0.652083 0.0546875 0.0763889 0.728868 117.06233024597168
2 0.944922 0.876389 0.108594 0.194444 0.76232 117.06233024597168
2 0.366406 0.515278 0.0390625 0.0527778 0.766206 117.06233024597168
2 0.108984 0.9375 0.139844 0.125 0.775326 117.06233024597168
2 0.696094 0.661111 0.0578125 0.0888889 0.78136 117.06233024597168
