2 0.349219 0.477778 0.0296875 0.0388889 0.344744 412.4298095703125
2 0.441406 0.454861 0.04375 0.0597222 0.373262 412.4298095703125
2 0.620703 0.445139 0.0289063 0.0402778 0.495013 412.4298095703125
5 0.294141 0.513194 0.0664062 0.109722 0.509402 412.4298095703125
7 0.328125 0.790972 0.110937 0.209722 0.542183 412.4298095703125
2 0.378516 0.504861 0.0320312 0.0486111 0.570561 412.4298095703125
2 0.629297 0.527083 0.0367187 0.0597222 0.699011 412.4298095703125
2 0.703906 0.561806 0.040625 0.0597222 0.710626 412.4298095703125
2 0.611328 0.645139 0.0632813 0.131944 0.711029 412.4298095703125
2 0.428125 0.531944 0.0328125 0.0555556 0.771462 412.4298095703125
2 0.317578 0.604861 0.0492188 0.0736111 0.796798 412.4298095703125
2 0.144531 0.7375 0.101562 0.119444 0.812073 412.4298095703125
2 0.954297 0.893056 0.0914062 0.186111 0.841693 412.4298095703125
