2 0.453906 0.436806 0.021875 0.0208333 0.269435 95.92175483703613
2 0.623828 0.465972 0.0242187 0.0291667 0.282103 95.92175483703613
2 0.359375 0.470833 0.0265625 0.0416667 0.28932 95.92175483703613
2 0.383984 0.497222 0.0335938 0.0416667 0.490467 95.92175483703613
2 0.258203 0.575 0.0507812 0.075 0.508517 95.92175483703613
2 0.955078 0.847222 0.0882813 0.247222 0.5373 95.92175483703613
2 0.690234 0.530556 0.0460938 0.0694444 0.661458 95.92175483703613
2 0.64375 0.5625 0.0421875 0.0611111 0.66525 95.92175483703613
2 0.311719 0.915278 0.10625 0.166667 0.71514 95.92175483703613
2 0.409375 0.59375 0.0421875 0.0708333 0.752671 95.92175483703613
2 0.617578 0.682639 0.0617188 0.104167 0.768191 95.92175483703613
2 0.324609 0.603472 0.0460938 0.0680556 0.814035 95.92175483703613
