2 0.367969 0.45625 0.0234375 0.0347222 0.272555 115.06175994873047
2 0.534766 0.415972 0.0257812 0.0319444 0.359546 115.06175994873047
2 0.297266 0.534722 0.0398437 0.0527778 0.396857 115.06175994873047
2 0.579297 0.450694 0.0226563 0.0347222 0.430997 115.06175994873047
2 0.449609 0.459722 0.0320312 0.0416667 0.453173 115.06175994873047
2 0.389453 0.49375 0.0304688 0.0375 0.574802 115.06175994873047
2 0.779688 0.656944 0.0734375 0.0944444 0.732779 115.06175994873047
2 0.428516 0.556944 0.0429688 0.0583333 0.735962 115.06175994873047
2 0.347266 0.827083 0.0898438 0.145833 0.74219 115.06175994873047
2 0.619141 0.506944 0.0351562 0.0555556 0.757103 115.06175994873047
2 0.767578 0.793056 0.0992187 0.147222 0.771505 115.06175994873047
2 0.264062 0.690972 0.075 0.104167 0.788278 115.06175994873047
