2 0.4 0.471528 0.03125 0.0458333 0.306913 104.522705078125
2 0.348047 0.472917 0.0289063 0.0375 0.323281 104.522705078125
2 0.569531 0.429167 0.0234375 0.0416667 0.408061 104.522705078125
2 0.448047 0.464583 0.0257812 0.0402778 0.510216 104.522705078125
2 0.358203 0.534722 0.0367187 0.0611111 0.670822 104.522705078125
2 0.575391 0.545833 0.0351562 0.0555556 0.72284 104.522705078125
2 0.251953 0.597917 0.0570313 0.0763889 0.765 104.522705078125
5 0.694922 0.499306 0.105469 0.209722 0.777327 104.522705078125
2 0.421094 0.561111 0.0359375 0.0638889 0.77736 104.522705078125
2 0.844141 0.852083 0.130469 0.206944 0.78749 104.522705078125
2 0.229297 0.786111 0.107031 0.152778 0.811527 104.522705078125
2 0.666797 0.61875 0.0664062 0.0902778 0.821372 104.522705078125
