2 0.376953 0.443056 0.0226563 0.0277778 0.276359 121.08850479125977
2 0.457422 0.436111 0.0179687 0.0305556 0.29706 121.08850479125977
2 0.545703 0.451389 0.0257812 0.0333333 0.509495 121.08850479125977
2 0.391797 0.480556 0.0289063 0.0388889 0.522404 121.08850479125977
5 0.897656 0.733333 0.2 0.497222 0.565866 121.08850479125977
2 0.316016 0.517361 0.0382813 0.0458333 0.575754 121.08850479125977
2 0.439844 0.491667 0.0296875 0.0444444 0.596706 121.08850479125977
2 0.612109 0.509028 0.0367187 0.0569444 0.723648 121.08850479125977
2 0.336328 0.593056 0.0492188 0.0777778 0.753336 121.08850479125977
2 0.3625 0.73125 0.0671875 0.101389 0.806324 121.08850479125977
2 0.126953 0.747917 0.100781 0.126389 0.813692 121.08850479125977
