2 0.56875 0.420139 0.021875 0.0263889 0.262331 377.9566287994385
2 0.453516 0.454861 0.0242187 0.0347222 0.263349 377.9566287994385
2 0.546484 0.444444 0.0179687 0.0305556 0.28793 377.9566287994385
7 0.352344 0.455556 0.04375 0.0805556 0.301444 377.9566287994385
2 0.409375 0.447222 0.0296875 0.0416667 0.332675 377.9566287994385
2 0.376563 0.502083 0.0296875 0.0402778 0.549911 377.9566287994385
2 0.785547 0.634028 0.0789063 0.126389 0.558902 377.9566287994385
2 0.413672 0.548611 0.0539063 0.1 0.620389 377.9566287994385
2 0.291406 0.554861 0.040625 0.0597222 0.660503 377.9566287994385
2 0.603906 0.605556 0.0484375 0.075 0.741635 377.9566287994385
2 0.217187 0.7625 0.0859375 0.108333 0.827101 377.9566287994385
