2 0.447266 0.475 0.0273438 0.0361111 0.39209 384.4270706176758
2 0.541016 0.430556 0.0210938 0.0333333 0.406768 384.4270706176758
2 0.421484 0.527083 0.0476562 0.101389 0.449575 384.4270706176758
2 0.297266 0.541667 0.0367187 0.0527778 0.504619 384.4270706176758
2 0.389453 0.486806 0.0320312 0.0402778 0.538668 384.4270706176758
5 0.194531 0.617361 0.110937 0.173611 0.582291 384.4270706176758
2 0.670703 0.516667 0.0367187 0.0472222 0.595968 384.4270706176758
2 0.33125 0.589583 0.046875 0.0736111 0.723432 384.4270706176758
2 0.388672 0.670139 0.0585938 0.0902778 0.772704 384.4270706176758
2 0.959375 0.89375 0.08125 0.201389 0.777748 384.4270706176758
2 0.202734 0.809028 0.0992187 0.134722 0.811413 384.4270706176758
