2 0.931641 0.845139 0.0585938 0.104167 0.310505 146.8362808227539
2 0.545703 0.436806 0.0257812 0.0291667 0.372283 146.8362808227539
5 0.662891 0.826389 0.0882813 0.188889 0.495998 146.8362808227539
2 0.437891 0.491667 0.0304688 0.0472222 0.556665 146.8362808227539
2 0.342969 0.802083 0.0953125 0.168056 0.582733 146.8362808227539
5 0.623047 0.431944 0.0570313 0.105556 0.601722 146.8362808227539
2 0.289844 0.534722 0.0375 0.0583333 0.657113 146.8362808227539
2 0.951563 0.871528 0.0953125 0.1625 0.662824 146.8362808227539
2 0.725781 0.590972 0.053125 0.0791667 0.716603 146.8362808227539
2 0.583594 0.565278 0.04375 0.0694444 0.763197 146.8362808227539
2 0.401172 0.615972 0.0476562 0.0763889 0.779449 146.8362808227539
2 0.839063 0.881944 0.135937 0.211111 0.849247 146.8362808227539
