2 0.414453 0.489583 0.0398437 0.0652778 0.255253 118.31068992614746
2 0.367578 0.456944 0.0226563 0.0361111 0.325666 118.31068992614746
2 0.453516 0.429861 0.0195312 0.0375 0.348598 118.31068992614746
2 0.402734 0.4625 0.0257812 0.0416667 0.40055 118.31068992614746
2 0.719141 0.930556 0.139844 0.138889 0.426357 118.31068992614746
7 0.619922 0.433333 0.0460938 0.0777778 0.485595 118.31068992614746
2 0.344141 0.804861 0.100781 0.193056 0.612136 118.31068992614746
2 0.422266 0.516667 0.0351562 0.05 0.619672 118.31068992614746
2 0.233203 0.620139 0.0601562 0.0736111 0.645369 118.31068992614746
2 0.25625 0.713194 0.08125 0.115278 0.752618 118.31068992614746
2 0.810938 0.682639 0.06875 0.0986111 0.798793 118.31068992614746
2 0.394141 0.6 0.0445312 0.0666667 0.81156 118.31068992614746
