2 0.589453 0.454861 0.0273438 0.0347222 0.360038 125.02861022949219
2 0.447656 0.455556 0.0328125 0.0388889 0.397632 125.02861022949219
2 0.364453 0.457639 0.0289063 0.0375 0.428207 125.02861022949219
2 0.428516 0.53125 0.0429688 0.0625 0.440371 125.02861022949219
2 0.149609 0.779861 0.100781 0.168056 0.449755 125.02861022949219
2 0.636328 0.470139 0.0304688 0.0347222 0.468551 125.02861022949219
2 0.353125 0.55 0.0390625 0.0555556 0.635774 125.02861022949219
2 0.293359 0.940972 0.122656 0.118056 0.655339 125.02861022949219
2 0.0890625 0.754167 0.078125 0.130556 0.743065 125.02861022949219
2 0.397656 0.613194 0.046875 0.0819444 0.779186 125.02861022949219
2 0.589453 0.577083 0.0445312 0.0597222 0.819124 125.02861022949219
