2 0.531641 0.4125 0.0210938 0.0388889 0.268013 110.69726943969727
2 0.448828 0.44375 0.0257812 0.0402778 0.295879 110.69726943969727
2 0.367578 0.452778 0.0226563 0.0361111 0.314093 110.69726943969727
7 0.601172 0.464583 0.0382813 0.0819444 0.385607 110.69726943969727
2 0.397656 0.471528 0.0296875 0.0375 0.413154 110.69726943969727
2 0.432813 0.502083 0.0359375 0.0458333 0.629721 110.69726943969727
2 0.371875 0.721528 0.065625 0.115278 0.740926 110.69726943969727
2 0.360938 0.536806 0.034375 0.0541667 0.741428 110.69726943969727
2 0.305078 0.520139 0.0382813 0.0513889 0.741937 110.69726943969727
2 0.219141 0.76875 0.0960938 0.115278 0.812315 110.69726943969727
