2 0.364062 0.495139 0.05 0.0513889 0.285307 110.41402816772461
7 0.395703 0.400694 0.0429688 0.0791667 0.286418 110.41402816772461
2 0.458984 0.433333 0.0273438 0.0333333 0.313048 110.41402816772461
2 0.344531 0.475 0.025 0.0388889 0.394425 110.41402816772461
5 0.640625 0.439583 0.0609375 0.118056 0.415457 110.41402816772461
2 0.371875 0.50625 0.0328125 0.0458333 0.537233 110.41402816772461
2 0.638281 0.550694 0.0359375 0.0625 0.665029 110.41402816772461
2 0.421094 0.524306 0.034375 0.0486111 0.708043 110.41402816772461
2 0.356641 0.73125 0.0757812 0.106944 0.709782 110.41402816772461
2 0.584766 0.567361 0.0460938 0.0791667 0.72196 110.41402816772461
2 0.112109 0.940278 0.150781 0.119444 0.72817 110.41402816772461
2 0.302734 0.631944 0.0570313 0.0777778 0.732037 110.41402816772461
2 0.255078 0.577083 0.0429688 0.0625 0.748284 110.41402816772461
2 0.0476562 0.853472 0.0953125 0.143056 0.775835 110.41402816772461
2 0.770703 0.8 0.0960938 0.15 0.787027 110.41402816772461
