7 0.61875 0.423611 0.05 0.0888889 0.359156 122.43866920471191
5 0.383203 0.409722 0.0398437 0.0805556 0.382157 122.43866920471191
2 0.455859 0.447222 0.0242187 0.0361111 0.400368 122.43866920471191
2 0.329297 0.497222 0.0273438 0.0416667 0.431583 122.43866920471191
2 0.314453 0.873611 0.107031 0.158333 0.490036 122.43866920471191
2 0.601953 0.484028 0.0273438 0.0402778 0.561994 122.43866920471191
2 0.655859 0.774306 0.0851562 0.1875 0.565728 122.43866920471191
2 0.557422 0.490278 0.0320312 0.0527778 0.644521 122.43866920471191
2 0.355469 0.533333 0.0328125 0.05 0.669418 122.43866920471191
2 0.218359 0.61875 0.0554687 0.0736111 0.694356 122.43866920471191
2 0.409375 0.561806 0.04375 0.0625 0.771029 122.43866920471191
2 0.657422 0.595139 0.0460938 0.0680556 0.784674 122.43866920471191
2 0.254687 0.717361 0.08125 0.104167 0.790327 122.43866920471191
