2 0.397266 0.470139 0.0273438 0.0402778 0.299744 351.03297233581543
2 0.452734 0.459722 0.0226563 0.0361111 0.303752 351.03297233581543
2 0.578906 0.439583 0.025 0.0291667 0.322857 351.03297233581543
7 0.233203 0.575694 0.0898438 0.145833 0.495452 351.03297233581543
2 0.428125 0.499306 0.0375 0.0819444 0.504146 351.03297233581543
2 0.315625 0.520833 0.0359375 0.0472222 0.517633 351.03297233581543
2 0.550781 0.463194 0.025 0.0486111 0.528405 351.03297233581543
2 0.710156 0.565972 0.046875 0.0625 0.734604 351.03297233581543
2 0.346875 0.561111 0.0421875 0.0611111 0.743507 351.03297233581543
2 0.403125 0.615278 0.0484375 0.075 0.789101 351.03297233581543
2 0.248047 0.723611 0.0773437 0.108333 0.796155 351.03297233581543
