2 0.561719 0.418056 0.0265625 0.0305556 0.307565 126.01661682128906
2 0.431641 0.413889 0.0210938 0.0361111 0.316005 126.01661682128906
2 0.583594 0.445139 0.025 0.0347222 0.396102 126.01661682128906
2 0.442969 0.48125 0.03125 0.0402778 0.491673 126.01661682128906
2 0.677344 0.525 0.03125 0.0472222 0.605531 126.01661682128906
2 0.248828 0.590972 0.0492188 0.0652778 0.621892 126.01661682128906
2 0.367188 0.532639 0.040625 0.0513889 0.707596 126.01661682128906
2 0.410156 0.629861 0.0484375 0.0791667 0.794272 126.01661682128906
2 0.634766 0.554167 0.0398437 0.0611111 0.800857 126.01661682128906
2 0.157422 0.877778 0.130469 0.175 0.832443 126.01661682128906
