2 0.395703 0.475 0.0289063 0.0388889 0.303256 116.05620384216309
2 0.452344 0.445833 0.025 0.0333333 0.312023 116.05620384216309
2 0.540234 0.429167 0.0242187 0.0388889 0.32094 116.05620384216309
2 0.621875 0.451389 0.0328125 0.0472222 0.34768 116.05620384216309
2 0.590234 0.452778 0.0273438 0.0444444 0.498248 116.05620384216309
2 0.299219 0.927778 0.129688 0.144444 0.583564 116.05620384216309
2 0.367969 0.525694 0.0390625 0.0569444 0.601692 116.05620384216309
2 0.442187 0.493056 0.028125 0.0444444 0.616146 116.05620384216309
2 0.282031 0.551389 0.0484375 0.0722222 0.616736 116.05620384216309
2 0.652344 0.564583 0.04375 0.0652778 0.740187 116.05620384216309
2 0.608203 0.615278 0.0476562 0.0805556 0.750303 116.05620384216309
2 0.387891 0.679861 0.0539063 0.0902778 0.750965 116.05620384216309
2 0.761328 0.626389 0.0664062 0.0888889 0.762679 116.05620384216309
