2 0.694141 0.595139 0.0585938 0.0930556 0.289075 105.41486740112305
2 0.404687 0.452083 0.0265625 0.0375 0.344418 105.41486740112305
2 0.548437 0.454167 0.021875 0.0388889 0.348986 105.41486740112305
2 0.437109 0.483333 0.0320312 0.0472222 0.367273 105.41486740112305
2 0.592578 0.419444 0.0257812 0.0277778 0.37763 105.41486740112305
7 0.313672 0.484722 0.0539063 0.125 0.397513 105.41486740112305
2 0.647656 0.476389 0.0375 0.0527778 0.556824 105.41486740112305
2 0.373047 0.509722 0.0320312 0.05 0.628081 105.41486740112305
2 0.715234 0.567361 0.0492188 0.0819444 0.650711 105.41486740112305
5 0.10625 0.738194 0.210938 0.459722 0.657999 105.41486740112305
2 0.311719 0.620833 0.053125 0.0861111 0.697778 105.41486740112305
2 0.428125 0.546528 0.0359375 0.0541667 0.717767 105.41486740112305
2 0.676172 0.620833 0.0523437 0.0833333 0.782208 105.41486740112305
2 0.361328 0.742361 0.0757812 0.118056 0.793477 105.41486740112305
2 0.231641 0.777083 0.0960938 0.123611 0.826385 105.41486740112305
