2 0.544141 0.447917 0.0257812 0.0319444 0.268615 96.10939025878906
2 0.354297 0.51875 0.0648438 0.0875 0.295862 96.10939025878906
2 0.605469 0.490278 0.0296875 0.0416667 0.422286 96.10939025878906
2 0.447656 0.461806 0.0328125 0.0375 0.490371 96.10939025878906
5 0.718359 0.911806 0.133594 0.173611 0.613833 96.10939025878906
2 0.424609 0.533333 0.0351562 0.0527778 0.65762 96.10939025878906
2 0.277734 0.948611 0.130469 0.102778 0.683226 96.10939025878906
2 0.300391 0.529861 0.0382813 0.0513889 0.727038 96.10939025878906
2 0.366406 0.730556 0.0734375 0.105556 0.757011 96.10939025878906
2 0.8625 0.748611 0.103125 0.136111 0.823648 96.10939025878906
2 0.164062 0.895139 0.134375 0.173611 0.828485 96.10939025878906
