2 0.378516 0.448611 0.0210938 0.0333333 0.329835 97.3043441772461
2 0.579297 0.4375 0.0226563 0.0305556 0.370396 97.3043441772461
2 0.540625 0.438889 0.0203125 0.0388889 0.402831 97.3043441772461
2 0.411719 0.442361 0.034375 0.0430556 0.462372 97.3043441772461
2 0.451172 0.449306 0.0273438 0.0458333 0.580571 97.3043441772461
2 0.749609 0.961806 0.108594 0.0763889 0.58603 97.3043441772461
2 0.168359 0.683333 0.0835937 0.1 0.777061 97.3043441772461
2 0.348828 0.559722 0.0367187 0.0555556 0.787099 97.3043441772461
2 0.832422 0.723611 0.0929687 0.119444 0.798458 97.3043441772461
2 0.598437 0.581944 0.0453125 0.0722222 0.801508 97.3043441772461
2 0.417969 0.576389 0.040625 0.0611111 0.810503 97.3043441772461
