2 0.366797 0.460417 0.0242187 0.0375 0.253523 98.29068183898926
2 0.534766 0.413194 0.0273438 0.0291667 0.320235 98.29068183898926
2 0.578125 0.446528 0.0234375 0.0347222 0.461422 98.29068183898926
2 0.449609 0.4625 0.0304688 0.0416667 0.497212 98.29068183898926
2 0.291406 0.545139 0.0390625 0.0486111 0.547125 98.29068183898926
2 0.386719 0.5 0.034375 0.0388889 0.582039 98.29068183898926
2 0.426172 0.563194 0.0429688 0.0597222 0.705465 98.29068183898926
2 0.764063 0.634722 0.0640625 0.0916667 0.706846 98.29068183898926
2 0.613281 0.498611 0.03125 0.05 0.721379 98.29068183898926
2 0.339063 0.847222 0.096875 0.155556 0.739691 98.29068183898926
2 0.74375 0.747917 0.0890625 0.129167 0.768947 98.29068183898926
2 0.254687 0.709722 0.08125 0.102778 0.773492 98.29068183898926
