2 0.581641 0.446528 0.0210938 0.0347222 0.275796 95.77822685241699
2 0.416406 0.44375 0.0296875 0.0430556 0.290525 95.77822685241699
2 0.357812 0.519444 0.0453125 0.0722222 0.306546 95.77822685241699
7 0.321484 0.463194 0.0570313 0.101389 0.338382 95.77822685241699
2 0.454688 0.4375 0.025 0.0333333 0.368413 95.77822685241699
7 0.594141 0.595833 0.0539063 0.105556 0.428354 95.77822685241699
2 0.326562 0.570833 0.08125 0.105556 0.442911 95.77822685241699
2 0.911719 0.928472 0.170312 0.143056 0.457106 95.77822685241699
2 0.442187 0.48125 0.03125 0.0430556 0.548569 95.77822685241699
2 0.723828 0.577083 0.0492188 0.0736111 0.686145 95.77822685241699
2 0.410547 0.570833 0.0414063 0.0611111 0.687086 95.77822685241699
2 0.266016 0.567361 0.0492188 0.0597222 0.771494 95.77822685241699
2 0.323438 0.871528 0.1 0.156944 0.844107 95.77822685241699
