2 0.548828 0.453472 0.0242187 0.0430556 0.256703 97.59736061096191
2 0.326172 0.511111 0.0320312 0.0444444 0.315596 97.59736061096191
2 0.452734 0.420833 0.0242187 0.0333333 0.33737 97.59736061096191
2 0.447266 0.472917 0.0304688 0.0375 0.358 97.59736061096191
7 0.341797 0.763194 0.114844 0.243056 0.453552 97.59736061096191
2 0.594531 0.465972 0.028125 0.0402778 0.467529 97.59736061096191
2 0.691016 0.832639 0.0960938 0.184722 0.510269 97.59736061096191
2 0.641797 0.477083 0.0289063 0.0458333 0.620268 97.59736061096191
2 0.566016 0.511806 0.0320312 0.0541667 0.734064 97.59736061096191
2 0.325 0.585417 0.05 0.0680556 0.745151 97.59736061096191
2 0.146484 0.711111 0.0992187 0.119444 0.79578 97.59736061096191
2 0.412891 0.596528 0.0445312 0.0708333 0.80307 97.59736061096191
2 0.835156 0.720139 0.096875 0.131944 0.813444 97.59736061096191
2 0.142578 0.909722 0.144531 0.169444 0.867527 97.59736061096191
