2 0.546094 0.448611 0.0234375 0.0333333 0.311267 106.41741752624512
2 0.404297 0.453472 0.0257812 0.0402778 0.335164 106.41741752624512
2 0.463672 0.424306 0.0226563 0.0347222 0.335378 106.41741752624512
2 0.592188 0.41875 0.021875 0.0263889 0.34031 106.41741752624512
2 0.430469 0.507639 0.0328125 0.0986111 0.363081 106.41741752624512
2 0.4375 0.486111 0.03125 0.0472222 0.496697 106.41741752624512
5 0.309375 0.489583 0.053125 0.120833 0.520145 106.41741752624512
2 0.640234 0.472222 0.0335938 0.0555556 0.566603 106.41741752624512
2 0.371094 0.513889 0.0328125 0.05 0.62395 106.41741752624512
5 0.0957031 0.732639 0.189844 0.4375 0.689398 106.41741752624512
2 0.303516 0.63125 0.0570313 0.0902778 0.718967 106.41741752624512
2 0.703516 0.552778 0.0382813 0.0722222 0.731599 106.41741752624512
2 0.424609 0.552083 0.0351562 0.0513889 0.757766 106.41741752624512
2 0.661328 0.588889 0.0429688 0.0722222 0.776569 106.41741752624512
2 0.355078 0.764583 0.0835937 0.126389 0.792246 106.41741752624512
2 0.216016 0.804167 0.100781 0.136111 0.829325 106.41741752624512
