2 0.583594 0.449306 0.0234375 0.0347222 0.299806 97.45168685913086
2 0.424609 0.422222 0.0273438 0.0333333 0.369749 97.45168685913086
2 0.455859 0.431944 0.0242187 0.0333333 0.376042 97.45168685913086
5 0.353906 0.445139 0.0671875 0.101389 0.615164 97.45168685913086
2 0.721484 0.570833 0.0414063 0.0666667 0.682812 97.45168685913086
2 0.429688 0.514583 0.03125 0.0513889 0.697021 97.45168685913086
2 0.277344 0.563194 0.046875 0.0652778 0.712465 97.45168685913086
2 0.165234 0.70625 0.0804688 0.0986111 0.778324 97.45168685913086
2 0.363672 0.709722 0.0648438 0.105556 0.78861 97.45168685913086
2 0.682813 0.603472 0.053125 0.0847222 0.795837 97.45168685913086
2 0.226172 0.769444 0.0851562 0.116667 0.797945 97.45168685913086
