2 0.416016 0.446528 0.0226563 0.0458333 0.251787 105.24725914001465
2 0.451953 0.450694 0.0242187 0.0347222 0.414886 105.24725914001465
2 0.650781 0.495833 0.03125 0.0388889 0.48483 105.24725914001465
2 0.596094 0.490278 0.034375 0.0472222 0.518526 105.24725914001465
5 0.345703 0.447917 0.0867188 0.143056 0.596867 105.24725914001465
2 0.376172 0.511111 0.0351562 0.0444444 0.689462 105.24725914001465
2 0.669141 0.627083 0.0570313 0.0875 0.691265 105.24725914001465
2 0.284766 0.924306 0.127344 0.148611 0.725664 105.24725914001465
2 0.203125 0.640278 0.0625 0.0777778 0.731661 105.24725914001465
2 0.43125 0.527778 0.034375 0.05 0.756727 105.24725914001465
2 0.88125 0.779861 0.101562 0.1375 0.826182 105.24725914001465
2 0.207813 0.782639 0.09375 0.126389 0.833342 105.24725914001465
