2 0.366797 0.455556 0.0257812 0.0333333 0.298657 101.63259506225586
2 0.416016 0.445833 0.0210938 0.0333333 0.300376 101.63259506225586
2 0.452734 0.443056 0.0226563 0.0333333 0.364283 101.63259506225586
2 0.830859 0.847222 0.146094 0.277778 0.525412 101.63259506225586
2 0.298438 0.542361 0.0390625 0.0541667 0.617484 101.63259506225586
2 0.183203 0.668056 0.0742188 0.0916667 0.664335 101.63259506225586
2 0.364844 0.5375 0.0359375 0.0527778 0.667692 101.63259506225586
2 0.430078 0.496528 0.0289063 0.0430556 0.690262 101.63259506225586
2 0.276172 0.688889 0.0664062 0.1 0.782319 101.63259506225586
2 0.347656 0.777083 0.0828125 0.134722 0.808412 101.63259506225586
