2 0.458594 0.419444 0.021875 0.0305556 0.275116 176.14126205444336
2 0.280469 0.618056 0.101562 0.0972222 0.303183 176.14126205444336
7 0.397266 0.400694 0.0367187 0.0625 0.308484 176.14126205444336
2 0.439844 0.469444 0.0296875 0.0444444 0.493411 176.14126205444336
2 0.329688 0.50625 0.03125 0.0430556 0.546645 176.14126205444336
2 0.250391 0.596528 0.0601562 0.0930556 0.613418 176.14126205444336
2 0.0535156 0.856944 0.107031 0.152778 0.631225 176.14126205444336
2 0.379297 0.510417 0.0304688 0.0430556 0.657297 176.14126205444336
2 0.1 0.936806 0.148438 0.126389 0.714227 176.14126205444336
2 0.302344 0.636806 0.0625 0.0847222 0.732973 176.14126205444336
2 0.576563 0.53125 0.0328125 0.0541667 0.750805 176.14126205444336
2 0.709766 0.552778 0.0398437 0.0527778 0.789086 176.14126205444336
2 0.290234 0.893056 0.111719 0.144444 0.808095 176.14126205444336
