2 0.387891 0.440972 0.0226563 0.0347222 0.270987 123.0325698852539
2 0.344922 0.486111 0.0304688 0.0388889 0.290383 123.0325698852539
2 0.430078 0.417361 0.0210938 0.0402778 0.328333 123.0325698852539
2 0.559375 0.418056 0.0203125 0.0361111 0.343368 123.0325698852539
2 0.578906 0.438889 0.021875 0.0305556 0.346546 123.0325698852539
2 0.660937 0.505556 0.028125 0.0416667 0.376295 123.0325698852539
2 0.439844 0.490972 0.03125 0.0458333 0.586563 123.0325698852539
2 0.619531 0.524306 0.0359375 0.0513889 0.689276 123.0325698852539
2 0.234375 0.605556 0.0578125 0.075 0.712136 123.0325698852539
2 0.359766 0.549306 0.0414063 0.0541667 0.726608 123.0325698852539
2 0.108594 0.927778 0.165625 0.144444 0.786536 123.0325698852539
2 0.403906 0.651389 0.05625 0.0805556 0.803499 123.0325698852539
