2 0.477344 0.38125 0.01875 0.0319444 0.274596 123.05474281311035
5 0.0617188 0.846528 0.120312 0.218056 0.469307 123.05474281311035
2 0.340625 0.567361 0.0484375 0.0569444 0.472627 123.05474281311035
7 0.636328 0.699306 0.0789063 0.1625 0.479971 123.05474281311035
2 0.605078 0.480556 0.0320312 0.05 0.552748 123.05474281311035
2 0.2875 0.548611 0.0375 0.0555556 0.620513 123.05474281311035
2 0.43125 0.50625 0.0375 0.0680556 0.749331 123.05474281311035
2 0.345313 0.652083 0.05 0.0791667 0.760362 123.05474281311035
2 0.813281 0.697917 0.0765625 0.1125 0.765501 123.05474281311035
2 0.168359 0.870833 0.119531 0.155556 0.858095 123.05474281311035
