7 0.175391 0.6375 0.121094 0.197222 0.460428 354.9787998199463
2 0.44375 0.480556 0.0265625 0.0361111 0.461523 354.9787998199463
2 0.660937 0.505556 0.0328125 0.0472222 0.517945 354.9787998199463
2 0.538281 0.425 0.025 0.0361111 0.526861 354.9787998199463
2 0.416016 0.5375 0.0507812 0.0972222 0.595866 354.9787998199463
2 0.385938 0.491667 0.0296875 0.0416667 0.598389 354.9787998199463
2 0.288672 0.547917 0.0398437 0.0625 0.601054 354.9787998199463
2 0.920313 0.808333 0.134375 0.177778 0.725607 354.9787998199463
2 0.322656 0.603472 0.0515625 0.0763889 0.792845 354.9787998199463
2 0.380469 0.692361 0.0640625 0.0986111 0.794682 354.9787998199463
2 0.179688 0.848611 0.1125 0.147222 0.891482 354.9787998199463
