2 0.530078 0.405556 0.0210938 0.0388889 0.274453 110.14127731323242
2 0.589844 0.461111 0.03125 0.0388889 0.289596 110.14127731323242
2 0.446094 0.448611 0.0265625 0.0361111 0.32998 110.14127731323242
7 0.587109 0.439583 0.0335938 0.0791667 0.368674 110.14127731323242
2 0.360547 0.466667 0.0273438 0.0388889 0.442192 110.14127731323242
2 0.391797 0.48125 0.0304688 0.0402778 0.48167 110.14127731323242
2 0.353516 0.7875 0.0820312 0.138889 0.712015 110.14127731323242
2 0.886719 0.757639 0.103125 0.154167 0.720052 110.14127731323242
2 0.289062 0.536806 0.0421875 0.0597222 0.727725 110.14127731323242
2 0.428906 0.514583 0.0359375 0.0541667 0.740856 110.14127731323242
2 0.351562 0.550694 0.0375 0.0541667 0.770087 110.14127731323242
2 0.173828 0.844444 0.119531 0.144444 0.829452 110.14127731323242
