2 0.413672 0.444444 0.0320312 0.0472222 0.284526 340.84033966064453
2 0.455078 0.449306 0.0257812 0.0347222 0.35592 340.84033966064453
2 0.575781 0.43125 0.021875 0.0319444 0.378238 340.84033966064453
7 0.358594 0.448611 0.0375 0.0722222 0.379515 340.84033966064453
2 0.418359 0.530556 0.0476562 0.0916667 0.390966 340.84033966064453
5 0.866797 0.729861 0.111719 0.184722 0.436439 340.84033966064453
2 0.384766 0.488889 0.0289063 0.0416667 0.520816 340.84033966064453
2 0.553125 0.460417 0.025 0.0375 0.529938 340.84033966064453
2 0.644141 0.711806 0.0695312 0.120833 0.636762 340.84033966064453
2 0.305859 0.538194 0.0429688 0.0625 0.640234 340.84033966064453
2 0.238281 0.724306 0.071875 0.0930556 0.79327 340.84033966064453
