2 0.988281 0.93125 0.021875 0.126389 0.314626 117.07663536071777
2 0.392969 0.475 0.028125 0.0416667 0.388604 117.07663536071777
2 0.314844 0.923611 0.115625 0.15 0.420807 117.07663536071777
2 0.717578 0.936806 0.144531 0.126389 0.461087 117.07663536071777
2 0.447266 0.463194 0.0320312 0.0458333 0.569222 117.07663536071777
2 0.603516 0.473611 0.0304688 0.0444444 0.578503 117.07663536071777
2 0.372266 0.515278 0.0335938 0.0472222 0.677333 117.07663536071777
2 0.421484 0.547917 0.0398437 0.0680556 0.732193 117.07663536071777
2 0.589453 0.576389 0.0414063 0.0666667 0.737203 117.07663536071777
2 0.292969 0.55 0.04375 0.0555556 0.75851 117.07663536071777
2 0.0613281 0.831944 0.122656 0.141667 0.870538 117.07663536071777
