2 0.220313 0.693056 0.165625 0.186111 0.268665 115.90719223022461
2 0.132812 0.838889 0.16875 0.286111 0.318614 115.90719223022461
7 0.271875 0.511806 0.096875 0.140278 0.425792 115.90719223022461
2 0.393359 0.477083 0.0351562 0.0458333 0.45195 115.90719223022461
2 0.441406 0.475 0.0296875 0.0361111 0.525278 115.90719223022461
2 0.677344 0.670139 0.075 0.1125 0.60608 115.90719223022461
2 0.611328 0.501389 0.0398437 0.0722222 0.629539 115.90719223022461
2 0.102344 0.745833 0.0921875 0.105556 0.650115 115.90719223022461
2 0.778906 0.639583 0.059375 0.0791667 0.658164 115.90719223022461
2 0.354688 0.542361 0.0421875 0.0541667 0.681222 115.90719223022461
2 0.424219 0.551389 0.0359375 0.0611111 0.723147 115.90719223022461
2 0.356641 0.736806 0.0679687 0.101389 0.79259 115.90719223022461
