7 0.583984 0.392361 0.0320312 0.0569444 0.291633 97.44143486022949
5 0.255078 0.656944 0.157031 0.297222 0.333592 97.44143486022949
2 0.215625 0.688889 0.0828125 0.147222 0.350723 97.44143486022949
2 0.435156 0.517361 0.0359375 0.0458333 0.394338 97.44143486022949
2 0.452344 0.446528 0.03125 0.0402778 0.424846 97.44143486022949
2 0.600391 0.481944 0.0320312 0.0416667 0.490684 97.44143486022949
2 0.551172 0.470833 0.0289063 0.0388889 0.492717 97.44143486022949
2 0.655469 0.497222 0.03125 0.0416667 0.544184 97.44143486022949
2 0.365234 0.525 0.0398437 0.0527778 0.632059 97.44143486022949
2 0.407813 0.584722 0.0390625 0.0666667 0.729399 97.44143486022949
2 0.327344 0.875 0.0984375 0.166667 0.73843 97.44143486022949
2 0.152734 0.6875 0.0695312 0.108333 0.758984 97.44143486022949
2 0.622656 0.66875 0.059375 0.0958333 0.783131 97.44143486022949
