2 0.428125 0.422222 0.021875 0.0361111 0.282399 101.45926475524902
2 0.455859 0.446528 0.0257812 0.0375 0.407232 101.45926475524902
7 0.617969 0.427778 0.05625 0.0944444 0.482467 101.45926475524902
2 0.555469 0.473611 0.028125 0.0416667 0.598917 101.45926475524902
2 0.385938 0.489583 0.03125 0.0375 0.601808 101.45926475524902
5 0.694922 0.867361 0.113281 0.256944 0.61373 101.45926475524902
2 0.435156 0.516667 0.034375 0.05 0.670366 101.45926475524902
2 0.389844 0.638194 0.0453125 0.0736111 0.776652 101.45926475524902
2 0.119922 0.751389 0.103906 0.119444 0.834526 101.45926475524902
2 0.131641 0.914583 0.142969 0.1625 0.852113 101.45926475524902
