2 0.604688 0.439583 0.0203125 0.0319444 0.254372 112.39099502563477
2 0.541406 0.434028 0.0234375 0.0375 0.278321 112.39099502563477
2 0.447266 0.456944 0.0320312 0.0416667 0.455066 112.39099502563477
2 0.386719 0.486806 0.034375 0.0458333 0.521897 112.39099502563477
7 0.721875 0.654167 0.107813 0.219444 0.548131 112.39099502563477
2 0.348047 0.472222 0.0304688 0.0444444 0.616945 112.39099502563477
2 0.651172 0.488889 0.0304688 0.0444444 0.643622 112.39099502563477
2 0.557813 0.506944 0.0359375 0.0527778 0.651512 112.39099502563477
2 0.342578 0.785417 0.0867188 0.148611 0.686765 112.39099502563477
2 0.309375 0.615278 0.053125 0.0722222 0.707725 112.39099502563477
2 0.145313 0.726389 0.109375 0.119444 0.736516 112.39099502563477
2 0.147266 0.866667 0.142969 0.191667 0.81942 112.39099502563477
2 0.411719 0.590278 0.0421875 0.0722222 0.83464 112.39099502563477
