2 0.552734 0.407639 0.0164062 0.0291667 0.254265 108.81352424621582
2 0.324609 0.504167 0.0335938 0.0472222 0.430582 108.81352424621582
2 0.628125 0.463889 0.0265625 0.0361111 0.444893 108.81352424621582
2 0.446484 0.450694 0.0289063 0.0375 0.468646 108.81352424621582
2 0.0109375 0.923611 0.0203125 0.0805556 0.488297 108.81352424621582
5 0.379687 0.461806 0.0765625 0.140278 0.538013 108.81352424621582
2 0.246484 0.606944 0.0617188 0.0777778 0.659993 108.81352424621582
2 0.422656 0.547222 0.0359375 0.05 0.666856 108.81352424621582
2 0.386719 0.694444 0.0609375 0.0972222 0.749771 108.81352424621582
2 0.107813 0.932639 0.157813 0.134722 0.768638 108.81352424621582
