2 0.447266 0.413889 0.0320312 0.0305556 0.304749 89.91050720214844
2 0.33125 0.504167 0.03125 0.0472222 0.400017 89.91050720214844
2 0.551953 0.466667 0.0242187 0.0472222 0.43091 89.91050720214844
2 0.449609 0.467361 0.0304688 0.0375 0.458564 89.91050720214844
7 0.355078 0.728472 0.102344 0.223611 0.506115 89.91050720214844
2 0.603125 0.48125 0.0296875 0.0458333 0.604454 89.91050720214844
2 0.741406 0.931944 0.117188 0.136111 0.693758 89.91050720214844
2 0.651172 0.485417 0.0320312 0.0486111 0.706032 89.91050720214844
2 0.575391 0.535417 0.0351562 0.0541667 0.722016 89.91050720214844
2 0.417969 0.584028 0.0453125 0.0708333 0.755544 89.91050720214844
2 0.33125 0.573611 0.046875 0.0638889 0.774996 89.91050720214844
2 0.905469 0.806944 0.11875 0.169444 0.79486 89.91050720214844
2 0.172266 0.872222 0.124219 0.172222 0.851805 89.91050720214844
2 0.166797 0.688194 0.0867188 0.101389 0.865812 89.91050720214844
