2 0.444922 0.483333 0.0304688 0.0416667 0.278337 129.67824935913086
5 0.321875 0.554167 0.10625 0.188889 0.327842 129.67824935913086
2 0.391797 0.488194 0.0257812 0.0458333 0.349173 129.67824935913086
7 0.599609 0.408333 0.0398437 0.075 0.416701 129.67824935913086
2 0.554297 0.475694 0.0289063 0.0375 0.633312 129.67824935913086
2 0.281641 0.964583 0.119531 0.0708333 0.662589 129.67824935913086
2 0.425781 0.532639 0.034375 0.0597222 0.705496 129.67824935913086
2 0.651563 0.571528 0.046875 0.0680556 0.717647 129.67824935913086
2 0.239063 0.593056 0.0515625 0.075 0.725707 129.67824935913086
2 0.731641 0.590278 0.0492188 0.0638889 0.748379 129.67824935913086
2 0.372266 0.713889 0.0648438 0.102778 0.785281 129.67824935913086
2 0.577344 0.555556 0.0359375 0.0666667 0.811423 129.67824935913086
