2 0.364062 0.479167 0.071875 0.0444444 0.290663 120.1024055480957
2 0.454688 0.449306 0.021875 0.0402778 0.301779 120.1024055480957
2 0.622266 0.456944 0.0210938 0.0361111 0.364536 120.1024055480957
2 0.383203 0.477778 0.0414063 0.0583333 0.366651 120.1024055480957
2 0.443359 0.484722 0.0273438 0.0388889 0.368473 120.1024055480957
2 0.342969 0.481944 0.028125 0.0444444 0.398169 120.1024055480957
2 0.580859 0.452778 0.0257812 0.0333333 0.441967 120.1024055480957
5 0.247656 0.547222 0.0796875 0.172222 0.536626 120.1024055480957
2 0.419922 0.545833 0.0382813 0.0694444 0.616906 120.1024055480957
2 0.334375 0.576389 0.0421875 0.0694444 0.736127 120.1024055480957
2 0.721875 0.570139 0.0453125 0.0680556 0.743195 120.1024055480957
2 0.392969 0.665972 0.053125 0.0875 0.757894 120.1024055480957
2 0.194141 0.821528 0.111719 0.159722 0.761732 120.1024055480957
