2 0.541406 0.429167 0.021875 0.0361111 0.303755 100.43811798095703
2 0.579687 0.438889 0.0234375 0.0333333 0.383419 100.43811798095703
2 0.442578 0.488889 0.0320312 0.0388889 0.384812 100.43811798095703
2 0.310156 0.527778 0.0328125 0.0527778 0.486199 100.43811798095703
2 0.623047 0.452083 0.0273438 0.0375 0.489557 100.43811798095703
5 0.295312 0.861806 0.154687 0.273611 0.511989 100.43811798095703
2 0.553125 0.46875 0.028125 0.0402778 0.532097 100.43811798095703
2 0.725391 0.591667 0.0554687 0.0805556 0.720904 100.43811798095703
2 0.613672 0.626389 0.0523437 0.0833333 0.742733 100.43811798095703
2 0.401953 0.645833 0.0523437 0.0861111 0.775258 100.43811798095703
2 0.300781 0.627083 0.053125 0.0791667 0.797708 100.43811798095703
2 0.08125 0.794444 0.120312 0.144444 0.866876 100.43811798095703
