2 0.429297 0.416667 0.0195312 0.0305556 0.265249 136.86156272888184
2 0.466406 0.420833 0.021875 0.0277778 0.35028 136.86156272888184
2 0.35 0.501389 0.0421875 0.0444444 0.400032 136.86156272888184
2 0.605078 0.494444 0.0289063 0.0416667 0.444956 136.86156272888184
2 0.343359 0.489583 0.0335938 0.0486111 0.449658 136.86156272888184
2 0.446875 0.452083 0.028125 0.0347222 0.468392 136.86156272888184
2 0.219531 0.619444 0.065625 0.0888889 0.482377 136.86156272888184
2 0.646875 0.479167 0.0328125 0.0555556 0.530634 136.86156272888184
7 0.794531 0.634028 0.0921875 0.156944 0.54347 136.86156272888184
2 0.36875 0.519444 0.0359375 0.0444444 0.638431 136.86156272888184
2 0.390234 0.658333 0.0570313 0.0916667 0.660604 136.86156272888184
2 0.569141 0.534722 0.0351562 0.0583333 0.724717 136.86156272888184
2 0.290625 0.665972 0.059375 0.0875 0.729583 136.86156272888184
