2 0.574219 0.423611 0.03125 0.0611111 0.404275 108.70170593261719
2 0.382812 0.497222 0.03125 0.0388889 0.417973 108.70170593261719
2 0.442578 0.4625 0.0289063 0.0388889 0.512474 108.70170593261719
2 0.347266 0.477778 0.0289063 0.0388889 0.596059 108.70170593261719
2 0.317578 0.907639 0.113281 0.184722 0.703754 108.70170593261719
2 0.762891 0.6125 0.0585938 0.0888889 0.704203 108.70170593261719
2 0.420312 0.538194 0.0390625 0.0569444 0.743724 108.70170593261719
2 0.265234 0.565972 0.0507812 0.0652778 0.746126 108.70170593261719
2 0.0875 0.948611 0.154687 0.102778 0.798034 108.70170593261719
2 0.337891 0.574306 0.0429688 0.0625 0.831515 108.70170593261719
