2 0.453516 0.428472 0.0210938 0.0347222 0.285256 95.07203102111816
7 0.286328 0.929167 0.132031 0.141667 0.32974 95.07203102111816
2 0.396875 0.479861 0.028125 0.0402778 0.33755 95.07203102111816
2 0.355078 0.470833 0.0289063 0.0472222 0.464336 95.07203102111816
7 0.658984 0.470139 0.0757812 0.1125 0.479503 95.07203102111816
2 0.227344 0.613194 0.05625 0.0847222 0.509094 95.07203102111816
2 0.0964844 0.952778 0.152344 0.0944444 0.621114 95.07203102111816
2 0.312891 0.597222 0.0523437 0.0666667 0.672078 95.07203102111816
2 0.378516 0.681944 0.0570313 0.1 0.6985 95.07203102111816
2 0.417578 0.567361 0.0367187 0.0597222 0.751894 95.07203102111816
