2 0.433203 0.4125 0.0195312 0.0305556 0.257139 109.43245887756348
2 0.464063 0.410417 0.025 0.0291667 0.304093 109.43245887756348
2 0.3125 0.522222 0.0375 0.0527778 0.397759 109.43245887756348
2 0.0324219 0.909028 0.0648438 0.159722 0.407469 109.43245887756348
2 0.441016 0.475694 0.0257812 0.0402778 0.469633 109.43245887756348
5 0.370703 0.422917 0.0554687 0.0930556 0.598154 109.43245887756348
2 0.614062 0.505556 0.0328125 0.0472222 0.653531 109.43245887756348
2 0.233594 0.619444 0.05 0.0722222 0.702919 109.43245887756348
2 0.884766 0.895139 0.150781 0.209722 0.752012 109.43245887756348
2 0.932813 0.825694 0.125 0.1625 0.768452 109.43245887756348
2 0.400391 0.595139 0.0429688 0.0652778 0.792759 109.43245887756348
2 0.296484 0.649306 0.0585938 0.0791667 0.796934 109.43245887756348
