2 0.453906 0.451389 0.025 0.0416667 0.284955 108.40392112731934
2 0.422266 0.422222 0.0335938 0.0416667 0.301207 108.40392112731934
2 0.619141 0.450694 0.0210938 0.0402778 0.335913 108.40392112731934
2 0.442969 0.486111 0.03125 0.0472222 0.341029 108.40392112731934
2 0.579297 0.451389 0.0273438 0.0305556 0.374589 108.40392112731934
2 0.382031 0.481944 0.040625 0.0527778 0.392125 108.40392112731934
2 0.341406 0.484722 0.028125 0.0472222 0.412899 108.40392112731934
5 0.244922 0.554167 0.0710938 0.175 0.594322 108.40392112731934
2 0.417969 0.549306 0.040625 0.0652778 0.682809 108.40392112731934
2 0.333594 0.582639 0.0453125 0.0736111 0.736213 108.40392112731934
2 0.710547 0.559028 0.0476562 0.0680556 0.747401 108.40392112731934
2 0.391016 0.678472 0.0554687 0.0875 0.785115 108.40392112731934
2 0.180078 0.843056 0.117969 0.152778 0.851621 108.40392112731934
