2 0.433984 0.454167 0.0585938 0.0444444 0.272005 120.20134925842285
2 0.564844 0.427083 0.01875 0.0319444 0.288526 120.20134925842285
2 0.417188 0.443056 0.0265625 0.0388889 0.326199 120.20134925842285
2 0.45 0.458333 0.034375 0.0416667 0.479754 120.20134925842285
2 0.361719 0.468056 0.0296875 0.0416667 0.480279 120.20134925842285
2 0.289844 0.548611 0.040625 0.0555556 0.63263 120.20134925842285
2 0.564062 0.511806 0.0328125 0.0569444 0.687849 120.20134925842285
2 0.700391 0.561806 0.0492188 0.0652778 0.709613 120.20134925842285
2 0.419922 0.564583 0.0382813 0.0569444 0.745091 120.20134925842285
2 0.0542969 0.838889 0.108594 0.144444 0.750548 120.20134925842285
2 0.615625 0.678472 0.0625 0.0930556 0.760645 120.20134925842285
2 0.320312 0.940972 0.115625 0.115278 0.770362 120.20134925842285
2 0.288672 0.672222 0.0695312 0.0916667 0.780095 120.20134925842285
