2 0.298828 0.573611 0.0757812 0.075 0.268476 105.41415214538574
2 0.620703 0.451389 0.0195312 0.0333333 0.313865 105.41415214538574
2 0.34375 0.488194 0.0296875 0.0402778 0.320049 105.41415214538574
5 0.402344 0.397917 0.0375 0.0541667 0.350953 105.41415214538574
2 0.447656 0.449306 0.0265625 0.0375 0.416736 105.41415214538574
2 0.390625 0.488889 0.028125 0.0416667 0.484481 105.41415214538574
2 0.286328 0.554861 0.0492188 0.0819444 0.581846 105.41415214538574
2 0.122266 0.742361 0.0976562 0.120833 0.675205 105.41415214538574
2 0.332031 0.585417 0.05 0.0708333 0.683654 105.41415214538574
2 0.614062 0.650694 0.0546875 0.0902778 0.735451 105.41415214538574
2 0.19375 0.803472 0.101562 0.131944 0.796233 105.41415214538574
2 0.350781 0.736111 0.0703125 0.0944444 0.81185 105.41415214538574
2 0.810547 0.672222 0.0695312 0.0888889 0.823248 105.41415214538574
