7 0.621484 0.436111 0.0320312 0.0583333 0.26518 104.93206977844238
7 0.615234 0.420833 0.0460938 0.0972222 0.315138 104.93206977844238
2 0.410937 0.454861 0.0296875 0.0347222 0.339373 104.93206977844238
2 0.321875 0.501389 0.028125 0.0416667 0.344431 104.93206977844238
2 0.454688 0.450694 0.025 0.0347222 0.430742 104.93206977844238
5 0.382422 0.413194 0.0414063 0.0819444 0.491436 104.93206977844238
2 0.595312 0.471528 0.025 0.0375 0.549482 104.93206977844238
2 0.351172 0.544444 0.0367187 0.0472222 0.563294 104.93206977844238
2 0.289844 0.917361 0.129688 0.1625 0.58798 104.93206977844238
2 0.203125 0.636806 0.0515625 0.0791667 0.622386 104.93206977844238
2 0.553516 0.473611 0.0289063 0.05 0.646786 104.93206977844238
2 0.626562 0.695833 0.065625 0.133333 0.654992 104.93206977844238
2 0.639844 0.565278 0.040625 0.0555556 0.707888 104.93206977844238
2 0.238672 0.749306 0.0851562 0.120833 0.783193 104.93206977844238
2 0.407031 0.575694 0.0421875 0.0625 0.799209 104.93206977844238
