2 0.464453 0.41875 0.0195312 0.0319444 0.332642 103.89876365661621
2 0.436328 0.496528 0.0304688 0.0430556 0.370841 103.89876365661621
2 0.417578 0.442361 0.0289063 0.0430556 0.402545 103.89876365661621
2 0.588672 0.470139 0.0257812 0.0375 0.415057 103.89876365661621
2 0.365234 0.459722 0.0289063 0.0444444 0.472769 103.89876365661621
2 0.65625 0.495139 0.0328125 0.0486111 0.517155 103.89876365661621
2 0.547266 0.454167 0.0273438 0.0333333 0.522155 103.89876365661621
2 0.634766 0.715278 0.0710938 0.111111 0.559513 103.89876365661621
2 0.415234 0.559722 0.0414063 0.0666667 0.676078 103.89876365661621
2 0.723828 0.579861 0.0460938 0.0708333 0.704177 103.89876365661621
2 0.329297 0.583333 0.0445312 0.0722222 0.744997 103.89876365661621
2 0.902734 0.765972 0.127344 0.204167 0.745483 103.89876365661621
2 0.344531 0.8 0.0921875 0.15 0.772133 103.89876365661621
2 0.251953 0.729861 0.0789063 0.104167 0.785278 103.89876365661621
2 0.0929687 0.788889 0.115625 0.133333 0.819142 103.89876365661621
