2 0.373047 0.476389 0.0554687 0.05 0.264501 399.37710762023926
2 0.447266 0.443056 0.0351562 0.0527778 0.271197 399.37710762023926
2 0.544141 0.4375 0.0210938 0.025 0.293972 399.37710762023926
2 0.360547 0.469444 0.0273438 0.0361111 0.35574 399.37710762023926
5 0.703906 0.884028 0.123438 0.231944 0.473376 399.37710762023926
7 0.358594 0.699306 0.0859375 0.170833 0.499795 399.37710762023926
7 0.311719 0.498611 0.0578125 0.0944444 0.529832 399.37710762023926
2 0.387891 0.492361 0.0304688 0.0486111 0.573072 399.37710762023926
2 0.639453 0.46875 0.0320312 0.0513889 0.583772 399.37710762023926
2 0.334375 0.572917 0.0421875 0.0680556 0.673143 399.37710762023926
2 0.435156 0.509722 0.0328125 0.05 0.701182 399.37710762023926
2 0.672656 0.604167 0.0484375 0.0777778 0.757299 399.37710762023926
2 0.196484 0.674306 0.0789063 0.0958333 0.780058 399.37710762023926
2 0.759375 0.632639 0.05625 0.0791667 0.788884 399.37710762023926
