2 0.553906 0.396528 0.0171875 0.0263889 0.337247 119.06027793884277
2 0.351953 0.471528 0.0273438 0.0375 0.488303 119.06027793884277
2 0.648828 0.502083 0.0429688 0.0430556 0.515442 119.06027793884277
2 0.441016 0.473611 0.0257812 0.0388889 0.529549 119.06027793884277
2 0.273828 0.559722 0.0460938 0.0611111 0.581776 119.06027793884277
5 0.0730469 0.770139 0.142969 0.3625 0.77142 119.06027793884277
2 0.344922 0.841667 0.0960938 0.15 0.773695 119.06027793884277
2 0.408594 0.591667 0.04375 0.0666667 0.795076 119.06027793884277
2 0.196094 0.827083 0.114063 0.145833 0.809843 119.06027793884277
2 0.323828 0.602083 0.0492188 0.0680556 0.825365 119.06027793884277
