2 0.422266 0.436111 0.0273438 0.0305556 0.287716 108.4744930267334
2 0.457812 0.434722 0.021875 0.025 0.303127 108.4744930267334
2 0.353906 0.470833 0.0265625 0.0388889 0.391759 108.4744930267334
2 0.569141 0.421528 0.0226563 0.0291667 0.414522 108.4744930267334
5 0.280859 0.509722 0.111719 0.169444 0.545658 108.4744930267334
2 0.392578 0.479861 0.0335938 0.0486111 0.581613 108.4744930267334
2 0.607813 0.490278 0.0359375 0.05 0.631674 108.4744930267334
2 0.434766 0.509722 0.0335938 0.0472222 0.753413 108.4744930267334
2 0.347656 0.793056 0.078125 0.136111 0.782409 108.4744930267334
2 0.0546875 0.843056 0.109375 0.155556 0.841782 108.4744930267334
