2 0.457422 0.436111 0.0242187 0.0277778 0.316145 94.35009956359863
2 0.423438 0.439583 0.0265625 0.0347222 0.338181 94.35009956359863
2 0.566406 0.416667 0.0171875 0.025 0.389929 94.35009956359863
2 0.351172 0.473611 0.0335938 0.0416667 0.414557 94.35009956359863
2 0.601172 0.477778 0.0273438 0.0416667 0.579053 94.35009956359863
7 0.273828 0.516667 0.117969 0.180556 0.584956 94.35009956359863
2 0.389844 0.486111 0.0328125 0.0472222 0.610597 94.35009956359863
2 0.040625 0.890278 0.08125 0.161111 0.660902 94.35009956359863
2 0.430859 0.515972 0.0351562 0.0513889 0.732976 94.35009956359863
2 0.332812 0.840278 0.0890625 0.144444 0.778874 94.35009956359863
