2 0.394531 0.466667 0.0296875 0.0416667 0.428062 108.31832885742188
2 0.588281 0.450694 0.0296875 0.0513889 0.440625 108.31832885742188
2 0.299219 0.625694 0.0484375 0.0736111 0.611671 108.31832885742188
2 0.272656 0.568056 0.0390625 0.0527778 0.637977 108.31832885742188
2 0.439453 0.490972 0.0289063 0.0458333 0.652009 108.31832885742188
2 0.566406 0.513194 0.03125 0.0541667 0.711173 108.31832885742188
2 0.372656 0.505556 0.0375 0.0472222 0.720155 108.31832885742188
2 0.770703 0.635417 0.0585938 0.0819444 0.796708 108.31832885742188
2 0.750781 0.747917 0.0890625 0.131944 0.811103 108.31832885742188
2 0.0460938 0.8625 0.0921875 0.152778 0.822013 108.31832885742188
2 0.304297 0.919444 0.107031 0.155556 0.823799 108.31832885742188
2 0.155859 0.886111 0.121094 0.163889 0.877997 108.31832885742188
