2 0.575781 0.447917 0.021875 0.0319444 0.271754 111.41252517700195
2 0.455078 0.445139 0.0273438 0.0402778 0.318941 111.41252517700195
2 0.371875 0.455556 0.0265625 0.0361111 0.384315 111.41252517700195
2 0.707812 0.929167 0.134375 0.141667 0.399629 111.41252517700195
2 0.311328 0.522917 0.0351562 0.0513889 0.594649 111.41252517700195
2 0.586719 0.582639 0.04375 0.0791667 0.70572 111.41252517700195
2 0.429688 0.536111 0.0390625 0.05 0.72008 111.41252517700195
2 0.765234 0.644444 0.0664062 0.0916667 0.743938 111.41252517700195
2 0.126953 0.733333 0.105469 0.116667 0.747587 111.41252517700195
2 0.360156 0.829861 0.1 0.148611 0.748239 111.41252517700195
2 0.317578 0.619444 0.0585938 0.0805556 0.772387 111.41252517700195
