2 0.420703 0.434722 0.0257812 0.0388889 0.276307 426.2855052947998
2 0.360938 0.460417 0.0296875 0.0513889 0.321153 426.2855052947998
2 0.466406 0.402778 0.01875 0.0305556 0.338985 426.2855052947998
2 0.321094 0.551389 0.0625 0.0555556 0.357038 426.2855052947998
2 0.303125 0.539583 0.0390625 0.0513889 0.460686 426.2855052947998
2 0.4 0.464583 0.028125 0.0402778 0.470152 426.2855052947998
2 0.454688 0.452083 0.025 0.0347222 0.511863 426.2855052947998
5 0.358594 0.738889 0.101562 0.208333 0.617124 426.2855052947998
2 0.337109 0.583333 0.0429688 0.075 0.670858 426.2855052947998
2 0.412109 0.604167 0.0414063 0.0611111 0.785346 426.2855052947998
