5 0.388281 0.409722 0.04375 0.0694444 0.297424 97.46885299682617
2 0.352734 0.479167 0.0335938 0.0472222 0.308701 97.46885299682617
2 0.453906 0.436806 0.0234375 0.0319444 0.363132 97.46885299682617
2 0.554297 0.464583 0.0242187 0.0402778 0.399643 97.46885299682617
2 0.653125 0.484722 0.028125 0.0416667 0.597874 97.46885299682617
2 0.2 0.656944 0.0875 0.113889 0.637978 97.46885299682617
2 0.433203 0.495833 0.0320312 0.0472222 0.64424 97.46885299682617
2 0.307422 0.530556 0.0351562 0.0527778 0.645221 97.46885299682617
2 0.362891 0.543056 0.0351562 0.0555556 0.71122 97.46885299682617
2 0.251563 0.725694 0.0859375 0.106944 0.786371 97.46885299682617
2 0.845703 0.89375 0.124219 0.195833 0.874455 97.46885299682617
