2 0.414844 0.440972 0.0296875 0.0430556 0.28422 377.1641254425049
7 0.361328 0.446528 0.0351562 0.0708333 0.334092 377.1641254425049
2 0.385938 0.486111 0.0296875 0.0388889 0.343762 377.1641254425049
2 0.579297 0.438889 0.0210938 0.0277778 0.349509 377.1641254425049
2 0.422266 0.522917 0.0429688 0.0902778 0.490223 377.1641254425049
2 0.554297 0.470833 0.0257812 0.0388889 0.562113 377.1641254425049
2 0.308984 0.534028 0.0382813 0.0625 0.62451 377.1641254425049
2 0.920703 0.786806 0.141406 0.218056 0.65299 377.1641254425049
2 0.671094 0.782639 0.0828125 0.154167 0.702716 377.1641254425049
2 0.246094 0.706944 0.06875 0.0916667 0.782183 377.1641254425049
