2 0.370703 0.495833 0.0382813 0.0694444 0.25539 111.40227317810059
2 0.452734 0.438194 0.0257812 0.0291667 0.336551 111.40227317810059
2 0.371484 0.449306 0.0257812 0.0347222 0.34529 111.40227317810059
2 0.648047 0.486806 0.0289063 0.0347222 0.438078 111.40227317810059
2 0.210156 0.635417 0.05625 0.0763889 0.628696 111.40227317810059
2 0.375391 0.511806 0.0320312 0.0486111 0.662534 111.40227317810059
2 0.309375 0.527778 0.034375 0.05 0.664134 111.40227317810059
2 0.435156 0.4875 0.03125 0.0444444 0.670711 111.40227317810059
2 0.301172 0.646528 0.0570313 0.0791667 0.753741 111.40227317810059
2 0.367188 0.715278 0.071875 0.108333 0.762968 111.40227317810059
