2 0.538672 0.423611 0.0242187 0.0333333 0.380255 101.76849365234375
2 0.395312 0.482639 0.03125 0.0375 0.553251 101.76849365234375
2 0.309766 0.520833 0.0335938 0.0472222 0.57523 101.76849365234375
2 0.452734 0.452083 0.0273438 0.0375 0.587182 101.76849365234375
2 0.589844 0.470833 0.0296875 0.0444444 0.60801 101.76849365234375
2 0.432031 0.540972 0.0375 0.0541667 0.672546 101.76849365234375
2 0.641016 0.542361 0.0398437 0.0652778 0.748244 101.76849365234375
2 0.891016 0.95625 0.116406 0.0875 0.752139 101.76849365234375
2 0.366797 0.757639 0.0742188 0.118056 0.75216 101.76849365234375
2 0.288281 0.650694 0.0640625 0.0875 0.791163 101.76849365234375
2 0.860156 0.757639 0.1 0.145833 0.832413 101.76849365234375
