2 0.730859 0.602778 0.0382813 0.075 0.253392 222.40591049194336
2 0.616797 0.446528 0.0226563 0.0319444 0.282205 222.40591049194336
2 0.354688 0.473611 0.028125 0.0416667 0.290185 222.40591049194336
2 0.0957031 0.959028 0.113281 0.0819444 0.387765 222.40591049194336
2 0.446094 0.484028 0.0296875 0.0430556 0.421622 222.40591049194336
2 0.566406 0.411111 0.021875 0.0388889 0.454374 222.40591049194336
2 0.357422 0.538194 0.0335938 0.0486111 0.616371 222.40591049194336
2 0.424609 0.547222 0.0382813 0.0583333 0.640816 222.40591049194336
2 0.2125 0.640278 0.053125 0.0722222 0.659996 222.40591049194336
2 0.278906 0.557639 0.0453125 0.0625 0.675082 222.40591049194336
2 0.358203 0.735417 0.0679687 0.101389 0.749707 222.40591049194336
2 0.749219 0.610417 0.053125 0.0736111 0.764036 222.40591049194336
2 0.0871094 0.785417 0.111719 0.131944 0.786384 222.40591049194336
2 0.678516 0.64375 0.0617188 0.0930556 0.814913 222.40591049194336
