2 0.559375 0.397917 0.0171875 0.0319444 0.379994 106.05406761169434
5 0.417578 0.414583 0.0476562 0.0902778 0.383764 106.05406761169434
2 0.342969 0.488194 0.0296875 0.0375 0.38502 106.05406761169434
2 0.438672 0.503472 0.0320312 0.0486111 0.51674 106.05406761169434
2 0.251953 0.592361 0.0539063 0.0680556 0.587239 106.05406761169434
2 0.172266 0.695833 0.0710938 0.108333 0.661919 106.05406761169434
2 0.324219 0.851389 0.096875 0.144444 0.682012 106.05406761169434
2 0.338672 0.565972 0.0398437 0.0541667 0.714161 106.05406761169434
2 0.689844 0.540972 0.040625 0.0486111 0.727627 106.05406761169434
2 0.0328125 0.888194 0.065625 0.140278 0.742042 106.05406761169434
2 0.412891 0.584028 0.0445312 0.0736111 0.743934 106.05406761169434
2 0.629297 0.548611 0.0398437 0.0611111 0.782356 106.05406761169434
