2 0.429688 0.416667 0.0171875 0.0305556 0.269857 106.43291473388672
2 0.366797 0.54375 0.0429688 0.0708333 0.309732 106.43291473388672
2 0.572656 0.439583 0.025 0.0291667 0.315613 106.43291473388672
2 0.407813 0.452778 0.0296875 0.0388889 0.373753 106.43291473388672
2 0.453906 0.452778 0.025 0.0388889 0.40787 106.43291473388672
2 0.628125 0.465278 0.0265625 0.0333333 0.457659 106.43291473388672
2 0.378906 0.504167 0.0328125 0.0555556 0.510205 106.43291473388672
2 0.354688 0.550694 0.0359375 0.0597222 0.619682 106.43291473388672
2 0.30625 0.631944 0.0609375 0.0861111 0.714346 106.43291473388672
2 0.426953 0.530556 0.0367187 0.0527778 0.720606 106.43291473388672
2 0.686719 0.529167 0.0484375 0.0638889 0.74182 106.43291473388672
5 0.256641 0.525 0.141406 0.211111 0.762115 106.43291473388672
2 0.369141 0.732639 0.0648438 0.109722 0.778244 106.43291473388672
