7 0.592188 0.398611 0.0375 0.0638889 0.318712 115.14973640441895
2 0.455469 0.436111 0.0265625 0.0333333 0.352731 115.14973640441895
2 0.549609 0.452778 0.0242187 0.0333333 0.363093 115.14973640441895
5 0.306641 0.579861 0.116406 0.201389 0.384528 115.14973640441895
2 0.38125 0.496528 0.03125 0.0458333 0.429277 115.14973640441895
2 0.736328 0.933333 0.116406 0.133333 0.534805 115.14973640441895
2 0.624609 0.523611 0.0367187 0.0527778 0.670898 115.14973640441895
2 0.210938 0.627778 0.0609375 0.0805556 0.714321 115.14973640441895
2 0.418359 0.552778 0.0367187 0.0638889 0.718566 115.14973640441895
2 0.563672 0.5125 0.0335938 0.0527778 0.752037 115.14973640441895
2 0.357031 0.765972 0.0796875 0.123611 0.754993 115.14973640441895
2 0.694531 0.543056 0.040625 0.0472222 0.768193 115.14973640441895
