2 0.328516 0.504167 0.0351562 0.05 0.306757 129.12940979003906
2 0.103516 0.877778 0.155469 0.211111 0.325006 129.12940979003906
5 0.375 0.416667 0.0546875 0.0916667 0.453038 129.12940979003906
2 0.446875 0.459028 0.028125 0.0375 0.466684 129.12940979003906
2 0.0738281 0.806944 0.142969 0.175 0.624954 129.12940979003906
2 0.264062 0.580556 0.0375 0.0583333 0.645119 129.12940979003906
2 0.650391 0.566667 0.0460938 0.0638889 0.778937 129.12940979003906
2 0.324219 0.602083 0.0453125 0.0680556 0.793258 129.12940979003906
2 0.113281 0.938194 0.151562 0.123611 0.826274 129.12940979003906
2 0.413281 0.550694 0.0375 0.0569444 0.835266 129.12940979003906
