2 0.883203 0.958333 0.142969 0.0833333 0.383471 107.98001289367676
2 0.389062 0.486111 0.03125 0.0416667 0.552795 107.98001289367676
2 0.552344 0.4625 0.0234375 0.0444444 0.585254 107.98001289367676
2 0.441406 0.491667 0.028125 0.0416667 0.599231 107.98001289367676
2 0.263281 0.572222 0.0453125 0.0555556 0.657708 107.98001289367676
2 0.646484 0.581944 0.0476562 0.0722222 0.691883 107.98001289367676
2 0.283594 0.652083 0.0625 0.0819444 0.738561 107.98001289367676
5 0.361328 0.434722 0.0664062 0.125 0.740387 107.98001289367676
2 0.350781 0.740972 0.0765625 0.115278 0.752056 107.98001289367676
2 0.711719 0.575694 0.0484375 0.0652778 0.757292 107.98001289367676
2 0.0371094 0.865972 0.0742188 0.145833 0.808266 107.98001289367676
