7 0.423047 0.4 0.0429688 0.0833333 0.268439 107.44023323059082
2 0.354688 0.480556 0.0328125 0.0444444 0.275396 107.44023323059082
2 0.614453 0.443056 0.0257812 0.0333333 0.309367 107.44023323059082
2 0.444141 0.488194 0.0304688 0.0430556 0.439722 107.44023323059082
2 0.565625 0.409722 0.021875 0.0388889 0.5011 107.44023323059082
2 0.274219 0.563889 0.053125 0.0583333 0.650298 107.44023323059082
2 0.354297 0.542361 0.0367187 0.0513889 0.657347 107.44023323059082
2 0.204297 0.649306 0.0570313 0.0819444 0.688217 107.44023323059082
2 0.421875 0.551389 0.040625 0.0611111 0.72507 107.44023323059082
2 0.351953 0.758333 0.0773437 0.116667 0.737695 107.44023323059082
2 0.728906 0.588889 0.0515625 0.0694444 0.74636 107.44023323059082
2 0.661719 0.613889 0.0546875 0.0861111 0.782652 107.44023323059082
2 0.0652344 0.804861 0.122656 0.1375 0.788903 107.44023323059082
