2 0.545703 0.443056 0.0226563 0.0305556 0.285897 105.44252395629883
2 0.376563 0.444444 0.0265625 0.0388889 0.318105 105.44252395629883
7 0.591016 0.398611 0.0320312 0.0611111 0.329017 105.44252395629883
2 0.4375 0.509028 0.0359375 0.0486111 0.350683 105.44252395629883
2 0.454688 0.441667 0.0234375 0.0277778 0.353072 105.44252395629883
7 0.674219 0.809722 0.0953125 0.175 0.383253 105.44252395629883
2 0.376953 0.510417 0.0320312 0.0458333 0.635814 105.44252395629883
2 0.6125 0.503472 0.03125 0.0486111 0.664993 105.44252395629883
2 0.677734 0.522917 0.0351562 0.0430556 0.666572 105.44252395629883
2 0.555859 0.491667 0.0304688 0.05 0.691025 105.44252395629883
2 0.190234 0.647917 0.0632813 0.0930556 0.750695 105.44252395629883
2 0.413672 0.563889 0.0367187 0.0694444 0.766401 105.44252395629883
2 0.347656 0.804861 0.084375 0.134722 0.787621 105.44252395629883
