2 0.417969 0.436111 0.01875 0.0277778 0.272182 94.99573707580566
2 0.567187 0.409722 0.025 0.0416667 0.295135 94.99573707580566
2 0.339063 0.489583 0.0328125 0.0402778 0.575867 94.99573707580566
2 0.373047 0.510417 0.0320312 0.0458333 0.584989 94.99573707580566
2 0.437891 0.472917 0.0273438 0.0430556 0.595342 94.99573707580566
2 0.285156 0.958333 0.125 0.0833333 0.609351 94.99573707580566
2 0.710938 0.554167 0.04375 0.0666667 0.696 94.99573707580566
2 0.242578 0.590972 0.0570313 0.0791667 0.748466 94.99573707580566
2 0.412109 0.561111 0.0445312 0.0638889 0.769628 94.99573707580566
2 0.326172 0.597917 0.0476562 0.0652778 0.832289 94.99573707580566
