2 0.346484 0.520833 0.0570313 0.0638889 0.32711 102.41460800170898
2 0.464453 0.424306 0.0226563 0.0319444 0.336657 102.41460800170898
2 0.427734 0.422917 0.0242187 0.0319444 0.375493 102.41460800170898
2 0.330469 0.504167 0.0328125 0.0444444 0.412117 102.41460800170898
2 0.442187 0.463889 0.025 0.0333333 0.506383 102.41460800170898
2 0.182812 0.657639 0.0796875 0.0986111 0.525048 102.41460800170898
2 0.590625 0.4625 0.028125 0.0388889 0.534659 102.41460800170898
2 0.727734 0.5625 0.0648438 0.111111 0.546123 102.41460800170898
2 0.624219 0.45625 0.0328125 0.0458333 0.551798 102.41460800170898
2 0.553906 0.4875 0.0296875 0.0444444 0.705584 102.41460800170898
2 0.257422 0.722222 0.0742188 0.1 0.72312 102.41460800170898
2 0.357422 0.543056 0.0367187 0.0527778 0.727397 102.41460800170898
2 0.371484 0.720139 0.0617188 0.1125 0.731404 102.41460800170898
