2 0.627734 0.463194 0.0226563 0.0347222 0.333124 94.16460990905762
2 0.271484 0.977083 0.105469 0.0458333 0.366013 94.16460990905762
2 0.45625 0.430556 0.021875 0.0472222 0.388417 94.16460990905762
2 0.423047 0.423611 0.0289063 0.0416667 0.394029 94.16460990905762
2 0.675781 0.78125 0.08125 0.154167 0.420009 94.16460990905762
2 0.594922 0.467361 0.0257812 0.0402778 0.505016 94.16460990905762
2 0.370313 0.521528 0.034375 0.0486111 0.670758 94.16460990905762
2 0.551562 0.475694 0.0265625 0.0458333 0.672064 94.16460990905762
2 0.432031 0.531944 0.034375 0.05 0.732127 94.16460990905762
2 0.220313 0.625 0.065625 0.0805556 0.761523 94.16460990905762
