2 0.371484 0.452778 0.0242187 0.0361111 0.260437 108.3991527557373
2 0.571484 0.420833 0.0226563 0.0361111 0.283382 108.3991527557373
2 0.408594 0.45 0.028125 0.0388889 0.377295 108.3991527557373
2 0.5375 0.424306 0.025 0.0319444 0.473223 108.3991527557373
2 0.663672 0.779167 0.0867188 0.177778 0.564233 108.3991527557373
2 0.447266 0.460417 0.0304688 0.0486111 0.571617 108.3991527557373
2 0.578125 0.525694 0.0328125 0.0569444 0.729744 108.3991527557373
2 0.332031 0.592361 0.0421875 0.0680556 0.759619 108.3991527557373
2 0.754297 0.630556 0.0601562 0.0805556 0.781243 108.3991527557373
2 0.408594 0.60625 0.0453125 0.0708333 0.798008 108.3991527557373
2 0.129297 0.73125 0.105469 0.118056 0.822867 108.3991527557373
