2 0.363281 0.491667 0.0421875 0.0555556 0.295022 106.41360282897949
2 0.406641 0.455556 0.0273438 0.0388889 0.382438 106.41360282897949
2 0.353906 0.474306 0.0265625 0.0375 0.46102 106.41360282897949
2 0.299609 0.529167 0.0367187 0.05 0.538795 106.41360282897949
2 0.372656 0.511806 0.0328125 0.0458333 0.58816 106.41360282897949
2 0.888672 0.779861 0.103906 0.151389 0.658072 106.41360282897949
2 0.332031 0.85 0.101562 0.152778 0.703411 106.41360282897949
2 0.621875 0.50625 0.034375 0.0513889 0.745945 106.41360282897949
2 0.414453 0.554167 0.0398437 0.0611111 0.790903 106.41360282897949
2 0.112109 0.749306 0.102344 0.120833 0.827119 106.41360282897949
2 0.139844 0.914583 0.1375 0.156944 0.855108 106.41360282897949
