2 0.453906 0.447917 0.021875 0.0347222 0.406983 115.40102958679199
2 0.588672 0.466667 0.0320312 0.0472222 0.622787 115.40102958679199
2 0.292969 0.547917 0.0453125 0.0569444 0.629383 115.40102958679199
2 0.379297 0.497222 0.0320312 0.0472222 0.634042 115.40102958679199
2 0.641406 0.755556 0.0796875 0.15 0.672221 115.40102958679199
2 0.433203 0.515972 0.0335938 0.0541667 0.678209 115.40102958679199
2 0.880469 0.923611 0.148438 0.152778 0.708292 115.40102958679199
5 0.814062 0.613194 0.217187 0.3625 0.708817 115.40102958679199
2 0.301172 0.649306 0.0664062 0.101389 0.759332 115.40102958679199
2 0.319922 0.856944 0.0898438 0.152778 0.76709 115.40102958679199
2 0.0539063 0.856944 0.107813 0.147222 0.79139 115.40102958679199
