2 0.405078 0.463889 0.0242187 0.0444444 0.280345 123.88968467712402
2 0.613281 0.447917 0.028125 0.0319444 0.316116 123.88968467712402
2 0.546875 0.454167 0.0296875 0.0305556 0.346709 123.88968467712402
2 0.453906 0.447222 0.025 0.0361111 0.355842 123.88968467712402
7 0.665234 0.820833 0.0898438 0.175 0.400066 123.88968467712402
2 0.390625 0.486806 0.0265625 0.0375 0.566805 123.88968467712402
2 0.321875 0.517361 0.0375 0.0430556 0.646755 123.88968467712402
2 0.434766 0.510417 0.0367187 0.0569444 0.710441 123.88968467712402
2 0.367969 0.754167 0.071875 0.119444 0.713733 123.88968467712402
2 0.170703 0.690278 0.0851562 0.108333 0.746315 123.88968467712402
2 0.648047 0.545833 0.0429688 0.0583333 0.761559 123.88968467712402
