2 0.451953 0.454167 0.0226563 0.0333333 0.424488 109.5890998840332
2 0.579297 0.447917 0.0242187 0.0402778 0.551416 109.5890998840332
2 0.0238281 0.913889 0.0476562 0.113889 0.642224 109.5890998840332
2 0.370313 0.511806 0.0359375 0.0569444 0.669765 109.5890998840332
5 0.75 0.550694 0.154687 0.268056 0.69806 109.5890998840332
2 0.428125 0.534028 0.034375 0.0569444 0.7268 109.5890998840332
2 0.599609 0.626389 0.0507812 0.0916667 0.742679 109.5890998840332
2 0.277734 0.564583 0.0492188 0.0625 0.765891 109.5890998840332
2 0.275 0.699306 0.0796875 0.120833 0.76695 109.5890998840332
2 0.279687 0.936806 0.123438 0.115278 0.769445 109.5890998840332
2 0.751172 0.747222 0.0992187 0.161111 0.801553 109.5890998840332
