2 0.455469 0.423611 0.0234375 0.0333333 0.293185 122.78389930725098
7 0.318359 0.921528 0.102344 0.151389 0.399013 122.78389930725098
2 0.590234 0.45625 0.0242187 0.0347222 0.409126 122.78389930725098
2 0.65 0.4875 0.03125 0.0388889 0.485241 122.78389930725098
2 0.399219 0.465278 0.0296875 0.0444444 0.504518 122.78389930725098
2 0.439063 0.476389 0.0296875 0.0388889 0.521373 122.78389930725098
2 0.712109 0.925 0.141406 0.15 0.548226 122.78389930725098
2 0.316016 0.513889 0.0304688 0.0472222 0.550588 122.78389930725098
2 0.553125 0.459722 0.0234375 0.0388889 0.585169 122.78389930725098
2 0.370703 0.516667 0.0351562 0.0444444 0.631061 122.78389930725098
2 0.189063 0.649306 0.08125 0.0986111 0.719959 122.78389930725098
2 0.319531 0.604167 0.0578125 0.0833333 0.746697 122.78389930725098
2 0.419922 0.5625 0.0367187 0.0555556 0.769998 122.78389930725098
2 0.631641 0.556944 0.0476562 0.0777778 0.816007 122.78389930725098
