2 0.541016 0.434722 0.0226563 0.0305556 0.3204 105.45492172241211
2 0.554297 0.392361 0.0179687 0.0208333 0.3228 105.45492172241211
2 0.454688 0.44375 0.021875 0.0319444 0.362014 105.45492172241211
2 0.382422 0.495833 0.0304688 0.0472222 0.500771 105.45492172241211
2 0.674219 0.865972 0.0984375 0.201389 0.528445 105.45492172241211
5 0.867578 0.665972 0.263281 0.423611 0.565372 105.45492172241211
2 0.301953 0.536806 0.0398437 0.0541667 0.652669 105.45492172241211
2 0.596094 0.476389 0.03125 0.0472222 0.664337 105.45492172241211
2 0.435547 0.509028 0.0335938 0.0513889 0.722847 105.45492172241211
2 0.314453 0.630556 0.0601562 0.0888889 0.75873 105.45492172241211
2 0.334766 0.807639 0.0835937 0.1375 0.765886 105.45492172241211
2 0.0675781 0.819444 0.124219 0.136111 0.776947 105.45492172241211
