2 0.347266 0.484028 0.0304688 0.0375 0.323794 95.45397758483887
2 0.563672 0.404861 0.0226563 0.0375 0.471179 95.45397758483887
2 0.441016 0.495139 0.0289063 0.0402778 0.544278 95.45397758483887
2 0.417969 0.563889 0.0390625 0.0666667 0.675021 95.45397758483887
2 0.346094 0.552778 0.0375 0.0527778 0.711463 95.45397758483887
2 0.189453 0.672917 0.0601562 0.0902778 0.713762 95.45397758483887
2 0.263281 0.576389 0.0484375 0.0611111 0.736426 95.45397758483887
2 0.339453 0.797222 0.0820312 0.130556 0.765522 95.45397758483887
2 0.708984 0.563889 0.0476562 0.0638889 0.784583 95.45397758483887
2 0.0511719 0.84375 0.100781 0.140278 0.784689 95.45397758483887
2 0.644922 0.578472 0.0445312 0.0708333 0.791173 95.45397758483887
