2 0.358594 0.464583 0.0265625 0.0347222 0.367075 125.6401538848877
2 0.439844 0.486111 0.0296875 0.0388889 0.46994 125.6401538848877
5 0.404687 0.425694 0.0578125 0.104167 0.503248 125.6401538848877
2 0.576172 0.454861 0.0242187 0.0347222 0.526018 125.6401538848877
2 0.626562 0.463889 0.028125 0.0361111 0.611138 125.6401538848877
2 0.308984 0.529861 0.0398437 0.0597222 0.634225 125.6401538848877
2 0.375391 0.711806 0.0585938 0.109722 0.705295 125.6401538848877
2 0.0453125 0.934722 0.090625 0.122222 0.712728 125.6401538848877
2 0.283203 0.658333 0.0632813 0.0861111 0.745051 125.6401538848877
2 0.422656 0.558333 0.0375 0.0527778 0.773675 125.6401538848877
2 0.746484 0.611111 0.0570313 0.0833333 0.789677 125.6401538848877
2 0.167187 0.685417 0.0890625 0.0930556 0.820042 125.6401538848877
