2 0.604688 0.428472 0.0234375 0.0347222 0.308357 805.8176040649414
2 0.40625 0.455556 0.025 0.0277778 0.346107 805.8176040649414
7 0.273047 0.536111 0.0710938 0.119444 0.418694 805.8176040649414
2 0.337109 0.497222 0.0320312 0.0472222 0.447276 805.8176040649414
2 0.601172 0.480556 0.0273438 0.0416667 0.487417 805.8176040649414
2 0.4375 0.473611 0.0375 0.0694444 0.52858 805.8176040649414
2 0.663672 0.5125 0.0320312 0.0444444 0.553674 805.8176040649414
2 0.276563 0.888889 0.15625 0.211111 0.583035 805.8176040649414
2 0.367969 0.525 0.0359375 0.0527778 0.639469 805.8176040649414
2 0.8125 0.690278 0.0765625 0.102778 0.705937 805.8176040649414
2 0.41875 0.564583 0.0375 0.0625 0.754625 805.8176040649414
2 0.573047 0.534028 0.0367187 0.0763889 0.768316 805.8176040649414
2 0.293359 0.645833 0.0585938 0.0888889 0.800553 805.8176040649414
2 0.0648438 0.838889 0.129688 0.138889 0.876774 805.8176040649414
