2 0.411328 0.444444 0.0335938 0.0444444 0.329959 149.3508815765381
2 0.807422 0.605556 0.152344 0.208333 0.341885 149.3508815765381
2 0.0804688 0.745833 0.0484375 0.0805556 0.3431 149.3508815765381
2 0.442187 0.4875 0.025 0.0416667 0.380044 149.3508815765381
2 0.873047 0.677083 0.147656 0.268056 0.417741 149.3508815765381
2 0.638672 0.468056 0.0289063 0.0416667 0.469415 149.3508815765381
2 0.303516 0.523611 0.0398437 0.0638889 0.521836 149.3508815765381
7 0.150391 0.6125 0.105469 0.175 0.523722 149.3508815765381
2 0.130078 0.729861 0.127344 0.129167 0.57259 149.3508815765381
2 0.359766 0.525694 0.0351562 0.0513889 0.608657 149.3508815765381
2 0.421484 0.547917 0.0335938 0.0513889 0.668187 149.3508815765381
2 0.321875 0.927083 0.10625 0.140278 0.674171 149.3508815765381
2 0.610156 0.656944 0.05625 0.0972222 0.694278 149.3508815765381
2 0.384375 0.65 0.05625 0.1 0.711988 149.3508815765381
2 0.277734 0.681944 0.0648438 0.0916667 0.777444 149.3508815765381
