2 0.404297 0.463889 0.0273438 0.05 0.374302 153.63574028015137
2 0.457422 0.425694 0.0242187 0.0347222 0.497101 153.63574028015137
2 0.371875 0.510417 0.03125 0.0458333 0.50329 153.63574028015137
2 0.318359 0.509028 0.0414063 0.0680556 0.557349 153.63574028015137
2 0.439844 0.511806 0.03125 0.0430556 0.683914 153.63574028015137
2 0.671875 0.513194 0.0421875 0.0569444 0.693811 153.63574028015137
2 0.199219 0.667361 0.08125 0.0958333 0.752291 153.63574028015137
2 0.59375 0.565278 0.0421875 0.0861111 0.793278 153.63574028015137
2 0.220703 0.804167 0.105469 0.152778 0.813773 153.63574028015137
2 0.344531 0.85 0.0890625 0.136111 0.826892 153.63574028015137
2 0.796875 0.83125 0.11875 0.201389 0.856665 153.63574028015137
