2 0.453125 0.431944 0.0328125 0.0527778 0.25208 99.7018814086914
2 0.03125 0.906944 0.0609375 0.130556 0.276675 99.7018814086914
2 0.558984 0.475 0.0242187 0.0361111 0.278836 99.7018814086914
2 0.388281 0.494444 0.0328125 0.0444444 0.381042 99.7018814086914
2 0.351953 0.471528 0.0304688 0.0402778 0.421725 99.7018814086914
2 0.308594 0.525694 0.0359375 0.0513889 0.539268 99.7018814086914
2 0.684766 0.53125 0.0367187 0.0569444 0.702738 99.7018814086914
2 0.40625 0.563194 0.0390625 0.0597222 0.758144 99.7018814086914
2 0.609375 0.616667 0.0484375 0.0833333 0.765883 99.7018814086914
2 0.350781 0.801389 0.084375 0.127778 0.77701 99.7018814086914
