2 0.897656 0.790972 0.0671875 0.0763889 0.272941 102.45108604431152
7 0.291406 0.49375 0.084375 0.120833 0.322281 102.45108604431152
2 0.218359 0.713889 0.122656 0.172222 0.35367 102.45108604431152
2 0.446484 0.4625 0.0304688 0.0416667 0.379613 102.45108604431152
2 0.548047 0.449306 0.0273438 0.0458333 0.385052 102.45108604431152
2 0.633594 0.466667 0.0265625 0.0388889 0.386873 102.45108604431152
2 0.284375 0.617361 0.0796875 0.0986111 0.399469 102.45108604431152
2 0.400391 0.464583 0.0320312 0.0458333 0.418299 102.45108604431152
2 0.641406 0.552083 0.0484375 0.0847222 0.599658 102.45108604431152
2 0.883984 0.765972 0.0960938 0.129167 0.660835 102.45108604431152
2 0.376563 0.672917 0.0578125 0.0902778 0.680994 102.45108604431152
2 0.835547 0.911111 0.146094 0.177778 0.692172 102.45108604431152
2 0.431641 0.529167 0.0351562 0.0555556 0.695626 102.45108604431152
2 0.36875 0.515278 0.0390625 0.0472222 0.712602 102.45108604431152
2 0.164062 0.678472 0.0671875 0.0875 0.713117 102.45108604431152
