2 0.558203 0.421528 0.0242187 0.0375 0.251994 111.71460151672363
2 0.621094 0.453472 0.0203125 0.0319444 0.302222 111.71460151672363
2 0.425781 0.420833 0.0296875 0.0388889 0.304674 111.71460151672363
2 0.405078 0.458333 0.0320312 0.0388889 0.356303 111.71460151672363
2 0.373437 0.508333 0.034375 0.0555556 0.473525 111.71460151672363
2 0.451562 0.459028 0.0265625 0.0375 0.50077 111.71460151672363
2 0.34375 0.564583 0.04375 0.0652778 0.541867 111.71460151672363
7 0.244141 0.539583 0.155469 0.240278 0.542025 111.71460151672363
2 0.945703 0.852083 0.108594 0.251389 0.569986 111.71460151672363
2 0.670703 0.514583 0.0414063 0.0569444 0.603091 111.71460151672363
2 0.355859 0.775 0.0773437 0.127778 0.66113 111.71460151672363
2 0.422656 0.541667 0.0390625 0.0583333 0.693978 111.71460151672363
2 0.299609 0.656944 0.0710938 0.0888889 0.782294 111.71460151672363
