2 0.367578 0.453472 0.0320312 0.0430556 0.261524 122.94363975524902
2 0.44375 0.475 0.0234375 0.0305556 0.305035 122.94363975524902
2 0.322656 0.511806 0.03125 0.0430556 0.541604 122.94363975524902
5 0.410156 0.420139 0.0515625 0.0958333 0.617646 122.94363975524902
2 0.643359 0.484028 0.0320312 0.0402778 0.630538 122.94363975524902
2 0.589844 0.48125 0.03125 0.0458333 0.64391 122.94363975524902
2 0.430859 0.536806 0.0367187 0.0541667 0.697087 122.94363975524902
2 0.392969 0.654167 0.0546875 0.0888889 0.718957 122.94363975524902
2 0.307422 0.620833 0.0539063 0.075 0.748393 122.94363975524902
2 0.203516 0.645833 0.0742188 0.0805556 0.763852 122.94363975524902
2 0.090625 0.834722 0.103125 0.141667 0.775513 122.94363975524902
2 0.831641 0.707639 0.0851562 0.120833 0.846201 122.94363975524902
