2 0.465234 0.40625 0.0195312 0.0291667 0.312505 484.44414138793945
2 0.394922 0.472222 0.0242187 0.0388889 0.373065 484.44414138793945
2 0.41875 0.436806 0.0234375 0.0375 0.389142 484.44414138793945
5 0.332031 0.809722 0.121875 0.266667 0.478612 484.44414138793945
2 0.355469 0.469444 0.03125 0.05 0.546484 484.44414138793945
2 0.453125 0.463889 0.028125 0.0416667 0.572741 484.44414138793945
2 0.288672 0.556944 0.0460938 0.0555556 0.587253 484.44414138793945
2 0.403516 0.638194 0.0460938 0.0763889 0.799132 484.44414138793945
2 0.323438 0.613194 0.0515625 0.0791667 0.807246 484.44414138793945
2 0.930078 0.820139 0.135156 0.190278 0.866283 484.44414138793945
