5 0.251563 0.634028 0.115625 0.226389 0.283642 121.04535102844238
2 0.348047 0.475 0.0273438 0.0416667 0.32887 121.04535102844238
5 0.139453 0.810417 0.277344 0.365278 0.340196 121.04535102844238
2 0.439453 0.485417 0.0304688 0.0430556 0.490697 121.04535102844238
2 0.385938 0.486806 0.0359375 0.0486111 0.533715 121.04535102844238
5 0.254687 0.521528 0.115625 0.143056 0.546657 121.04535102844238
2 0.596094 0.472222 0.0359375 0.0527778 0.581454 121.04535102844238
2 0.725 0.575 0.046875 0.0666667 0.645129 121.04535102844238
2 0.342187 0.5625 0.0453125 0.0611111 0.674043 121.04535102844238
2 0.417969 0.574306 0.0421875 0.0652778 0.736377 121.04535102844238
2 0.625391 0.575 0.0507812 0.0805556 0.765237 121.04535102844238
2 0.3375 0.797917 0.078125 0.134722 0.780718 121.04535102844238
