2 0.592188 0.458333 0.028125 0.0388889 0.375092 113.0073070526123
2 0.340625 0.491667 0.03125 0.0416667 0.456454 113.0073070526123
2 0.283984 0.975 0.111719 0.05 0.479236 113.0073070526123
2 0.442187 0.457639 0.0234375 0.0347222 0.494264 113.0073070526123
2 0.396875 0.473611 0.0265625 0.0361111 0.58068 113.0073070526123
2 0.271094 0.564583 0.0421875 0.0513889 0.652234 113.0073070526123
2 0.353906 0.55 0.034375 0.0527778 0.711631 113.0073070526123
2 0.735937 0.590972 0.0515625 0.0708333 0.766862 113.0073070526123
2 0.0296875 0.890972 0.059375 0.1375 0.781617 113.0073070526123
2 0.399609 0.6 0.0460938 0.0722222 0.785741 113.0073070526123
