7 0.75 0.559722 0.071875 0.152778 0.258251 89.80202674865723
7 0.407813 0.389583 0.034375 0.0652778 0.305286 89.80202674865723
2 0.436719 0.472917 0.0328125 0.0458333 0.446475 89.80202674865723
2 0.396484 0.466667 0.0289063 0.0444444 0.464025 89.80202674865723
7 0.725781 0.527083 0.115625 0.2125 0.53524 89.80202674865723
2 0.304297 0.515972 0.0351562 0.0513889 0.577853 89.80202674865723
2 0.616016 0.518056 0.0304688 0.05 0.589089 89.80202674865723
2 0.357031 0.54375 0.0375 0.0541667 0.644427 89.80202674865723
2 0.402344 0.586806 0.0421875 0.0652778 0.711223 89.80202674865723
2 0.329688 0.901389 0.104687 0.172222 0.748264 89.80202674865723
2 0.199609 0.652083 0.0632813 0.0819444 0.748989 89.80202674865723
2 0.273438 0.686806 0.0671875 0.0958333 0.761046 89.80202674865723
2 0.0820312 0.953472 0.164062 0.0930556 0.761894 89.80202674865723
2 0.866797 0.907639 0.169531 0.184722 0.795484 89.80202674865723
