2 0.466406 0.415972 0.021875 0.0263889 0.326055 115.01002311706543
2 0.613672 0.436111 0.0320312 0.0527778 0.426853 115.01002311706543
2 0.406641 0.454861 0.0257812 0.0347222 0.47201 115.01002311706543
2 0.635938 0.702778 0.0671875 0.138889 0.481441 115.01002311706543
2 0.620703 0.527778 0.0445312 0.0611111 0.615839 115.01002311706543
2 0.448438 0.46875 0.03125 0.0402778 0.628198 115.01002311706543
2 0.246875 0.6 0.053125 0.0722222 0.636922 115.01002311706543
2 0.276563 0.677083 0.0703125 0.0958333 0.66938 115.01002311706543
2 0.418359 0.538194 0.0351562 0.0513889 0.696035 115.01002311706543
7 0.685156 0.495139 0.0984375 0.170833 0.69696 115.01002311706543
