2 0.350391 0.477083 0.0320312 0.0541667 0.276207 88.16194534301758
2 0.599609 0.415972 0.0242187 0.0458333 0.302748 88.16194534301758
2 0.464453 0.4125 0.0242187 0.0305556 0.31082 88.16194534301758
2 0.422656 0.523611 0.034375 0.0444444 0.54445 88.16194534301758
2 0.385156 0.493056 0.0328125 0.0444444 0.586237 88.16194534301758
2 0.269531 0.56875 0.040625 0.0541667 0.715221 88.16194534301758
2 0.326562 0.578472 0.0421875 0.0652778 0.752491 88.16194534301758
5 0.110547 0.796528 0.217969 0.390278 0.757316 88.16194534301758
2 0.794922 0.66875 0.0726563 0.0986111 0.804733 88.16194534301758
2 0.345703 0.761111 0.0789063 0.113889 0.815145 88.16194534301758
