7 0.581641 0.389583 0.0320312 0.0486111 0.258868 102.32686996459961
2 0.274219 0.976389 0.104687 0.0472222 0.296277 102.32686996459961
2 0.407422 0.459028 0.0289063 0.0375 0.381699 102.32686996459961
2 0.334766 0.491667 0.0289063 0.0416667 0.448336 102.32686996459961
2 0.552344 0.457639 0.025 0.0430556 0.581906 102.32686996459961
2 0.440625 0.504167 0.034375 0.05 0.605525 102.32686996459961
2 0.624609 0.533333 0.0367187 0.0527778 0.666517 102.32686996459961
2 0.738281 0.699306 0.0765625 0.1375 0.673128 102.32686996459961
2 0.329297 0.583333 0.0460938 0.0722222 0.717497 102.32686996459961
2 0.394531 0.654167 0.05625 0.0861111 0.779464 102.32686996459961
