2 0.44375 0.449306 0.0421875 0.0652778 0.252319 122.59864807128906
2 0.389453 0.478472 0.0398437 0.0513889 0.427965 122.59864807128906
2 0.551172 0.448611 0.0273438 0.0527778 0.433844 122.59864807128906
2 0.305469 0.534028 0.034375 0.0513889 0.446883 122.59864807128906
2 0.612891 0.490972 0.0382813 0.0791667 0.519359 122.59864807128906
2 0.448047 0.465972 0.0304688 0.0430556 0.59705 122.59864807128906
2 0.605078 0.638194 0.0492188 0.0875 0.717 122.59864807128906
2 0.33125 0.573611 0.0375 0.0583333 0.718572 122.59864807128906
2 0.132031 0.73125 0.1 0.106944 0.76315 122.59864807128906
2 0.241016 0.733333 0.0789063 0.102778 0.777737 122.59864807128906
2 0.357031 0.754861 0.06875 0.109722 0.799131 122.59864807128906
2 0.952344 0.875 0.0953125 0.172222 0.860082 122.59864807128906
