2 0.430078 0.415278 0.0179687 0.0305556 0.258109 97.3505973815918
2 0.555078 0.418056 0.0195312 0.0361111 0.287429 97.3505973815918
2 0.574609 0.440972 0.0242187 0.0291667 0.307771 97.3505973815918
2 0.408984 0.45 0.0289063 0.0388889 0.324449 97.3505973815918
2 0.631641 0.469444 0.0226563 0.0305556 0.40783 97.3505973815918
2 0.453906 0.45 0.025 0.0388889 0.474063 97.3505973815918
2 0.380078 0.496528 0.0304688 0.0458333 0.58555 97.3505973815918
2 0.35625 0.549306 0.0375 0.0569444 0.646037 97.3505973815918
2 0.696094 0.541667 0.0484375 0.0694444 0.697948 97.3505973815918
2 0.373047 0.714583 0.0570313 0.106944 0.714922 97.3505973815918
2 0.428906 0.525694 0.0375 0.0513889 0.72784 97.3505973815918
5 0.260156 0.522222 0.140625 0.213889 0.754495 97.3505973815918
2 0.312891 0.623611 0.0601562 0.0777778 0.755025 97.3505973815918
