2 0.324609 0.564583 0.0679687 0.0902778 0.281823 101.43780708312988
2 0.407813 0.451389 0.0359375 0.0416667 0.316464 101.43780708312988
2 0.278516 0.970833 0.108594 0.0583333 0.334121 101.43780708312988
2 0.287109 0.620833 0.105469 0.152778 0.339595 101.43780708312988
2 0.451172 0.448611 0.0320312 0.0388889 0.399808 101.43780708312988
7 0.5625 0.495139 0.03125 0.0736111 0.413444 101.43780708312988
2 0.384375 0.495139 0.03125 0.0458333 0.491338 101.43780708312988
2 0.708203 0.661806 0.0820312 0.148611 0.638413 101.43780708312988
2 0.436719 0.504861 0.034375 0.0486111 0.64507 101.43780708312988
2 0.667969 0.506944 0.0359375 0.05 0.657045 101.43780708312988
2 0.397266 0.615278 0.0445312 0.0666667 0.761223 101.43780708312988
2 0.221094 0.615278 0.0515625 0.0722222 0.802355 101.43780708312988
