7 0.386328 0.409028 0.0398437 0.0680556 0.28458 109.07864570617676
2 0.553906 0.461806 0.0234375 0.0402778 0.348645 109.07864570617676
2 0.454688 0.436806 0.0234375 0.0319444 0.375278 109.07864570617676
2 0.651563 0.484028 0.028125 0.0402778 0.506774 109.07864570617676
2 0.198047 0.661111 0.0851562 0.113889 0.564587 109.07864570617676
2 0.432422 0.496528 0.0335938 0.0458333 0.619712 109.07864570617676
2 0.30625 0.533333 0.034375 0.0527778 0.673757 109.07864570617676
2 0.362109 0.544444 0.0351562 0.0555556 0.712586 109.07864570617676
2 0.246094 0.730556 0.090625 0.111111 0.800915 109.07864570617676
2 0.826953 0.8625 0.116406 0.183333 0.854205 109.07864570617676
