2 0.563281 0.40625 0.021875 0.0291667 0.256403 103.08098793029785
2 0.365234 0.454167 0.0195312 0.0333333 0.274236 103.08098793029785
2 0.546094 0.433333 0.0203125 0.0333333 0.454382 103.08098793029785
2 0.446484 0.457639 0.0289063 0.0347222 0.467755 103.08098793029785
2 0.300781 0.526389 0.0375 0.0527778 0.579543 103.08098793029785
2 0.708203 0.572917 0.0523437 0.0680556 0.683238 103.08098793029785
2 0.347656 0.557639 0.0390625 0.0541667 0.700462 103.08098793029785
2 0.419141 0.550694 0.0367187 0.0569444 0.708473 103.08098793029785
2 0.375781 0.722222 0.0609375 0.111111 0.749438 103.08098793029785
2 0.261328 0.710417 0.0804688 0.0986111 0.801902 103.08098793029785
5 0.111328 0.688194 0.214844 0.343056 0.812908 103.08098793029785
