2 0.398047 0.475 0.0273438 0.0388889 0.28961 99.91669654846191
2 0.346875 0.474306 0.028125 0.0375 0.381699 99.91669654846191
2 0.567969 0.427778 0.025 0.0388889 0.419803 99.91669654846191
2 0.446875 0.464583 0.0265625 0.0402778 0.497734 99.91669654846191
2 0.357031 0.534722 0.0375 0.0638889 0.704832 99.91669654846191
2 0.664062 0.609028 0.059375 0.0902778 0.71218 99.91669654846191
2 0.419922 0.563194 0.0367187 0.0597222 0.775624 99.91669654846191
2 0.572266 0.5375 0.0351562 0.0583333 0.787596 99.91669654846191
2 0.249609 0.603472 0.0648438 0.0791667 0.789677 99.91669654846191
2 0.826563 0.825694 0.117188 0.181944 0.830649 99.91669654846191
2 0.222656 0.795139 0.114063 0.156944 0.841784 99.91669654846191
5 0.692187 0.497222 0.103125 0.205556 0.855525 99.91669654846191
