2 0.717578 0.588194 0.0335938 0.0680556 0.267989 198.4717845916748
2 0.616016 0.443056 0.0257812 0.0333333 0.269252 198.4717845916748
2 0.354688 0.475694 0.03125 0.0430556 0.295036 198.4717845916748
2 0.444141 0.4875 0.0304688 0.0416667 0.459421 198.4717845916748
2 0.566406 0.409722 0.021875 0.0388889 0.477254 198.4717845916748
2 0.354688 0.542361 0.0375 0.0486111 0.646525 198.4717845916748
2 0.423047 0.55 0.0382813 0.0555556 0.678035 198.4717845916748
2 0.208203 0.647222 0.0585938 0.0833333 0.710861 198.4717845916748
2 0.276172 0.561806 0.0492188 0.0569444 0.726478 198.4717845916748
2 0.353516 0.752778 0.0742188 0.113889 0.727209 198.4717845916748
2 0.733203 0.594444 0.0523437 0.0694444 0.748372 198.4717845916748
2 0.668359 0.622917 0.0585938 0.0847222 0.811193 198.4717845916748
2 0.0726563 0.797917 0.120312 0.134722 0.821152 198.4717845916748
