2 0.455859 0.424306 0.0226563 0.0319444 0.301369 90.80076217651367
2 0.589844 0.463889 0.0265625 0.0333333 0.385687 90.80076217651367
2 0.426562 0.421528 0.0296875 0.0347222 0.410574 90.80076217651367
5 0.357031 0.436806 0.0640625 0.0986111 0.457081 90.80076217651367
2 0.2875 0.551389 0.0453125 0.0666667 0.613608 90.80076217651367
2 0.433984 0.500694 0.0304688 0.0513889 0.61661 90.80076217651367
2 0.711328 0.64375 0.0664062 0.106944 0.701648 90.80076217651367
2 0.752734 0.607639 0.0507812 0.0791667 0.725621 90.80076217651367
2 0.185156 0.679861 0.0703125 0.0902778 0.765134 90.80076217651367
2 0.375781 0.670833 0.05625 0.0916667 0.787557 90.80076217651367
2 0.246094 0.73125 0.0828125 0.104167 0.801411 90.80076217651367
