2 0.376953 0.501389 0.0289063 0.0388889 0.276455 134.67121124267578
2 0.413281 0.445139 0.0296875 0.0430556 0.345498 134.67121124267578
7 0.596094 0.394444 0.034375 0.075 0.385743 134.67121124267578
5 0.622656 0.675694 0.0765625 0.181944 0.390948 134.67121124267578
2 0.54375 0.4625 0.028125 0.0388889 0.421909 134.67121124267578
2 0.817187 0.813889 0.157813 0.288889 0.474356 134.67121124267578
2 0.594922 0.477778 0.0320312 0.05 0.589619 134.67121124267578
2 0.254687 0.584028 0.0484375 0.0680556 0.655374 134.67121124267578
2 0.411328 0.578472 0.0382813 0.0625 0.764933 134.67121124267578
2 0.332422 0.577778 0.0414063 0.0638889 0.780288 134.67121124267578
2 0.322656 0.893056 0.107813 0.180556 0.781797 134.67121124267578
2 0.216797 0.778472 0.108594 0.154167 0.794605 134.67121124267578
