2 0.630078 0.463889 0.0289063 0.0416667 0.251814 106.40740394592285
2 0.546875 0.446528 0.021875 0.0458333 0.271564 106.40740394592285
7 0.291797 0.495139 0.0929687 0.123611 0.287258 106.40740394592285
2 0.284766 0.613889 0.0695312 0.0861111 0.296261 106.40740394592285
2 0.399219 0.467361 0.0328125 0.0486111 0.380759 106.40740394592285
2 0.194922 0.722917 0.144531 0.165278 0.415226 106.40740394592285
2 0.445703 0.463889 0.0304688 0.0388889 0.431665 106.40740394592285
2 0.634375 0.542361 0.0484375 0.0819444 0.6513 106.40740394592285
2 0.794922 0.870833 0.132031 0.233333 0.672448 106.40740394592285
2 0.857031 0.735417 0.0796875 0.109722 0.683827 106.40740394592285
2 0.373437 0.68125 0.05625 0.0930556 0.687226 106.40740394592285
2 0.153906 0.686806 0.0703125 0.0902778 0.688584 106.40740394592285
2 0.367969 0.519444 0.0375 0.0472222 0.697536 106.40740394592285
2 0.430859 0.533333 0.0367187 0.0555556 0.704479 106.40740394592285
