2 0.429688 0.421528 0.025 0.0430556 0.267668 107.42306709289551
5 0.401563 0.392361 0.0390625 0.0736111 0.274866 107.42306709289551
2 0.464453 0.422222 0.0242187 0.0277778 0.292026 107.42306709289551
2 0.590234 0.469444 0.0257812 0.0361111 0.321383 107.42306709289551
2 0.357422 0.460417 0.0226563 0.0347222 0.347473 107.42306709289551
7 0.669922 0.466667 0.0835937 0.147222 0.378964 107.42306709289551
2 0.640234 0.719444 0.0851562 0.152778 0.501575 107.42306709289551
2 0.384766 0.4875 0.0320312 0.0444444 0.605228 107.42306709289551
2 0.43125 0.497222 0.0328125 0.0472222 0.706278 107.42306709289551
2 0.333203 0.583333 0.0445312 0.0666667 0.723804 107.42306709289551
2 0.280859 0.547222 0.0398437 0.0611111 0.728394 107.42306709289551
2 0.382812 0.647222 0.059375 0.0861111 0.73886 107.42306709289551
2 0.697656 0.651389 0.0625 0.0944444 0.765512 107.42306709289551
2 0.132031 0.733333 0.09375 0.111111 0.78661 107.42306709289551
2 0.208203 0.800694 0.107031 0.129167 0.848656 107.42306709289551
