2 0.585156 0.449306 0.0234375 0.0402778 0.254372 179.2771816253662
2 0.539453 0.413889 0.0210938 0.025 0.254782 179.2771816253662
2 0.380078 0.502778 0.0382813 0.05 0.280964 179.2771816253662
2 0.338672 0.491667 0.0289063 0.0416667 0.280969 179.2771816253662
7 0.2125 0.636806 0.084375 0.109722 0.534479 179.2771816253662
2 0.444922 0.466667 0.0289063 0.05 0.619827 179.2771816253662
2 0.370313 0.544444 0.0390625 0.0555556 0.700391 179.2771816253662
2 0.296875 0.6375 0.0546875 0.0805556 0.750785 179.2771816253662
2 0.755859 0.738194 0.0867188 0.156944 0.756702 179.2771816253662
2 0.390234 0.70625 0.0632813 0.101389 0.780366 179.2771816253662
