7 0.357422 0.438194 0.0523437 0.0819444 0.271924 88.80257606506348
2 0.367578 0.503472 0.0539063 0.0819444 0.300189 88.80257606506348
2 0.454297 0.450694 0.0273438 0.0402778 0.34217 88.80257606506348
2 0.628516 0.526389 0.0351562 0.0472222 0.588232 88.80257606506348
2 0.550781 0.472222 0.0296875 0.0388889 0.609354 88.80257606506348
2 0.314063 0.892361 0.110937 0.193056 0.632291 88.80257606506348
2 0.429297 0.5125 0.0335938 0.0472222 0.66628 88.80257606506348
2 0.224219 0.777083 0.0984375 0.129167 0.68553 88.80257606506348
2 0.314453 0.513194 0.0367187 0.0486111 0.717446 88.80257606506348
2 0.382031 0.677083 0.065625 0.0930556 0.730657 88.80257606506348
