2 0.380078 0.511111 0.0460938 0.0416667 0.313311 124.97210502624512
2 0.546094 0.444444 0.0234375 0.0333333 0.341345 124.97210502624512
5 0.08125 0.884722 0.160938 0.230556 0.420418 124.97210502624512
2 0.434375 0.498611 0.0328125 0.0416667 0.468343 124.97210502624512
2 0.331641 0.495833 0.0398437 0.05 0.633093 124.97210502624512
2 0.397266 0.634722 0.0523437 0.0722222 0.719492 124.97210502624512
2 0.562109 0.515972 0.0335938 0.0541667 0.719779 124.97210502624512
2 0.342187 0.785417 0.0828125 0.151389 0.727345 124.97210502624512
2 0.669922 0.597917 0.0492188 0.0763889 0.744539 124.97210502624512
2 0.276563 0.684722 0.071875 0.105556 0.783691 124.97210502624512
