2 0.306641 0.531944 0.0335938 0.0555556 0.440367 111.51695251464844
2 0.387891 0.48125 0.0335938 0.0430556 0.460447 111.51695251464844
2 0.552734 0.45 0.0273438 0.0555556 0.500311 111.51695251464844
2 0.615625 0.497917 0.040625 0.0708333 0.517098 111.51695251464844
2 0.448828 0.464583 0.0304688 0.0430556 0.536384 111.51695251464844
2 0.332422 0.572222 0.0382813 0.0583333 0.652505 111.51695251464844
2 0.608594 0.65 0.0546875 0.0861111 0.745197 111.51695251464844
2 0.244922 0.728472 0.0773437 0.101389 0.747526 111.51695251464844
2 0.1375 0.725694 0.0984375 0.104167 0.751572 111.51695251464844
2 0.359375 0.745833 0.06875 0.111111 0.790886 111.51695251464844
2 0.960547 0.901389 0.0789063 0.180556 0.811891 111.51695251464844
