2 0.605469 0.428472 0.021875 0.0347222 0.278727 102.42652893066406
2 0.466016 0.40625 0.0210938 0.0375 0.282599 102.42652893066406
2 0.447656 0.477083 0.03125 0.0402778 0.568593 102.42652893066406
2 0.4 0.470833 0.025 0.0388889 0.603877 102.42652893066406
2 0.603516 0.63125 0.0554687 0.0958333 0.630795 102.42652893066406
2 0.283984 0.546528 0.0445312 0.0597222 0.667005 102.42652893066406
2 0.672266 0.598611 0.0492188 0.0805556 0.693088 102.42652893066406
2 0.705078 0.547222 0.0382813 0.0555556 0.694333 102.42652893066406
2 0.346484 0.759722 0.0742188 0.116667 0.811664 102.42652893066406
2 0.113672 0.882639 0.169531 0.220833 0.835828 102.42652893066406
