2 0.447656 0.4125 0.03125 0.0305556 0.263319 200.13928413391113
2 0.334375 0.501389 0.0296875 0.0472222 0.347168 200.13928413391113
2 0.335938 0.529167 0.0390625 0.0805556 0.409365 200.13928413391113
2 0.450391 0.464583 0.0289063 0.0347222 0.447928 200.13928413391113
2 0.360156 0.702778 0.096875 0.205556 0.555692 200.13928413391113
2 0.608984 0.492361 0.0320312 0.0430556 0.573952 200.13928413391113
2 0.555469 0.477778 0.0296875 0.0444444 0.580678 200.13928413391113
2 0.657422 0.496528 0.0351562 0.0513889 0.694006 200.13928413391113
2 0.420703 0.571528 0.0398437 0.0625 0.750374 200.13928413391113
2 0.337109 0.566667 0.0445312 0.0583333 0.751863 200.13928413391113
2 0.950781 0.884028 0.0984375 0.206944 0.769934 200.13928413391113
2 0.179688 0.677083 0.084375 0.104167 0.812755 200.13928413391113
2 0.191406 0.838194 0.1125 0.1625 0.838447 200.13928413391113
2 0.58125 0.554861 0.0375 0.0652778 0.852691 200.13928413391113
