2 0.453516 0.452778 0.0210938 0.0305556 0.29213 367.68293380737305
2 0.641016 0.479167 0.0257812 0.0388889 0.419163 367.68293380737305
2 0.402344 0.465278 0.025 0.0388889 0.423798 367.68293380737305
2 0.583594 0.450694 0.0265625 0.0319444 0.441809 367.68293380737305
2 0.0230469 0.929167 0.0460938 0.116667 0.448893 367.68293380737305
2 0.228906 0.95625 0.140625 0.0875 0.452714 367.68293380737305
2 0.324219 0.509722 0.03125 0.05 0.50739 367.68293380737305
7 0.249219 0.563194 0.0875 0.140278 0.602147 367.68293380737305
2 0.555469 0.482639 0.03125 0.0597222 0.645452 367.68293380737305
2 0.430859 0.490972 0.0367187 0.0763889 0.685143 367.68293380737305
2 0.355078 0.547222 0.0398437 0.0611111 0.700159 367.68293380737305
2 0.735547 0.599306 0.0492188 0.0736111 0.765572 367.68293380737305
2 0.266797 0.692361 0.0679687 0.104167 0.783545 367.68293380737305
2 0.408594 0.595833 0.04375 0.0722222 0.798617 367.68293380737305
