2 0.448438 0.453472 0.03125 0.0375 0.438463 145.28489112854004
7 0.792188 0.759028 0.151562 0.309722 0.55254 145.28489112854004
2 0.180859 0.736111 0.107031 0.197222 0.574809 145.28489112854004
2 0.353516 0.466667 0.0289063 0.0416667 0.593575 145.28489112854004
2 0.391016 0.481944 0.0335938 0.0444444 0.60043 145.28489112854004
2 0.668359 0.510417 0.0382813 0.0541667 0.674417 145.28489112854004
2 0.353906 0.740278 0.078125 0.125 0.687653 145.28489112854004
2 0.175 0.685417 0.0921875 0.109722 0.70822 145.28489112854004
2 0.569922 0.54375 0.0367187 0.0569444 0.709127 145.28489112854004
2 0.319531 0.596528 0.05 0.0680556 0.784963 145.28489112854004
2 0.414844 0.573611 0.04375 0.0666667 0.79248 145.28489112854004
2 0.1875 0.801389 0.121875 0.15 0.840139 145.28489112854004
