2 0.401172 0.452778 0.0257812 0.0305556 0.252043 153.57136726379395
2 0.901172 0.965972 0.102344 0.0680556 0.435036 153.57136726379395
2 0.545703 0.442361 0.0273438 0.0375 0.506552 153.57136726379395
2 0.294141 0.547222 0.0335938 0.05 0.521289 153.57136726379395
2 0.602344 0.472222 0.0328125 0.0611111 0.593866 153.57136726379395
2 0.383203 0.486111 0.0351562 0.0472222 0.624193 153.57136726379395
2 0.444922 0.473611 0.0289063 0.0444444 0.624536 153.57136726379395
2 0.319922 0.59375 0.0414063 0.0597222 0.694713 153.57136726379395
2 0.585156 0.579861 0.0421875 0.0736111 0.724242 153.57136726379395
2 0.342969 0.805556 0.0828125 0.125 0.765228 153.57136726379395
2 0.0957031 0.772222 0.110156 0.119444 0.774863 153.57136726379395
2 0.215234 0.782639 0.0945313 0.129167 0.845832 153.57136726379395
2 0.867578 0.753472 0.0929687 0.129167 0.863975 153.57136726379395
