2 0.354688 0.54375 0.04375 0.0541667 0.314355 119.6441650390625
2 0.353906 0.577778 0.04375 0.102778 0.411812 119.6441650390625
2 0.104687 0.765278 0.135937 0.183333 0.519183 119.6441650390625
2 0.305078 0.527083 0.0335938 0.0486111 0.586079 119.6441650390625
2 0.626562 0.51875 0.0390625 0.0569444 0.697862 119.6441650390625
2 0.355469 0.608333 0.040625 0.0666667 0.710311 119.6441650390625
2 0.434375 0.495833 0.034375 0.0638889 0.713896 119.6441650390625
2 0.733984 0.916667 0.125781 0.163889 0.71555 119.6441650390625
2 0.318359 0.934722 0.114844 0.130556 0.78561 119.6441650390625
2 0.222656 0.776389 0.09375 0.122222 0.836628 119.6441650390625
2 0.939844 0.865278 0.120312 0.172222 0.853907 119.6441650390625
