2 0.447656 0.459722 0.028125 0.0388889 0.304199 175.52709579467773
2 0.31875 0.502778 0.0328125 0.0472222 0.307328 175.52709579467773
2 0.404687 0.459028 0.0234375 0.0347222 0.333124 175.52709579467773
2 0.352734 0.472917 0.0304688 0.0402778 0.373519 175.52709579467773
2 0.667188 0.577083 0.0546875 0.1125 0.474178 175.52709579467773
2 0.102734 0.763889 0.110156 0.122222 0.601245 175.52709579467773
2 0.421484 0.530556 0.0351562 0.0555556 0.685756 175.52709579467773
2 0.287891 0.935417 0.127344 0.129167 0.699055 175.52709579467773
2 0.337891 0.584722 0.0445312 0.0694444 0.732273 175.52709579467773
2 0.195312 0.838194 0.117188 0.148611 0.752972 175.52709579467773
2 0.799219 0.673611 0.0703125 0.0944444 0.761085 175.52709579467773
2 0.266406 0.575694 0.0453125 0.0597222 0.765087 175.52709579467773
