7 0.426562 0.376389 0.03125 0.0472222 0.251638 105.4983139038086
2 0.466797 0.404167 0.0210938 0.0305556 0.25415 105.4983139038086
2 0.367578 0.457639 0.0273438 0.0458333 0.257794 105.4983139038086
2 0.427344 0.427083 0.0203125 0.0347222 0.265807 105.4983139038086
2 0.435937 0.483333 0.028125 0.0388889 0.422134 105.4983139038086
2 0.303516 0.529167 0.0351562 0.0472222 0.516796 105.4983139038086
2 0.620313 0.441667 0.03125 0.0555556 0.520444 105.4983139038086
2 0.401563 0.46875 0.0296875 0.0375 0.544328 105.4983139038086
2 0.354297 0.535417 0.0367187 0.0541667 0.716304 105.4983139038086
5 0.151953 0.745833 0.286719 0.483333 0.724145 105.4983139038086
2 0.382031 0.645139 0.05625 0.0819444 0.792931 105.4983139038086
