2 0.467187 0.398611 0.021875 0.0305556 0.252181 99.43509101867676
2 0.578906 0.388889 0.0234375 0.0388889 0.280061 99.43509101867676
2 0.452344 0.45 0.028125 0.0416667 0.344724 99.43509101867676
2 0.586719 0.449306 0.0265625 0.0347222 0.403492 99.43509101867676
2 0.399219 0.464583 0.0296875 0.0430556 0.443753 99.43509101867676
2 0.343359 0.48125 0.0304688 0.0430556 0.478965 99.43509101867676
2 0.354688 0.499306 0.04375 0.0569444 0.503477 99.43509101867676
2 0.360547 0.518056 0.0382813 0.0611111 0.51804 99.43509101867676
2 0.430469 0.502083 0.0328125 0.0513889 0.660318 99.43509101867676
2 0.566016 0.5125 0.0304688 0.0555556 0.669843 99.43509101867676
2 0.31875 0.616667 0.0515625 0.075 0.706624 99.43509101867676
2 0.229297 0.613889 0.0601562 0.0861111 0.725472 99.43509101867676
