2 0.573047 0.43125 0.0320312 0.0486111 0.256514 108.44016075134277
2 0.535547 0.415972 0.0273438 0.0319444 0.293079 108.44016075134277
2 0.387109 0.483333 0.0304688 0.0416667 0.321651 108.44016075134277
5 0.603906 0.406944 0.0421875 0.0888889 0.361818 108.44016075134277
2 0.281641 0.552778 0.0398437 0.0583333 0.654383 108.44016075134277
2 0.0496094 0.873611 0.0992187 0.172222 0.658618 108.44016075134277
2 0.352734 0.549306 0.0367187 0.0541667 0.661963 108.44016075134277
2 0.421875 0.544444 0.0328125 0.0555556 0.69336 108.44016075134277
2 0.265625 0.6875 0.0796875 0.113889 0.710143 108.44016075134277
2 0.619141 0.520833 0.0382813 0.0583333 0.718523 108.44016075134277
2 0.357031 0.76875 0.078125 0.126389 0.727832 108.44016075134277
2 0.55625 0.502778 0.0359375 0.05 0.768699 108.44016075134277
