2 0.328516 0.502083 0.0367187 0.0486111 0.301308 106.43744468688965
2 0.384375 0.494444 0.028125 0.0444444 0.421545 106.43744468688965
2 0.0898438 0.959028 0.159375 0.0819444 0.512157 106.43744468688965
2 0.641406 0.788194 0.0828125 0.145833 0.517822 106.43744468688965
2 0.438672 0.488889 0.0273438 0.0444444 0.54882 106.43744468688965
2 0.610547 0.502778 0.0351562 0.05 0.55774 106.43744468688965
2 0.551172 0.463194 0.0257812 0.0402778 0.66008 106.43744468688965
2 0.190625 0.673611 0.0953125 0.0972222 0.718862 106.43744468688965
2 0.329297 0.579861 0.0429688 0.0763889 0.743225 106.43744468688965
2 0.665625 0.581944 0.0453125 0.0777778 0.744084 106.43744468688965
5 0.644141 0.445139 0.0632813 0.1375 0.775232 106.43744468688965
2 0.402344 0.617361 0.046875 0.0763889 0.777397 106.43744468688965
2 0.792578 0.814583 0.107031 0.190278 0.828234 106.43744468688965
