2 0.428906 0.420139 0.021875 0.0347222 0.328703 127.02655792236328
2 0.455859 0.445139 0.0257812 0.0347222 0.370948 127.02655792236328
2 0.723828 0.906944 0.130469 0.186111 0.512519 127.02655792236328
7 0.621094 0.428472 0.0546875 0.0958333 0.515703 127.02655792236328
2 0.558594 0.481944 0.0265625 0.0416667 0.565014 127.02655792236328
2 0.387891 0.486806 0.0304688 0.0402778 0.586419 127.02655792236328
2 0.435937 0.513889 0.034375 0.0472222 0.704172 127.02655792236328
2 0.392578 0.629861 0.0445312 0.0791667 0.724371 127.02655792236328
2 0.132422 0.735417 0.0976562 0.109722 0.783779 127.02655792236328
2 0.150781 0.901389 0.13125 0.180556 0.843252 127.02655792236328
