2 0.567969 0.420139 0.021875 0.0263889 0.261455 128.5538673400879
2 0.465234 0.404167 0.0210938 0.0333333 0.261949 128.5538673400879
2 0.321875 0.502083 0.03125 0.0458333 0.410163 128.5538673400879
2 0.447266 0.466667 0.0273438 0.0388889 0.440498 128.5538673400879
2 0.389062 0.483333 0.03125 0.0472222 0.4459 128.5538673400879
2 0.548047 0.452083 0.0195312 0.0319444 0.473345 128.5538673400879
2 0.167187 0.684028 0.090625 0.106944 0.654666 128.5538673400879
2 0.421094 0.532639 0.0359375 0.0597222 0.707484 128.5538673400879
2 0.342187 0.548611 0.0453125 0.0638889 0.708564 128.5538673400879
2 0.280078 0.6875 0.0695312 0.1 0.735754 128.5538673400879
