5 0.169922 0.780556 0.111719 0.211111 0.32215 126.01208686828613
5 0.084375 0.847917 0.167187 0.293056 0.325336 126.01208686828613
2 0.439453 0.481944 0.0320312 0.0444444 0.460781 126.01208686828613
2 0.552734 0.463194 0.0289063 0.0402778 0.48913 126.01208686828613
2 0.342187 0.482639 0.0328125 0.0458333 0.530939 126.01208686828613
2 0.302344 0.635417 0.0609375 0.0847222 0.683958 126.01208686828613
2 0.364453 0.722917 0.0679687 0.115278 0.712582 126.01208686828613
2 0.580859 0.570139 0.0382813 0.0708333 0.748651 126.01208686828613
2 0.409766 0.597222 0.0492188 0.0611111 0.753242 126.01208686828613
2 0.733203 0.701389 0.0726563 0.125 0.827338 126.01208686828613
