2 0.277344 0.632639 0.110937 0.1875 0.274106 109.4202995300293
7 0.295703 0.489583 0.0773437 0.118056 0.278088 109.4202995300293
2 0.250391 0.693056 0.132031 0.183333 0.281523 109.4202995300293
2 0.441016 0.494444 0.0351562 0.0694444 0.294642 109.4202995300293
2 0.944531 0.854861 0.107813 0.148611 0.325461 109.4202995300293
2 0.205469 0.669444 0.104687 0.141667 0.327686 109.4202995300293
2 0.291406 0.600694 0.090625 0.104167 0.364339 109.4202995300293
2 0.551953 0.4625 0.0242187 0.0527778 0.38533 109.4202995300293
2 0.448047 0.457639 0.0304688 0.0402778 0.415547 109.4202995300293
2 0.402344 0.461111 0.034375 0.0472222 0.416979 109.4202995300293
2 0.642578 0.480556 0.0320312 0.0444444 0.46826 109.4202995300293
2 0.376172 0.509028 0.0335938 0.0458333 0.665519 109.4202995300293
2 0.657422 0.575 0.0507812 0.0972222 0.670282 109.4202995300293
2 0.433594 0.520139 0.0359375 0.0569444 0.675916 109.4202995300293
2 0.185937 0.655556 0.0640625 0.0833333 0.722624 109.4202995300293
2 0.383984 0.654167 0.0554687 0.0833333 0.764783 109.4202995300293
