2 0.412891 0.443056 0.0273438 0.0388889 0.283106 110.43787002563477
2 0.353516 0.470139 0.0242187 0.0375 0.478272 110.43787002563477
2 0.657031 0.511111 0.0390625 0.05 0.571899 110.43787002563477
2 0.441406 0.470139 0.025 0.0402778 0.602171 110.43787002563477
2 0.277734 0.554861 0.0414063 0.0625 0.606689 110.43787002563477
2 0.351172 0.820833 0.0898438 0.147222 0.701712 110.43787002563477
2 0.409766 0.586806 0.0445312 0.0652778 0.789322 110.43787002563477
2 0.328125 0.597917 0.0484375 0.0708333 0.799808 110.43787002563477
5 0.0792969 0.779861 0.158594 0.398611 0.851076 110.43787002563477
2 0.207422 0.803472 0.105469 0.129167 0.865016 110.43787002563477
