2 0.558203 0.470833 0.0242187 0.0361111 0.258997 111.56082153320312
2 0.453125 0.433333 0.0328125 0.0555556 0.276235 111.56082153320312
2 0.0238281 0.917361 0.0476562 0.109722 0.296434 111.56082153320312
2 0.351953 0.472222 0.0304688 0.0388889 0.416021 111.56082153320312
2 0.386328 0.497917 0.0320312 0.0430556 0.422432 111.56082153320312
2 0.307813 0.528472 0.0390625 0.0541667 0.607695 111.56082153320312
2 0.680859 0.525 0.0367187 0.05 0.629675 111.56082153320312
2 0.348437 0.808333 0.0859375 0.127778 0.767737 111.56082153320312
2 0.404687 0.563194 0.0375 0.0652778 0.784519 111.56082153320312
2 0.602734 0.60625 0.0460938 0.0736111 0.791436 111.56082153320312
