2 0.0113281 0.917361 0.0210938 0.0930556 0.35606 111.39607429504395
2 0.553516 0.475694 0.0304688 0.0486111 0.504881 111.39607429504395
2 0.354297 0.477083 0.0289063 0.0430556 0.506182 111.39607429504395
2 0.45 0.464583 0.034375 0.0486111 0.579076 111.39607429504395
2 0.410547 0.451389 0.0320312 0.0472222 0.57924 111.39607429504395
2 0.666406 0.520139 0.0390625 0.0541667 0.619786 111.39607429504395
2 0.269531 0.571528 0.05 0.0652778 0.62689 111.39607429504395
2 0.251953 0.734722 0.0835937 0.111111 0.705719 111.39607429504395
2 0.583984 0.582639 0.0429688 0.0680556 0.720592 111.39607429504395
2 0.907422 0.926389 0.149219 0.147222 0.73079 111.39607429504395
2 0.410937 0.597917 0.0453125 0.0652778 0.766947 111.39607429504395
