2 0.505855 0.614583 0.0491803 0.0416667 0.275582 116.83464050292969
2 0.291569 0.0875 0.0234192 0.05 0.312014 116.83464050292969
2 0.331967 0.1375 0.0316159 0.05 0.331526 116.83464050292969
5 0.112998 0.717708 0.125293 0.222917 0.337619 116.83464050292969
2 0.417447 0.198958 0.0362998 0.0604167 0.380491 116.83464050292969
2 0.449649 0.283333 0.0468384 0.0791667 0.486546 116.83464050292969
2 0.258197 0.320833 0.0761124 0.15 0.49805 116.83464050292969
2 0.338993 0.226042 0.0362998 0.0604167 0.546952 116.83464050292969
2 0.235948 0.163542 0.0433255 0.0604167 0.591655 116.83464050292969
2 0.185012 0.526042 0.0843091 0.152083 0.611519 116.83464050292969
2 0.334309 0.435417 0.057377 0.120833 0.643226 116.83464050292969
2 0.285129 0.179167 0.0433255 0.1 0.653203 116.83464050292969
2 0.49356 0.484375 0.057377 0.127083 0.664594 116.83464050292969
