2 0.32904 0.107292 0.0257611 0.04375 0.276736 105.43704032897949
2 0.290984 0.0541667 0.0245902 0.0416667 0.289548 105.43704032897949
2 0.183255 0.5125 0.0831382 0.1375 0.399442 105.43704032897949
2 0.336651 0.177083 0.0316159 0.05 0.433599 105.43704032897949
2 0.267564 0.288542 0.0667447 0.135417 0.497946 105.43704032897949
2 0.285714 0.146875 0.0421546 0.08125 0.558408 105.43704032897949
2 0.423302 0.226042 0.0409836 0.06875 0.565642 105.43704032897949
5 0.17096 0.7375 0.290398 0.5125 0.598467 105.43704032897949
2 0.237705 0.1625 0.0374707 0.0625 0.613781 105.43704032897949
2 0.346019 0.319792 0.0433255 0.0854167 0.684737 105.43704032897949
2 0.473653 0.371875 0.0503513 0.09375 0.705097 105.43704032897949
