2 0.338407 0.132292 0.0327869 0.0770833 0.259689 119.03691291809082
2 0.333138 0.1 0.0269321 0.0416667 0.334011 119.03691291809082
2 0.34192 0.155208 0.030445 0.0479167 0.399301 119.03691291809082
2 0.264052 0.29375 0.0690866 0.154167 0.447172 119.03691291809082
2 0.175059 0.538542 0.118267 0.185417 0.47985 119.03691291809082
2 0.396955 0.154167 0.0398126 0.0666667 0.506623 119.03691291809082
2 0.207845 0.879167 0.137002 0.229167 0.553588 119.03691291809082
2 0.433255 0.234375 0.0421546 0.0854167 0.579308 119.03691291809082
2 0.471311 0.421875 0.057377 0.127083 0.590339 119.03691291809082
2 0.0567916 0.873958 0.113583 0.239583 0.614358 119.03691291809082
2 0.235948 0.163542 0.0456674 0.0645833 0.64677 119.03691291809082
2 0.327283 0.440625 0.0620609 0.127083 0.740539 119.03691291809082
