2 0.336651 0.159375 0.0339578 0.0604167 0.3943 116.88709259033203
2 0.32904 0.096875 0.0234192 0.0395833 0.394891 116.88709259033203
2 0.184426 0.503125 0.0761124 0.127083 0.435334 116.88709259033203
2 0.287471 0.135417 0.0362998 0.0875 0.445404 116.88709259033203
2 0.272248 0.272917 0.059719 0.133333 0.526073 116.88709259033203
2 0.416862 0.209375 0.0374707 0.05625 0.546507 116.88709259033203
2 0.237705 0.163542 0.0421546 0.0645833 0.632822 116.88709259033203
5 0.499415 0.709375 0.0714286 0.21875 0.637037 116.88709259033203
5 0.18911 0.707292 0.300937 0.58125 0.647228 116.88709259033203
2 0.34719 0.288542 0.0386417 0.0770833 0.729923 116.88709259033203
2 0.464286 0.34375 0.0503513 0.0875 0.734553 116.88709259033203
