2 0.287471 0.138542 0.029274 0.05625 0.314758 118.43252182006836
5 0.254684 0.833333 0.120609 0.2875 0.428733 118.43252182006836
2 0.240047 0.370833 0.088993 0.1625 0.448151 118.43252182006836
2 0.410422 0.207292 0.0386417 0.0645833 0.492004 118.43252182006836
2 0.337822 0.345833 0.0433255 0.0958333 0.552208 118.43252182006836
2 0.0690866 0.859375 0.138173 0.26875 0.557242 118.43252182006836
2 0.340164 0.207292 0.0362998 0.0604167 0.56707 118.43252182006836
2 0.279859 0.227083 0.0491803 0.108333 0.586709 118.43252182006836
2 0.235948 0.163542 0.0456674 0.0645833 0.591984 118.43252182006836
2 0.459016 0.286458 0.0468384 0.0895833 0.610309 118.43252182006836
2 0.491218 0.459375 0.0550351 0.11875 0.67293 118.43252182006836
2 0.169789 0.56875 0.0960187 0.175 0.700254 118.43252182006836
