2 0.290398 0.078125 0.028103 0.06875 0.25547 99.18427467346191
2 0.505855 0.613542 0.0468384 0.0395833 0.303987 99.18427467346191
2 0.329625 0.119792 0.0245902 0.04375 0.306262 99.18427467346191
2 0.34192 0.196875 0.0351288 0.0645833 0.388932 99.18427467346191
2 0.395199 0.1625 0.0362998 0.0541667 0.404526 99.18427467346191
2 0.433841 0.257292 0.0550351 0.08125 0.447778 99.18427467346191
2 0.283958 0.198958 0.0503513 0.10625 0.603714 99.18427467346191
2 0.479508 0.411458 0.0456674 0.0895833 0.648502 99.18427467346191
2 0.237705 0.160417 0.0421546 0.0583333 0.652647 99.18427467346191
5 0.306206 0.421875 0.111241 0.364583 0.758725 99.18427467346191
5 0.137588 0.680208 0.120609 0.252083 0.767028 99.18427467346191
2 0.197892 0.494792 0.0843091 0.139583 0.768596 99.18427467346191
