2 0.331967 0.267708 0.0737705 0.222917 0.358621 139.3260955810547
2 0.389344 0.136458 0.0339578 0.0604167 0.470872 139.3260955810547
2 0.497658 0.611458 0.0702576 0.18125 0.533475 139.3260955810547
2 0.028103 0.965625 0.0562061 0.06875 0.580317 139.3260955810547
2 0.290398 0.144792 0.0444965 0.0770833 0.58383 139.3260955810547
2 0.421546 0.214583 0.0398126 0.0666667 0.656341 139.3260955810547
2 0.235948 0.83125 0.125293 0.2875 0.664901 139.3260955810547
5 0.145785 0.664583 0.115925 0.25 0.70306 139.3260955810547
2 0.237119 0.1625 0.0409836 0.0625 0.703975 139.3260955810547
2 0.45726 0.316667 0.0433255 0.0708333 0.705953 139.3260955810547
2 0.214871 0.45 0.0667447 0.129167 0.764535 139.3260955810547
