2 0.286885 0.147917 0.0327869 0.0583333 0.259001 112.67971992492676
2 0.392857 0.1375 0.029274 0.05 0.381579 112.67971992492676
2 0.418618 0.222917 0.0386417 0.0708333 0.423336 112.67971992492676
2 0.233021 0.379167 0.0983607 0.179167 0.432794 112.67971992492676
2 0.279274 0.233333 0.0526932 0.1125 0.44101 112.67971992492676
2 0.497073 0.510417 0.057377 0.145833 0.517974 112.67971992492676
2 0.342506 0.221875 0.0362998 0.0604167 0.598398 112.67971992492676
2 0.235948 0.163542 0.0456674 0.0645833 0.601856 112.67971992492676
2 0.0614754 0.880208 0.122951 0.235417 0.650257 112.67971992492676
2 0.333138 0.376042 0.0480094 0.0979167 0.658617 112.67971992492676
2 0.227752 0.892708 0.129977 0.20625 0.668893 112.67971992492676
2 0.465457 0.319792 0.0503513 0.08125 0.671625 112.67971992492676
2 0.161592 0.585417 0.0983607 0.179167 0.758223 112.67971992492676
