2 0.288056 0.130208 0.028103 0.05625 0.251645 135.14328002929688
2 0.531616 0.851042 0.0913349 0.289583 0.258873 135.14328002929688
2 0.406909 0.19375 0.0386417 0.0625 0.434343 135.14328002929688
2 0.241218 0.359375 0.0843091 0.16875 0.43749 135.14328002929688
2 0.450234 0.271875 0.0503513 0.08125 0.440395 135.14328002929688
5 0.278103 0.733333 0.106557 0.241667 0.452306 135.14328002929688
2 0.074356 0.845833 0.148712 0.3 0.552599 135.14328002929688
2 0.280445 0.223958 0.0480094 0.10625 0.576292 135.14328002929688
2 0.235948 0.1625 0.0456674 0.0666667 0.577694 135.14328002929688
2 0.337822 0.191667 0.0339578 0.0625 0.591834 135.14328002929688
2 0.484192 0.416667 0.0503513 0.0958333 0.646159 135.14328002929688
2 0.340164 0.319792 0.0409836 0.0854167 0.715561 135.14328002929688
2 0.174473 0.557292 0.0936768 0.172917 0.738914 135.14328002929688
