2 0.290398 0.0583333 0.028103 0.0583333 0.264341 99.72882270812988
2 0.391686 0.147917 0.0339578 0.0541667 0.391017 99.72882270812988
2 0.342506 0.164583 0.0269321 0.0458333 0.420959 99.72882270812988
5 0.508197 0.7875 0.0913349 0.270833 0.481797 99.72882270812988
2 0.427986 0.23125 0.0456674 0.0791667 0.527986 99.72882270812988
2 0.0216628 0.976042 0.0433255 0.0479167 0.546577 99.72882270812988
5 0.3226 0.326042 0.0854801 0.28125 0.651256 99.72882270812988
2 0.287471 0.170833 0.0456674 0.0875 0.654876 99.72882270812988
2 0.466628 0.347917 0.0456674 0.0958333 0.680752 99.72882270812988
2 0.237119 0.164583 0.0433255 0.0666667 0.683568 99.72882270812988
2 0.206089 0.470833 0.0749414 0.133333 0.79441 99.72882270812988
5 0.142272 0.675 0.115925 0.245833 0.810187 99.72882270812988
