2 0.289813 0.078125 0.0245902 0.03125 0.292123 116.40000343322754
5 0.469555 0.384375 0.0632318 0.18125 0.327241 116.40000343322754
2 0.331382 0.0958333 0.028103 0.0458333 0.376105 116.40000343322754
2 0.166276 0.391667 0.0960187 0.108333 0.387578 116.40000343322754
2 0.276932 0.265625 0.0362998 0.06875 0.660041 116.40000343322754
2 0.236534 0.163542 0.0421546 0.0645833 0.697826 116.40000343322754
2 0.244731 0.371875 0.0655738 0.13125 0.702243 116.40000343322754
2 0.343091 0.265625 0.0398126 0.0729167 0.712041 116.40000343322754
2 0.318501 0.523958 0.0655738 0.135417 0.732868 116.40000343322754
5 0.147541 0.611458 0.149883 0.327083 0.883296 116.40000343322754
