5 0.498829 0.816667 0.0796253 0.25 0.301649 120.26309967041016
2 0.329625 0.101042 0.0245902 0.04375 0.328801 120.26309967041016
2 0.337822 0.170833 0.0316159 0.0541667 0.404784 120.26309967041016
2 0.184426 0.509375 0.0831382 0.135417 0.409717 120.26309967041016
5 0.180913 0.722917 0.305621 0.55 0.411547 120.26309967041016
2 0.286885 0.144792 0.0398126 0.0770833 0.497955 120.26309967041016
2 0.268735 0.283333 0.0667447 0.1375 0.591638 120.26309967041016
2 0.421546 0.217708 0.0374707 0.0645833 0.601266 120.26309967041016
2 0.23829 0.1625 0.0386417 0.0625 0.641086 120.26309967041016
2 0.470141 0.358333 0.0503513 0.0916667 0.729847 120.26309967041016
2 0.347775 0.30625 0.0444965 0.0833333 0.733202 120.26309967041016
