2 0.291569 0.084375 0.0234192 0.0479167 0.289217 130.54704666137695
2 0.388759 0.1375 0.0351288 0.0541667 0.313361 130.54704666137695
2 0.416862 0.195833 0.0374707 0.0666667 0.384799 130.54704666137695
2 0.115925 0.705208 0.117096 0.19375 0.390221 130.54704666137695
2 0.505855 0.6125 0.0491803 0.0416667 0.417758 130.54704666137695
2 0.446721 0.277083 0.0456674 0.075 0.446456 130.54704666137695
2 0.258782 0.31875 0.0772834 0.145833 0.469826 130.54704666137695
2 0.338407 0.220833 0.0327869 0.0625 0.602268 130.54704666137695
2 0.236534 0.1625 0.0421546 0.0625 0.637577 130.54704666137695
2 0.186768 0.526042 0.087822 0.152083 0.645998 130.54704666137695
2 0.492974 0.477083 0.0538642 0.120833 0.671455 130.54704666137695
2 0.336651 0.421875 0.0526932 0.114583 0.687229 130.54704666137695
2 0.285129 0.177083 0.0433255 0.1 0.693617 130.54704666137695
