2 0.284543 0.167708 0.0374707 0.0604167 0.254653 117.68794059753418
2 0.380562 0.107292 0.0327869 0.0604167 0.304262 117.68794059753418
5 0.217799 0.433333 0.0983607 0.158333 0.373032 117.68794059753418
5 0.517564 0.84375 0.0843091 0.295833 0.454665 117.68794059753418
2 0.271663 0.25625 0.0562061 0.133333 0.491274 117.68794059753418
2 0.406909 0.160417 0.0362998 0.0625 0.529172 117.68794059753418
2 0.237119 0.164583 0.0456674 0.0666667 0.581406 117.68794059753418
2 0.436183 0.284375 0.0456674 0.0770833 0.608248 117.68794059753418
2 0.488876 0.4375 0.057377 0.125 0.627877 117.68794059753418
2 0.344848 0.2875 0.0433255 0.0791667 0.648008 117.68794059753418
2 0.31089 0.508333 0.0690866 0.15 0.678014 117.68794059753418
2 0.135246 0.659375 0.111241 0.210417 0.800242 117.68794059753418
