7 0.105386 0.655208 0.147541 0.227083 0.261684 95.77703475952148
2 0.289227 0.201042 0.0257611 0.04375 0.342176 95.77703475952148
2 0.341335 0.148958 0.0339578 0.0520833 0.38345 95.77703475952148
2 0.327869 0.0677083 0.0257611 0.03125 0.454815 95.77703475952148
5 0.241218 0.377083 0.0843091 0.183333 0.459015 95.77703475952148
7 0.0626464 0.83125 0.125293 0.2625 0.52108 95.77703475952148
2 0.424473 0.222917 0.0503513 0.1 0.59901 95.77703475952148
2 0.276932 0.263542 0.0456674 0.0854167 0.612475 95.77703475952148
2 0.350703 0.247917 0.0433255 0.0708333 0.641075 95.77703475952148
2 0.236534 0.1625 0.0444965 0.0625 0.679597 95.77703475952148
2 0.234778 0.847917 0.132318 0.291667 0.740764 95.77703475952148
2 0.474824 0.382292 0.0503513 0.114583 0.749259 95.77703475952148
