2 0.291569 0.0822917 0.0257611 0.03125 0.265525 114.57943916320801
2 0.156323 0.414583 0.104215 0.120833 0.278146 114.57943916320801
2 0.331967 0.1 0.0316159 0.0458333 0.391582 114.57943916320801
5 0.478337 0.423958 0.0667447 0.19375 0.518183 114.57943916320801
2 0.275176 0.276042 0.0421546 0.0729167 0.651324 114.57943916320801
2 0.301522 0.592708 0.0807962 0.172917 0.652831 114.57943916320801
2 0.237119 0.163542 0.0409836 0.0645833 0.661725 114.57943916320801
2 0.338993 0.290625 0.0386417 0.0770833 0.710379 114.57943916320801
2 0.239461 0.391667 0.0644028 0.15 0.730189 114.57943916320801
5 0.12822 0.6625 0.165105 0.358333 0.887765 114.57943916320801
