2 0.403981 0.182292 0.0398126 0.0604167 0.329294 132.7195167541504
2 0.289227 0.128125 0.028103 0.0520833 0.330571 132.7195167541504
5 0.528103 0.775 0.0866511 0.291667 0.458989 132.7195167541504
2 0.244731 0.357292 0.0843091 0.160417 0.510046 132.7195167541504
2 0.446721 0.257292 0.0456674 0.0770833 0.519013 132.7195167541504
2 0.281616 0.217708 0.0503513 0.110417 0.527091 132.7195167541504
2 0.288056 0.672917 0.0913349 0.2125 0.533386 132.7195167541504
2 0.235948 0.1625 0.0456674 0.0666667 0.555267 132.7195167541504
2 0.337822 0.184375 0.0339578 0.0520833 0.633351 132.7195167541504
2 0.17623 0.55 0.0925059 0.170833 0.642891 132.7195167541504
2 0.338993 0.307292 0.0409836 0.0770833 0.698393 132.7195167541504
2 0.474824 0.386458 0.0526932 0.110417 0.709879 132.7195167541504
5 0.0766979 0.835417 0.153396 0.304167 0.80511 132.7195167541504
