7 0.198478 0.484375 0.106557 0.16875 0.2923 113.38305473327637
2 0.285129 0.185417 0.0362998 0.0583333 0.320036 113.38305473327637
2 0.329625 0.0854167 0.0269321 0.0416667 0.379569 113.38305473327637
2 0.341335 0.135417 0.029274 0.0375 0.392744 113.38305473327637
2 0.391101 0.127083 0.0327869 0.0583333 0.445172 113.38305473327637
2 0.421546 0.205208 0.0374707 0.0645833 0.503253 113.38305473327637
2 0.264052 0.69375 0.106557 0.245833 0.605241 113.38305473327637
2 0.26815 0.278125 0.058548 0.135417 0.61832 113.38305473327637
2 0.236534 0.161458 0.0421546 0.0645833 0.67291 113.38305473327637
2 0.340164 0.361458 0.0550351 0.102083 0.695971 113.38305473327637
2 0.460187 0.352083 0.0515222 0.0958333 0.7541 113.38305473327637
2 0.0895785 0.771875 0.141686 0.252083 0.80088 113.38305473327637
5 0.508782 0.611458 0.0714286 0.202083 0.804786 113.38305473327637
