2 0.330796 0.096875 0.0245902 0.0395833 0.32919 105.0419807434082
7 0.183255 0.521875 0.118267 0.19375 0.332051 105.0419807434082
2 0.34192 0.151042 0.028103 0.0479167 0.358174 105.0419807434082
2 0.21897 0.859375 0.131148 0.26875 0.402805 105.0419807434082
5 0.514051 0.845833 0.0866511 0.304167 0.483303 105.0419807434082
2 0.39637 0.152083 0.0362998 0.0583333 0.484543 105.0419807434082
2 0.265808 0.291667 0.0655738 0.154167 0.50649 105.0419807434082
2 0.431499 0.222917 0.0456674 0.1 0.596914 105.0419807434082
2 0.236534 0.161458 0.0421546 0.0645833 0.652224 105.0419807434082
2 0.467799 0.403125 0.059719 0.11875 0.697156 105.0419807434082
2 0.0632318 0.864583 0.126464 0.266667 0.753767 105.0419807434082
2 0.32904 0.426042 0.058548 0.122917 0.754792 105.0419807434082
