2 0.380562 0.107292 0.0327869 0.0604167 0.26894 93.92285346984863
2 0.284543 0.167708 0.0374707 0.05625 0.286758 93.92285346984863
2 0.505855 0.614583 0.0468384 0.0375 0.304159 93.92285346984863
2 0.272834 0.25625 0.0562061 0.1375 0.409888 93.92285346984863
5 0.517564 0.83125 0.0843091 0.3 0.472206 93.92285346984863
5 0.219555 0.429167 0.0971897 0.1625 0.494259 93.92285346984863
2 0.406323 0.160417 0.0351288 0.0583333 0.587424 93.92285346984863
2 0.237705 0.164583 0.0444965 0.0666667 0.60796 93.92285346984863
2 0.433841 0.28125 0.0480094 0.0791667 0.625282 93.92285346984863
2 0.344848 0.283333 0.0409836 0.075 0.67322 93.92285346984863
2 0.489461 0.433333 0.058548 0.120833 0.675406 93.92285346984863
2 0.31089 0.5 0.0667447 0.15 0.678417 93.92285346984863
2 0.137588 0.654167 0.111241 0.208333 0.800576 93.92285346984863
