2 0.328454 0.0989583 0.0269321 0.04375 0.298102 102.00667381286621
2 0.34192 0.157292 0.0257611 0.0354167 0.367065 102.00667381286621
2 0.505855 0.722917 0.0819672 0.229167 0.408859 102.00667381286621
2 0.205504 0.916667 0.118267 0.1625 0.419278 102.00667381286621
5 0.328454 0.303125 0.0807962 0.26875 0.480964 102.00667381286621
2 0.0240047 0.973958 0.0480094 0.0520833 0.483184 102.00667381286621
2 0.391101 0.146875 0.0327869 0.05625 0.50624 102.00667381286621
2 0.425059 0.228125 0.0444965 0.0770833 0.542528 102.00667381286621
2 0.288056 0.1625 0.0421546 0.0833333 0.631008 102.00667381286621
5 0.142272 0.672917 0.115925 0.245833 0.632759 102.00667381286621
2 0.4637 0.3375 0.0444965 0.0875 0.668618 102.00667381286621
2 0.23829 0.163542 0.0409836 0.0645833 0.695257 102.00667381286621
2 0.207845 0.466667 0.0714286 0.125 0.794016 102.00667381286621
