2 0.289813 0.05 0.0269321 0.0333333 0.310513 134.1409683227539
2 0.0644028 0.845833 0.126464 0.308333 0.371399 134.1409683227539
2 0.285129 0.222917 0.0316159 0.0541667 0.392568 134.1409683227539
2 0.329625 0.0791667 0.0245902 0.0375 0.429478 134.1409683227539
2 0.446136 0.28125 0.0538642 0.1 0.566391 134.1409683227539
2 0.344848 0.188542 0.0362998 0.0520833 0.581331 134.1409683227539
2 0.236534 0.1625 0.0421546 0.0625 0.655974 134.1409683227539
2 0.492389 0.51875 0.059719 0.158333 0.701649 134.1409683227539
2 0.348361 0.327083 0.0433255 0.075 0.706105 134.1409683227539
2 0.267564 0.302083 0.0526932 0.1125 0.734947 134.1409683227539
5 0.215457 0.442708 0.0983607 0.227083 0.846887 134.1409683227539
