2 0.274005 0.255208 0.0538642 0.135417 0.375528 115.50641059875488
5 0.221897 0.427083 0.0995316 0.158333 0.469249 115.50641059875488
2 0.405152 0.160417 0.0327869 0.0541667 0.520358 115.50641059875488
2 0.237705 0.163542 0.0444965 0.0645833 0.589491 115.50641059875488
2 0.433841 0.278125 0.0480094 0.0770833 0.593177 115.50641059875488
2 0.0251756 0.967708 0.0503513 0.0645833 0.599329 115.50641059875488
2 0.138759 0.646875 0.113583 0.202083 0.6444 115.50641059875488
2 0.345433 0.277083 0.0421546 0.075 0.665519 115.50641059875488
2 0.485948 0.413542 0.0562061 0.11875 0.686756 115.50641059875488
2 0.313232 0.488542 0.0620609 0.152083 0.689064 115.50641059875488
5 0.515808 0.775 0.0807962 0.270833 0.769607 115.50641059875488
