2 0.381148 0.102083 0.0316159 0.0541667 0.264981 117.39087104797363
2 0.224824 0.414583 0.0913349 0.154167 0.310311 117.39087104797363
2 0.285129 0.161458 0.0386417 0.0645833 0.339386 117.39087104797363
2 0.399297 0.151042 0.0351288 0.05625 0.347153 117.39087104797363
2 0.27459 0.252083 0.0526932 0.129167 0.362535 117.39087104797363
2 0.237119 0.164583 0.0456674 0.0666667 0.591451 117.39087104797363
5 0.509953 0.664583 0.0667447 0.2125 0.595813 117.39087104797363
2 0.4274 0.247917 0.0538642 0.0791667 0.628782 117.39087104797363
2 0.344848 0.25625 0.0433255 0.0791667 0.639905 117.39087104797363
2 0.478923 0.373958 0.0538642 0.11875 0.654235 117.39087104797363
2 0.3226 0.441667 0.0550351 0.1375 0.734682 117.39087104797363
2 0.148712 0.621875 0.11007 0.19375 0.809363 117.39087104797363
2 0.043911 0.932292 0.087822 0.13125 0.831759 117.39087104797363
