2 0.398712 0.148958 0.0362998 0.05625 0.359832 117.56181716918945
2 0.2863 0.159375 0.0386417 0.0604167 0.365063 117.56181716918945
2 0.227752 0.410417 0.0925059 0.154167 0.422329 117.56181716918945
2 0.275176 0.246875 0.0538642 0.127083 0.467015 117.56181716918945
5 0.508782 0.638542 0.0667447 0.202083 0.562613 117.56181716918945
2 0.237119 0.164583 0.0456674 0.0666667 0.597833 117.56181716918945
2 0.4274 0.245833 0.0491803 0.075 0.623989 117.56181716918945
2 0.344848 0.252083 0.0409836 0.075 0.649621 117.56181716918945
2 0.477752 0.36875 0.0538642 0.108333 0.676969 117.56181716918945
2 0.324356 0.434375 0.0538642 0.13125 0.710401 117.56181716918945
2 0.0474239 0.923958 0.0948478 0.147917 0.776719 117.56181716918945
2 0.149883 0.61875 0.107728 0.183333 0.810014 117.56181716918945
