2 0.0468384 0.886458 0.0913349 0.227083 0.251467 131.69193267822266
2 0.32904 0.08125 0.028103 0.0375 0.346276 131.69193267822266
2 0.291569 0.0583333 0.0234192 0.0291667 0.35991 131.69193267822266
5 0.499415 0.602083 0.0667447 0.191667 0.36303 131.69193267822266
2 0.282787 0.234375 0.0316159 0.05625 0.4631 131.69193267822266
2 0.451405 0.301042 0.057377 0.11875 0.541694 131.69193267822266
2 0.344848 0.202083 0.0339578 0.0583333 0.641226 131.69193267822266
2 0.235948 0.161458 0.0433255 0.0604167 0.662693 131.69193267822266
2 0.345433 0.364583 0.0491803 0.0875 0.746195 131.69193267822266
2 0.264637 0.315625 0.0538642 0.10625 0.778441 131.69193267822266
5 0.201991 0.482292 0.106557 0.24375 0.824351 131.69193267822266
