2 0.331967 0.114583 0.029274 0.0708333 0.251347 100.0981330871582
2 0.32904 0.096875 0.0234192 0.0395833 0.381892 100.0981330871582
2 0.336066 0.158333 0.0327869 0.0583333 0.405241 100.0981330871582
2 0.184426 0.504167 0.0761124 0.129167 0.430512 100.0981330871582
2 0.288056 0.134375 0.0351288 0.0854167 0.465404 100.0981330871582
5 0.18911 0.709375 0.289227 0.58125 0.525946 100.0981330871582
2 0.272834 0.269792 0.0608899 0.13125 0.555827 100.0981330871582
2 0.416276 0.208333 0.0362998 0.0583333 0.573111 100.0981330871582
2 0.237119 0.1625 0.0433255 0.0625 0.625787 100.0981330871582
2 0.463115 0.341667 0.0503513 0.0875 0.730797 100.0981330871582
2 0.34719 0.286458 0.0386417 0.0729167 0.745911 100.0981330871582
5 0.498829 0.703125 0.0702576 0.20625 0.757591 100.0981330871582
