2 0.290398 0.0947917 0.0234192 0.0520833 0.283367 103.22999954223633
2 0.42096 0.208333 0.0386417 0.0625 0.34748 103.22999954223633
2 0.338993 0.2375 0.0362998 0.0625 0.388804 103.22999954223633
2 0.255269 0.328125 0.0843091 0.152083 0.45421 103.22999954223633
2 0.333138 0.145833 0.0386417 0.0541667 0.463637 103.22999954223633
2 0.498829 0.525 0.0608899 0.15 0.570672 103.22999954223633
2 0.236534 0.1625 0.0398126 0.0583333 0.583894 103.22999954223633
2 0.283372 0.188542 0.0421546 0.0979167 0.59309 103.22999954223633
2 0.453747 0.297917 0.0456674 0.0791667 0.61026 103.22999954223633
2 0.327283 0.470833 0.059719 0.133333 0.670288 103.22999954223633
2 0.18267 0.530208 0.0843091 0.152083 0.712902 103.22999954223633
5 0.10363 0.76875 0.137002 0.2875 0.754895 103.22999954223633
