2 0.290984 0.0958333 0.0222482 0.05 0.320451 132.2498321533203
2 0.42096 0.201042 0.0362998 0.0645833 0.33657 132.2498321533203
2 0.333138 0.14375 0.0362998 0.05 0.448814 132.2498321533203
2 0.338993 0.235417 0.0339578 0.0625 0.467895 132.2498321533203
2 0.255855 0.326042 0.0854801 0.152083 0.47016 132.2498321533203
2 0.451405 0.294792 0.0456674 0.0770833 0.5625 132.2498321533203
2 0.497073 0.5125 0.0620609 0.145833 0.58128 132.2498321533203
2 0.283372 0.1875 0.0444965 0.0958333 0.606024 132.2498321533203
2 0.235948 0.1625 0.0409836 0.0583333 0.619136 132.2498321533203
2 0.32904 0.460417 0.058548 0.133333 0.657036 132.2498321533203
2 0.183841 0.528125 0.0843091 0.152083 0.718251 132.2498321533203
5 0.104801 0.764583 0.13466 0.283333 0.788279 132.2498321533203
