2 0.291569 0.084375 0.0257611 0.0645833 0.256527 107.55681991577148
2 0.505855 0.613542 0.0468384 0.0395833 0.276626 107.55681991577148
2 0.32904 0.119792 0.0257611 0.04375 0.298143 107.55681991577148
2 0.395199 0.164583 0.0362998 0.05 0.38985 107.55681991577148
2 0.434426 0.260417 0.0538642 0.0791667 0.4703 107.55681991577148
2 0.341335 0.2 0.0362998 0.0625 0.542744 107.55681991577148
2 0.283958 0.201042 0.0503513 0.10625 0.584881 107.55681991577148
2 0.23829 0.161458 0.0409836 0.05625 0.650728 107.55681991577148
2 0.480679 0.413542 0.0456674 0.09375 0.665163 107.55681991577148
2 0.197307 0.49375 0.0854801 0.141667 0.758275 107.55681991577148
5 0.137588 0.68125 0.120609 0.25 0.760559 107.55681991577148
5 0.30445 0.428125 0.114754 0.372917 0.792702 107.55681991577148
