2 0.288056 0.18125 0.0327869 0.0458333 0.256239 88.23704719543457
2 0.326698 0.0625 0.0257611 0.0291667 0.262229 88.23704719543457
5 0.121194 0.651042 0.139344 0.24375 0.346812 88.23704719543457
2 0.28103 0.233333 0.0421546 0.075 0.415991 88.23704719543457
5 0.254684 0.334375 0.0761124 0.160417 0.489696 88.23704719543457
2 0.34719 0.196875 0.0316159 0.0604167 0.563897 88.23704719543457
5 0.477752 0.6 0.0702576 0.183333 0.571816 88.23704719543457
2 0.409836 0.183333 0.0421546 0.0875 0.585901 88.23704719543457
2 0.237119 0.1625 0.0433255 0.0666667 0.664685 88.23704719543457
2 0.293326 0.608333 0.087822 0.195833 0.681191 88.23704719543457
2 0.459016 0.304167 0.0444965 0.0916667 0.699614 88.23704719543457
