2 0.119438 0.415625 0.173302 0.160417 0.306545 118.08061599731445
2 0.407494 0.2 0.0421546 0.0666667 0.321171 118.08061599731445
2 0.287471 0.1375 0.0316159 0.0583333 0.35071 118.08061599731445
2 0.266979 0.783333 0.11007 0.266667 0.510084 118.08061599731445
2 0.240047 0.375 0.0843091 0.15 0.541804 118.08061599731445
2 0.279859 0.225 0.0491803 0.1 0.547561 118.08061599731445
2 0.455504 0.284375 0.0468384 0.08125 0.551332 118.08061599731445
2 0.235948 0.163542 0.0456674 0.06875 0.569025 118.08061599731445
2 0.338407 0.197917 0.0351288 0.0583333 0.604611 118.08061599731445
2 0.0702576 0.854167 0.140515 0.283333 0.61245 118.08061599731445
2 0.487705 0.4375 0.0503513 0.116667 0.664607 118.08061599731445
2 0.338407 0.332292 0.0398126 0.0895833 0.683113 118.08061599731445
2 0.172131 0.564583 0.0983607 0.175 0.753747 118.08061599731445
