2 0.290398 0.0614583 0.0257611 0.03125 0.372885 101.01699829101562
2 0.329625 0.0833333 0.0269321 0.0416667 0.388336 101.01699829101562
2 0.283372 0.239583 0.0327869 0.0541667 0.495692 101.01699829101562
2 0.0409836 0.89375 0.0819672 0.2125 0.508453 101.01699829101562
5 0.498244 0.622917 0.0690866 0.208333 0.627197 101.01699829101562
2 0.345433 0.209375 0.0351288 0.05625 0.657759 101.01699829101562
2 0.451991 0.304167 0.0608899 0.125 0.661683 101.01699829101562
2 0.235948 0.1625 0.0433255 0.0625 0.679517 101.01699829101562
2 0.345433 0.373958 0.0491803 0.09375 0.757215 101.01699829101562
2 0.264052 0.31875 0.0550351 0.108333 0.773948 101.01699829101562
5 0.19555 0.489583 0.105386 0.25 0.815454 101.01699829101562
