2 0.290984 0.0520833 0.0245902 0.0333333 0.342189 107.16676712036133
2 0.283372 0.229167 0.030445 0.0541667 0.386696 107.16676712036133
2 0.330211 0.0791667 0.028103 0.0375 0.396137 107.16676712036133
2 0.446721 0.289583 0.057377 0.116667 0.623916 107.16676712036133
2 0.235948 0.161458 0.0433255 0.0604167 0.640342 107.16676712036133
2 0.344848 0.192708 0.0362998 0.05625 0.640971 107.16676712036133
2 0.494731 0.554167 0.0620609 0.170833 0.656224 107.16676712036133
2 0.34719 0.345833 0.0433255 0.0791667 0.716133 107.16676712036133
2 0.266393 0.311458 0.0550351 0.110417 0.749261 107.16676712036133
5 0.206674 0.4625 0.0995316 0.241667 0.789924 107.16676712036133
