2 0.395199 0.141667 0.029274 0.0458333 0.282795 91.84789657592773
2 0.377635 0.0916667 0.029274 0.0458333 0.289517 91.84789657592773
2 0.285129 0.151042 0.0386417 0.05625 0.43154 91.84789657592773
2 0.277518 0.241667 0.0515222 0.116667 0.444409 91.84789657592773
5 0.501756 0.545833 0.059719 0.1625 0.449589 91.84789657592773
2 0.419204 0.23125 0.0444965 0.0791667 0.480335 91.84789657592773
2 0.232436 0.386458 0.0995316 0.18125 0.48657 91.84789657592773
2 0.343677 0.233333 0.0409836 0.0666667 0.586151 91.84789657592773
2 0.236534 0.163542 0.0421546 0.0645833 0.618866 91.84789657592773
2 0.471311 0.332292 0.0503513 0.0979167 0.629682 91.84789657592773
2 0.331382 0.39375 0.0515222 0.108333 0.643463 91.84789657592773
2 0.0562061 0.8875 0.112412 0.2125 0.646408 91.84789657592773
2 0.220141 0.926042 0.124122 0.147917 0.721647 91.84789657592773
2 0.159251 0.596875 0.105386 0.18125 0.808901 91.84789657592773
