2 0.34192 0.15625 0.0257611 0.0375 0.252776 107.43498802185059
2 0.290984 0.0572917 0.0245902 0.05625 0.256412 107.43498802185059
2 0.327869 0.0989583 0.0257611 0.04375 0.277323 107.43498802185059
5 0.327283 0.305208 0.0784543 0.26875 0.394754 107.43498802185059
2 0.424473 0.228125 0.0433255 0.0770833 0.45335 107.43498802185059
2 0.0245902 0.973958 0.0491803 0.0520833 0.480143 107.43498802185059
2 0.391101 0.145833 0.0327869 0.0541667 0.496231 107.43498802185059
5 0.505269 0.714583 0.0807962 0.225 0.516456 107.43498802185059
2 0.287471 0.1625 0.0409836 0.0833333 0.624166 107.43498802185059
2 0.207845 0.911458 0.122951 0.177083 0.628244 107.43498802185059
5 0.142272 0.671875 0.115925 0.24375 0.663623 107.43498802185059
2 0.463115 0.333333 0.0433255 0.0875 0.690483 107.43498802185059
2 0.237705 0.163542 0.0421546 0.0645833 0.69834 107.43498802185059
2 0.209602 0.464583 0.0702576 0.125 0.760208 107.43498802185059
