2 0.330211 0.0979167 0.0257611 0.0416667 0.319674 100.59881210327148
2 0.340749 0.148958 0.0327869 0.05625 0.380316 100.59881210327148
7 0.176815 0.53125 0.117096 0.1875 0.435887 100.59881210327148
2 0.397541 0.15625 0.0362998 0.0583333 0.465917 100.59881210327148
2 0.265808 0.291667 0.0655738 0.154167 0.492462 100.59881210327148
2 0.216042 0.86875 0.13466 0.254167 0.513785 100.59881210327148
2 0.469555 0.414583 0.058548 0.133333 0.637039 100.59881210327148
2 0.059719 0.869792 0.119438 0.25625 0.638586 100.59881210327148
2 0.43267 0.230208 0.0386417 0.08125 0.641335 100.59881210327148
2 0.236534 0.1625 0.0421546 0.0625 0.658754 100.59881210327148
2 0.328454 0.432292 0.059719 0.127083 0.757505 100.59881210327148
