2 0.377635 0.090625 0.0269321 0.04375 0.265409 95.76773643493652
2 0.393443 0.140625 0.030445 0.0479167 0.330628 95.76773643493652
2 0.501171 0.534375 0.058548 0.16875 0.368282 95.76773643493652
2 0.285714 0.148958 0.0351288 0.05625 0.395346 95.76773643493652
2 0.278103 0.238542 0.0526932 0.114583 0.430879 95.76773643493652
2 0.419204 0.229167 0.0421546 0.0791667 0.508166 95.76773643493652
2 0.232436 0.383333 0.0971897 0.183333 0.521736 95.76773643493652
2 0.058548 0.885417 0.117096 0.220833 0.549019 95.76773643493652
2 0.236534 0.163542 0.0444965 0.0645833 0.621628 95.76773643493652
2 0.342506 0.230208 0.0386417 0.0645833 0.622325 95.76773643493652
2 0.333138 0.386458 0.0503513 0.10625 0.630079 95.76773643493652
2 0.469555 0.326042 0.0468384 0.0895833 0.674112 95.76773643493652
2 0.222482 0.9125 0.131148 0.175 0.745056 95.76773643493652
2 0.160422 0.592708 0.103044 0.18125 0.76236 95.76773643493652
