2 0.290398 0.0635417 0.030445 0.0395833 0.287977 110.39066314697266
5 0.459016 0.333333 0.0632318 0.15 0.479356 110.39066314697266
2 0.330796 0.0875 0.0269321 0.0458333 0.479432 110.39066314697266
2 0.278689 0.247917 0.0374707 0.0625 0.605838 110.39066314697266
5 0.496487 0.758333 0.0843091 0.291667 0.614442 110.39066314697266
2 0.344262 0.23125 0.0374707 0.0666667 0.631158 110.39066314697266
2 0.254684 0.339583 0.059719 0.120833 0.655843 110.39066314697266
2 0.237119 0.1625 0.0409836 0.0625 0.664763 110.39066314697266
2 0.336066 0.433333 0.0562061 0.108333 0.743788 110.39066314697266
5 0.17623 0.539583 0.122951 0.279167 0.813392 110.39066314697266
