2 0.291569 0.0510417 0.0234192 0.03125 0.320151 107.38682746887207
2 0.283372 0.227083 0.030445 0.0541667 0.333812 107.38682746887207
7 0.0591335 0.855208 0.115925 0.285417 0.373893 107.38682746887207
2 0.329625 0.0802083 0.0245902 0.0354167 0.392698 107.38682746887207
2 0.44555 0.285417 0.057377 0.116667 0.506083 107.38682746887207
2 0.495316 0.54375 0.0608899 0.170833 0.558821 107.38682746887207
2 0.344262 0.191667 0.0351288 0.0541667 0.618369 107.38682746887207
2 0.236534 0.161458 0.0421546 0.0604167 0.657968 107.38682746887207
2 0.266979 0.307292 0.0538642 0.110417 0.732686 107.38682746887207
2 0.347775 0.336458 0.0421546 0.0770833 0.75768 107.38682746887207
5 0.211358 0.455208 0.101874 0.239583 0.780725 107.38682746887207
