2 0.330211 0.0791667 0.028103 0.0416667 0.264393 118.50309371948242
2 0.20726 0.458333 0.103044 0.170833 0.288932 118.50309371948242
2 0.221897 0.394792 0.0761124 0.147917 0.308235 118.50309371948242
2 0.416276 0.184375 0.0339578 0.08125 0.404398 118.50309371948242
2 0.388173 0.120833 0.0316159 0.0625 0.428959 118.50309371948242
2 0.268735 0.263542 0.0620609 0.152083 0.478057 118.50309371948242
5 0.504684 0.538542 0.0679157 0.164583 0.48565 118.50309371948242
2 0.281616 0.625 0.0901639 0.208333 0.637578 118.50309371948242
2 0.237119 0.1625 0.0433255 0.0666667 0.651516 118.50309371948242
2 0.342506 0.336458 0.0503513 0.09375 0.734211 118.50309371948242
2 0.452576 0.328125 0.0503513 0.0854167 0.73735 118.50309371948242
2 0.105972 0.727083 0.127635 0.233333 0.831575 118.50309371948242
