2 0.32904 0.115625 0.0234192 0.04375 0.254677 124.01151657104492
2 0.343091 0.19375 0.0327869 0.0583333 0.456666 124.01151657104492
2 0.39637 0.160417 0.0339578 0.05 0.463376 124.01151657104492
2 0.431499 0.248958 0.0503513 0.08125 0.471647 124.01151657104492
2 0.285129 0.190625 0.0456674 0.0979167 0.608667 124.01151657104492
5 0.312061 0.396875 0.101874 0.33125 0.643992 124.01151657104492
2 0.237705 0.1625 0.0398126 0.0583333 0.669043 124.01151657104492
2 0.200234 0.489583 0.0819672 0.141667 0.742945 124.01151657104492
2 0.474239 0.3875 0.0491803 0.108333 0.752629 124.01151657104492
5 0.137588 0.679167 0.120609 0.25 0.795404 124.01151657104492
