2 0.333724 0.263542 0.0725995 0.21875 0.367482 103.57952117919922
2 0.388759 0.136458 0.0351288 0.0604167 0.492066 103.57952117919922
2 0.029274 0.965625 0.058548 0.06875 0.618216 103.57952117919922
2 0.290398 0.144792 0.0421546 0.0770833 0.630353 103.57952117919922
2 0.23829 0.815625 0.125293 0.28125 0.633499 103.57952117919922
2 0.496487 0.604167 0.0702576 0.179167 0.647648 103.57952117919922
2 0.42096 0.2125 0.0386417 0.0666667 0.661641 103.57952117919922
5 0.145199 0.664583 0.114754 0.25 0.697302 103.57952117919922
2 0.237119 0.1625 0.0409836 0.0625 0.707218 103.57952117919922
2 0.456674 0.3125 0.0421546 0.075 0.710738 103.57952117919922
2 0.214871 0.447917 0.0667447 0.125 0.776862 103.57952117919922
