2 0.0210773 0.967708 0.0421546 0.0645833 0.253419 99.78222846984863
2 0.284543 0.201042 0.0374707 0.0770833 0.259499 99.78222846984863
2 0.288056 0.176042 0.0351288 0.0520833 0.339041 99.78222846984863
2 0.346604 0.178125 0.0327869 0.0604167 0.360113 99.78222846984863
5 0.474824 0.522917 0.0620609 0.154167 0.504414 99.78222846984863
7 0.141686 0.604167 0.126464 0.208333 0.515555 99.78222846984863
2 0.258197 0.319792 0.0714286 0.15625 0.585416 99.78222846984863
2 0.451991 0.283333 0.0491803 0.0833333 0.608893 99.78222846984863
2 0.406323 0.169792 0.0398126 0.0854167 0.644336 99.78222846984863
2 0.237119 0.1625 0.0433255 0.0625 0.695863 99.78222846984863
2 0.303279 0.5375 0.0772834 0.1625 0.76441 99.78222846984863
