2 0.291569 0.0885417 0.0257611 0.0645833 0.27473 97.11456298828125
2 0.505855 0.613542 0.0468384 0.0395833 0.281996 97.11456298828125
2 0.330211 0.121875 0.0257611 0.04375 0.282676 97.11456298828125
2 0.398126 0.165625 0.0351288 0.0520833 0.373044 97.11456298828125
2 0.283372 0.210417 0.0515222 0.108333 0.55247 97.11456298828125
2 0.343677 0.205208 0.0339578 0.0645833 0.574594 97.11456298828125
2 0.480094 0.421875 0.0491803 0.114583 0.57848 97.11456298828125
2 0.237705 0.1625 0.0398126 0.0583333 0.591787 97.11456298828125
2 0.43911 0.264583 0.0515222 0.075 0.624768 97.11456298828125
2 0.19555 0.494792 0.0843091 0.14375 0.736033 97.11456298828125
5 0.301522 0.451042 0.120609 0.372917 0.746525 97.11456298828125
5 0.137002 0.683333 0.12178 0.254167 0.759697 97.11456298828125
