2 0.288056 0.133333 0.028103 0.0541667 0.343221 89.84136581420898
2 0.451405 0.275 0.0480094 0.0833333 0.372373 89.84136581420898
5 0.273419 0.754167 0.106557 0.258333 0.399288 89.84136581420898
2 0.406909 0.195833 0.0409836 0.0625 0.431191 89.84136581420898
2 0.240632 0.364583 0.0831382 0.154167 0.497236 89.84136581420898
5 0.0725995 0.847917 0.145199 0.295833 0.57232 89.84136581420898
2 0.236534 0.1625 0.0468384 0.0666667 0.577254 89.84136581420898
2 0.279859 0.226042 0.0491803 0.0979167 0.584817 89.84136581420898
2 0.338407 0.194792 0.0327869 0.0604167 0.604901 89.84136581420898
2 0.484778 0.423958 0.0515222 0.10625 0.688199 89.84136581420898
2 0.340749 0.323958 0.0398126 0.0854167 0.715255 89.84136581420898
2 0.173302 0.560417 0.0936768 0.170833 0.755407 89.84136581420898
