2 0.290398 0.0947917 0.0234192 0.0520833 0.32743 107.93542861938477
2 0.421546 0.202083 0.0374707 0.0625 0.357491 107.93542861938477
2 0.333724 0.144792 0.0374707 0.0520833 0.417721 107.93542861938477
2 0.340164 0.2375 0.0339578 0.0625 0.430299 107.93542861938477
2 0.255855 0.328125 0.0854801 0.152083 0.529746 107.93542861938477
2 0.499415 0.515625 0.0644028 0.14375 0.572013 107.93542861938477
2 0.235948 0.1625 0.0409836 0.0583333 0.604541 107.93542861938477
2 0.282787 0.188542 0.0433255 0.0979167 0.612985 107.93542861938477
2 0.452576 0.295833 0.0456674 0.0791667 0.629365 107.93542861938477
2 0.32904 0.464583 0.0608899 0.129167 0.708283 107.93542861938477
2 0.184426 0.528125 0.0854801 0.152083 0.712413 107.93542861938477
5 0.104215 0.766667 0.135831 0.283333 0.78312 107.93542861938477
