2 0.157494 0.423958 0.0690866 0.102083 0.285148 115.37790298461914
2 0.505269 0.615625 0.0456674 0.0395833 0.294651 115.37790298461914
2 0.337822 0.201042 0.059719 0.160417 0.352707 115.37790298461914
2 0.413349 0.190625 0.0351288 0.0604167 0.443932 115.37790298461914
2 0.292155 0.108333 0.0339578 0.0708333 0.478323 115.37790298461914
2 0.440281 0.275 0.0444965 0.0666667 0.517702 115.37790298461914
5 0.155152 0.641667 0.106557 0.229167 0.574226 115.37790298461914
2 0.298009 0.578125 0.0784543 0.18125 0.674334 115.37790298461914
2 0.0351288 0.954167 0.0679157 0.0916667 0.736193 115.37790298461914
2 0.23829 0.160417 0.0386417 0.0583333 0.747896 115.37790298461914
2 0.485363 0.475 0.059719 0.133333 0.749271 115.37790298461914
2 0.233021 0.405208 0.0655738 0.102083 0.761333 115.37790298461914
