2 0.333724 0.104167 0.028103 0.0416667 0.25864 104.08782958984375
2 0.289227 0.164583 0.028103 0.0416667 0.259067 104.08782958984375
2 0.34192 0.161458 0.030445 0.0520833 0.367145 104.08782958984375
2 0.165691 0.561458 0.120609 0.189583 0.376896 104.08782958984375
2 0.399883 0.157292 0.0409836 0.0729167 0.501955 104.08782958984375
2 0.262295 0.304167 0.0679157 0.145833 0.519988 104.08782958984375
2 0.191452 0.915625 0.129977 0.164583 0.547747 104.08782958984375
2 0.440281 0.251042 0.0398126 0.0729167 0.556222 104.08782958984375
2 0.237119 0.1625 0.0409836 0.0625 0.671673 104.08782958984375
2 0.3226 0.467708 0.0620609 0.135417 0.692669 104.08782958984375
2 0.470726 0.453125 0.058548 0.11875 0.699205 104.08782958984375
2 0.0491803 0.9 0.0936768 0.191667 0.725597 104.08782958984375
