5 0.466042 0.376042 0.0679157 0.185417 0.314987 104.97641563415527
2 0.289813 0.0770833 0.0269321 0.0333333 0.31596 104.97641563415527
2 0.167447 0.389583 0.0936768 0.104167 0.346051 104.97641563415527
2 0.331967 0.0979167 0.0269321 0.0416667 0.379028 104.97641563415527
2 0.277518 0.264583 0.0374707 0.0708333 0.673912 104.97641563415527
2 0.342506 0.261458 0.0362998 0.0770833 0.682932 104.97641563415527
2 0.236534 0.163542 0.0421546 0.0645833 0.699459 104.97641563415527
2 0.247073 0.370833 0.0655738 0.129167 0.712453 104.97641563415527
2 0.319087 0.514583 0.0620609 0.141667 0.73611 104.97641563415527
5 0.151639 0.605208 0.144028 0.322917 0.884173 104.97641563415527
