2 0.32904 0.109375 0.0257611 0.04375 0.308258 127.16507911682129
2 0.342506 0.182292 0.029274 0.0520833 0.321274 127.16507911682129
2 0.395199 0.15625 0.0339578 0.05 0.462843 127.16507911682129
2 0.431499 0.240625 0.0480094 0.0770833 0.5675 127.16507911682129
2 0.285714 0.186458 0.0421546 0.0895833 0.66575 127.16507911682129
5 0.314988 0.367708 0.0983607 0.31875 0.682064 127.16507911682129
2 0.23829 0.161458 0.0386417 0.0604167 0.705089 127.16507911682129
2 0.473068 0.370833 0.0491803 0.1 0.731889 127.16507911682129
2 0.203162 0.484375 0.0831382 0.14375 0.750521 127.16507911682129
5 0.139344 0.676042 0.117096 0.247917 0.812665 127.16507911682129
