2 0.358314 0.05 0.0187354 0.0416667 0.262402 97.81122207641602
2 0.327869 0.0875 0.0257611 0.0458333 0.277059 97.81122207641602
2 0.289813 0.0427083 0.0269321 0.0479167 0.292272 97.81122207641602
2 0.334309 0.246875 0.0714286 0.210417 0.315638 97.81122207641602
2 0.389344 0.134375 0.0339578 0.05625 0.427297 97.81122207641602
2 0.260539 0.726042 0.111241 0.239583 0.440278 97.81122207641602
2 0.291569 0.136458 0.0398126 0.0729167 0.624276 97.81122207641602
2 0.418618 0.210417 0.0362998 0.0541667 0.628576 97.81122207641602
2 0.0298595 0.9625 0.059719 0.075 0.649069 97.81122207641602
5 0.14637 0.658333 0.112412 0.241667 0.657593 97.81122207641602
2 0.45082 0.297917 0.0398126 0.075 0.684827 97.81122207641602
2 0.236534 0.1625 0.0421546 0.0625 0.702474 97.81122207641602
2 0.220726 0.436458 0.0644028 0.127083 0.750283 97.81122207641602
2 0.494731 0.555208 0.0690866 0.15625 0.798379 97.81122207641602
