5 0.142272 0.386458 0.148712 0.147917 0.261787 99.85113143920898
2 0.290398 0.101042 0.0257611 0.0520833 0.335598 99.85113143920898
2 0.426815 0.217708 0.0409836 0.0729167 0.410958 99.85113143920898
2 0.254684 0.336458 0.087822 0.15625 0.451081 99.85113143920898
2 0.235363 0.1625 0.0444965 0.0625 0.538353 99.85113143920898
2 0.334895 0.152083 0.0374707 0.0541667 0.54981 99.85113143920898
2 0.338993 0.251042 0.0362998 0.0645833 0.593192 99.85113143920898
2 0.283958 0.194792 0.0433255 0.0979167 0.633873 99.85113143920898
2 0.322014 0.50625 0.0655738 0.145833 0.661433 99.85113143920898
5 0.50644 0.565625 0.0690866 0.164583 0.667576 99.85113143920898
2 0.185012 0.530208 0.0913349 0.160417 0.681859 99.85113143920898
2 0.459602 0.315625 0.0409836 0.0770833 0.714242 99.85113143920898
5 0.0977752 0.779167 0.139344 0.295833 0.77823 99.85113143920898
