2 0.285714 0.176042 0.0351288 0.0520833 0.266207 121.02627754211426
2 0.339578 0.119792 0.028103 0.0354167 0.282758 121.02627754211426
2 0.230679 0.367708 0.0749414 0.0979167 0.283579 121.02627754211426
2 0.384075 0.113542 0.0351288 0.0604167 0.341555 121.02627754211426
2 0.411007 0.169792 0.0351288 0.08125 0.422276 121.02627754211426
2 0.214871 0.43125 0.104215 0.183333 0.499942 121.02627754211426
2 0.269321 0.2625 0.058548 0.141667 0.632971 121.02627754211426
2 0.236534 0.163542 0.0444965 0.0645833 0.637663 121.02627754211426
2 0.344848 0.3125 0.0480094 0.0916667 0.67084 121.02627754211426
2 0.450234 0.307292 0.0503513 0.08125 0.686894 121.02627754211426
2 0.498829 0.486458 0.0655738 0.139583 0.732717 121.02627754211426
2 0.293911 0.569792 0.0796253 0.185417 0.770288 121.02627754211426
2 0.119438 0.694792 0.124122 0.227083 0.859969 121.02627754211426
