2 0.357728 0.05 0.0199063 0.0416667 0.257664 100.77190399169922
2 0.388759 0.132292 0.0351288 0.0520833 0.328447 100.77190399169922
2 0.338407 0.232292 0.0679157 0.197917 0.357328 100.77190399169922
2 0.150468 0.651042 0.113583 0.24375 0.445948 100.77190399169922
2 0.29274 0.127083 0.0374707 0.0708333 0.514346 100.77190399169922
2 0.416276 0.205208 0.0362998 0.0520833 0.581163 100.77190399169922
2 0.448478 0.295833 0.0421546 0.0666667 0.605568 100.77190399169922
2 0.276932 0.663542 0.0948478 0.210417 0.676656 100.77190399169922
2 0.237119 0.1625 0.0409836 0.0625 0.690359 100.77190399169922
2 0.222482 0.425 0.0608899 0.116667 0.713925 100.77190399169922
2 0.491803 0.517708 0.0679157 0.147917 0.738883 100.77190399169922
2 0.0322014 0.959375 0.0644028 0.08125 0.765559 100.77190399169922
