2 0.181499 0.960417 0.112412 0.0791667 0.265761 103.57403755187988
2 0.334895 0.110417 0.030445 0.05 0.272628 103.57403755187988
2 0.288642 0.169792 0.0316159 0.0479167 0.272736 103.57403755187988
2 0.505269 0.6125 0.0480094 0.0416667 0.315151 103.57403755187988
2 0.341335 0.160417 0.0362998 0.0833333 0.321499 103.57403755187988
2 0.156323 0.583333 0.122951 0.195833 0.503925 103.57403755187988
2 0.261124 0.308333 0.0679157 0.15 0.526359 103.57403755187988
2 0.0386417 0.928125 0.0772834 0.13125 0.559499 103.57403755187988
2 0.444379 0.2625 0.0480094 0.0791667 0.611645 103.57403755187988
2 0.402225 0.161458 0.0386417 0.0729167 0.634989 103.57403755187988
2 0.237119 0.1625 0.0409836 0.0625 0.672742 103.57403755187988
2 0.471897 0.479167 0.0562061 0.133333 0.701059 103.57403755187988
2 0.315574 0.497917 0.0690866 0.145833 0.755761 103.57403755187988
