2 0.343091 0.177083 0.0327869 0.116667 0.28057 100.88872909545898
2 0.326698 0.0635417 0.0257611 0.03125 0.326164 100.88872909545898
2 0.338407 0.132292 0.030445 0.04375 0.32891 100.88872909545898
2 0.254098 0.340625 0.0772834 0.172917 0.368645 100.88872909545898
2 0.153981 0.559375 0.118267 0.18125 0.418656 100.88872909545898
2 0.413934 0.191667 0.0433255 0.0916667 0.465468 100.88872909545898
2 0.281616 0.2375 0.0409836 0.0708333 0.513066 100.88872909545898
2 0.10363 0.692708 0.137002 0.222917 0.522606 100.88872909545898
2 0.346604 0.210417 0.0327869 0.0625 0.527604 100.88872909545898
2 0.281616 0.65625 0.0995316 0.220833 0.530304 100.88872909545898
2 0.237119 0.161458 0.0433255 0.0645833 0.680009 100.88872909545898
2 0.462529 0.323958 0.0421546 0.0854167 0.733154 100.88872909545898
5 0.477166 0.660417 0.0784543 0.208333 0.742627 100.88872909545898
