2 0.34192 0.245833 0.0538642 0.0833333 0.266597 102.32138633728027
2 0.291569 0.0802083 0.0351288 0.0895833 0.419226 102.32138633728027
2 0.409836 0.184375 0.0374707 0.0520833 0.446489 102.32138633728027
5 0.166862 0.615625 0.0995316 0.21875 0.524088 102.32138633728027
2 0.433255 0.25 0.0374707 0.0666667 0.535241 102.32138633728027
2 0.186768 0.965625 0.115925 0.06875 0.573842 102.32138633728027
2 0.241803 0.378125 0.0550351 0.0979167 0.715587 102.32138633728027
2 0.316745 0.489583 0.059719 0.141667 0.740431 102.32138633728027
2 0.237705 0.161458 0.0398126 0.05625 0.752966 102.32138633728027
2 0.479508 0.426042 0.059719 0.110417 0.770023 102.32138633728027
2 0.0409836 0.940625 0.0819672 0.114583 0.795105 102.32138633728027
