2 0.288056 0.138542 0.030445 0.05625 0.313122 103.07097434997559
2 0.504684 0.613542 0.0491803 0.04375 0.318482 103.07097434997559
2 0.253513 0.844792 0.120609 0.28125 0.330913 103.07097434997559
2 0.238876 0.36875 0.088993 0.170833 0.393474 103.07097434997559
2 0.411593 0.209375 0.0386417 0.0645833 0.411781 103.07097434997559
5 0.0679157 0.860417 0.135831 0.266667 0.416423 103.07097434997559
2 0.338993 0.35 0.0409836 0.0916667 0.556252 103.07097434997559
2 0.279859 0.227083 0.0491803 0.108333 0.556992 103.07097434997559
2 0.340164 0.208333 0.0362998 0.0583333 0.558926 103.07097434997559
2 0.236534 0.163542 0.0444965 0.0645833 0.59556 103.07097434997559
2 0.492389 0.460417 0.057377 0.125 0.608427 103.07097434997559
2 0.459016 0.290625 0.0491803 0.0895833 0.648554 103.07097434997559
2 0.168618 0.569792 0.0936768 0.177083 0.668763 103.07097434997559
