2 0.290398 0.0645833 0.030445 0.0375 0.318007 92.76962280273438
2 0.0163934 0.9375 0.030445 0.120833 0.475987 92.76962280273438
2 0.330211 0.0895833 0.028103 0.0416667 0.486021 92.76962280273438
2 0.279274 0.246875 0.0362998 0.0604167 0.585033 92.76962280273438
2 0.345433 0.228125 0.0351288 0.0645833 0.627192 92.76962280273438
2 0.45726 0.332292 0.059719 0.139583 0.63565 92.76962280273438
5 0.497658 0.732292 0.0843091 0.25625 0.671674 92.76962280273438
2 0.255855 0.3375 0.059719 0.120833 0.689784 92.76962280273438
2 0.236534 0.163542 0.0421546 0.0645833 0.694943 92.76962280273438
2 0.341335 0.422917 0.0550351 0.1 0.72901 92.76962280273438
5 0.179157 0.527083 0.114754 0.2625 0.8598 92.76962280273438
