2 0.264637 0.172917 0.0819672 0.075 0.256588 95.83234786987305
2 0.290984 0.075 0.0222482 0.0458333 0.295378 95.83234786987305
5 0.117681 0.711458 0.125293 0.260417 0.299396 95.83234786987305
2 0.330796 0.126042 0.0362998 0.05625 0.302779 95.83234786987305
2 0.505269 0.615625 0.0456674 0.0395833 0.347425 95.83234786987305
2 0.439696 0.260417 0.0480094 0.0708333 0.467315 95.83234786987305
5 0.13466 0.846875 0.269321 0.30625 0.469798 95.83234786987305
2 0.337237 0.209375 0.0327869 0.0604167 0.589422 95.83234786987305
2 0.260539 0.309375 0.0714286 0.147917 0.600925 95.83234786987305
2 0.188525 0.522917 0.0913349 0.15 0.639211 95.83234786987305
2 0.237119 0.163542 0.0409836 0.0604167 0.646487 95.83234786987305
2 0.487705 0.445833 0.0550351 0.116667 0.661218 95.83234786987305
2 0.285129 0.171875 0.0409836 0.09375 0.671226 95.83234786987305
2 0.341335 0.395833 0.0550351 0.1125 0.727386 95.83234786987305
