2 0.377049 0.090625 0.028103 0.04375 0.251122 107.8026294708252
2 0.392857 0.138542 0.029274 0.0479167 0.338023 107.8026294708252
2 0.2863 0.147917 0.0316159 0.0583333 0.346586 107.8026294708252
2 0.278103 0.235417 0.0526932 0.1125 0.428212 107.8026294708252
2 0.419204 0.226042 0.0398126 0.0729167 0.4728 107.8026294708252
2 0.233021 0.382292 0.0983607 0.18125 0.525774 107.8026294708252
2 0.34192 0.226042 0.0374707 0.0645833 0.541964 107.8026294708252
2 0.497658 0.516667 0.058548 0.145833 0.56881 107.8026294708252
2 0.235363 0.164583 0.0468384 0.0666667 0.616194 107.8026294708252
2 0.0603044 0.880208 0.120609 0.23125 0.646662 107.8026294708252
2 0.467213 0.323958 0.0468384 0.0854167 0.665613 107.8026294708252
2 0.225995 0.901042 0.133489 0.19375 0.666614 107.8026294708252
2 0.333138 0.382292 0.0480094 0.102083 0.676067 107.8026294708252
2 0.161592 0.586458 0.0983607 0.177083 0.762296 107.8026294708252
