2 0.330211 0.0770833 0.028103 0.0375 0.262559 117.54107475280762
2 0.216042 0.43125 0.108899 0.208333 0.361647 117.54107475280762
2 0.387002 0.117708 0.0339578 0.0604167 0.411724 117.54107475280762
2 0.415105 0.178125 0.0339578 0.08125 0.43533 117.54107475280762
2 0.500585 0.513542 0.0667447 0.160417 0.530118 117.54107475280762
2 0.268735 0.265625 0.059719 0.139583 0.583904 117.54107475280762
2 0.237119 0.1625 0.0433255 0.0625 0.648508 117.54107475280762
2 0.284543 0.603125 0.088993 0.202083 0.665583 117.54107475280762
2 0.451991 0.320833 0.0491803 0.0791667 0.670294 117.54107475280762
2 0.344262 0.327083 0.0515222 0.0916667 0.728031 117.54107475280762
2 0.113583 0.717708 0.128806 0.23125 0.797813 117.54107475280762
