2 0.452344 0.45 0.025 0.0361111 0.403269 108.43586921691895
2 0.650781 0.495833 0.03125 0.0388889 0.492625 108.43586921691895
2 0.596094 0.490278 0.034375 0.0472222 0.540235 108.43586921691895
5 0.346094 0.447917 0.0859375 0.143056 0.629568 108.43586921691895
2 0.376172 0.511111 0.0351562 0.0444444 0.679451 108.43586921691895
2 0.669141 0.627083 0.0570313 0.0875 0.690398 108.43586921691895
2 0.203516 0.639583 0.0632813 0.0763889 0.737669 108.43586921691895
2 0.284375 0.925 0.128125 0.15 0.737991 108.43586921691895
2 0.43125 0.527083 0.034375 0.0513889 0.750759 108.43586921691895
2 0.88125 0.779861 0.101562 0.140278 0.826206 108.43586921691895
2 0.207813 0.783333 0.09375 0.125 0.841215 108.43586921691895
