2 0.466406 0.4125 0.0203125 0.0305556 0.337578 126.42192840576172
2 0.407813 0.452083 0.0265625 0.0402778 0.383669 126.42192840576172
2 0.629687 0.471528 0.025 0.0347222 0.387173 126.42192840576172
2 0.583984 0.464583 0.0320312 0.0375 0.479761 126.42192840576172
7 0.332422 0.459028 0.0835937 0.148611 0.532218 126.42192840576172
2 0.447656 0.459722 0.0296875 0.0388889 0.572499 126.42192840576172
2 0.366406 0.523611 0.0375 0.05 0.720348 126.42192840576172
2 0.772266 0.641667 0.0632813 0.0916667 0.73253 126.42192840576172
2 0.423438 0.55 0.0359375 0.0583333 0.75162 126.42192840576172
2 0.631641 0.553472 0.0429688 0.0680556 0.792975 126.42192840576172
2 0.160156 0.686111 0.0765625 0.0888889 0.812145 126.42192840576172
2 0.141406 0.894444 0.13125 0.166667 0.877974 126.42192840576172
