2 0.383594 0.442361 0.025 0.0375 0.355939 102.42748260498047
2 0.417969 0.45625 0.0296875 0.0430556 0.459521 102.42748260498047
2 0.306641 0.527083 0.0335938 0.0486111 0.487733 102.42748260498047
2 0.276563 0.943056 0.123438 0.113889 0.611407 102.42748260498047
2 0.434375 0.497222 0.0328125 0.0416667 0.621503 102.42748260498047
2 0.694141 0.545833 0.0335938 0.0472222 0.674137 102.42748260498047
2 0.613281 0.651389 0.05625 0.0972222 0.689106 102.42748260498047
2 0.344531 0.557639 0.0421875 0.0597222 0.695709 102.42748260498047
2 0.639844 0.548611 0.040625 0.0694444 0.707705 102.42748260498047
2 0.35625 0.716667 0.071875 0.102778 0.80468 102.42748260498047
