2 0.592578 0.467361 0.0257812 0.0375 0.288216 136.24906539916992
2 0.426953 0.420139 0.0304688 0.0347222 0.377294 136.24906539916992
5 0.360156 0.435417 0.0609375 0.0930556 0.461107 136.24906539916992
2 0.289844 0.546528 0.0375 0.0597222 0.570406 136.24906539916992
2 0.776953 0.636111 0.0570313 0.0833333 0.601333 136.24906539916992
2 0.435156 0.498611 0.0328125 0.0472222 0.606846 136.24906539916992
2 0.733984 0.679861 0.0726563 0.123611 0.710804 136.24906539916992
2 0.257031 0.711111 0.0765625 0.1 0.72312 136.24906539916992
2 0.199219 0.663194 0.0703125 0.0847222 0.753805 136.24906539916992
2 0.381641 0.652778 0.0570313 0.0833333 0.806237 136.24906539916992
