2 0.355078 0.472222 0.0554687 0.0555556 0.292354 125.04100799560547
2 0.453516 0.45 0.0289063 0.0388889 0.432528 125.04100799560547
2 0.342578 0.475694 0.0304688 0.0430556 0.491429 125.04100799560547
2 0.628906 0.459028 0.028125 0.0375 0.528471 125.04100799560547
7 0.700781 0.513194 0.104687 0.190278 0.645999 125.04100799560547
2 0.0453125 0.863889 0.090625 0.152778 0.656308 125.04100799560547
2 0.428516 0.528472 0.0367187 0.0597222 0.683907 125.04100799560547
2 0.39375 0.625 0.0515625 0.0916667 0.761672 125.04100799560547
2 0.578906 0.534722 0.034375 0.0638889 0.769066 125.04100799560547
2 0.198828 0.806944 0.114844 0.15 0.787971 125.04100799560547
