2 0.357422 0.467361 0.0226563 0.0375 0.27158 103.43527793884277
2 0.391016 0.484722 0.0382813 0.0611111 0.314877 103.43527793884277
2 0.0457031 0.902083 0.0914062 0.168056 0.391776 103.43527793884277
7 0.264062 0.577083 0.05625 0.0875 0.397674 103.43527793884277
2 0.447656 0.451389 0.03125 0.0444444 0.417025 103.43527793884277
2 0.550391 0.443056 0.0242187 0.0361111 0.504582 103.43527793884277
2 0.385547 0.504861 0.0367187 0.0486111 0.551533 103.43527793884277
2 0.616016 0.506944 0.0335938 0.05 0.636605 103.43527793884277
2 0.333984 0.572222 0.0382813 0.0611111 0.761942 103.43527793884277
2 0.417188 0.599306 0.04375 0.0652778 0.797016 103.43527793884277
