7 0.580469 0.384028 0.03125 0.0513889 0.307736 152.02617645263672
2 0.365234 0.455556 0.0273438 0.0333333 0.369453 152.02617645263672
2 0.447656 0.453472 0.03125 0.0402778 0.381042 152.02617645263672
2 0.167187 0.753472 0.0953125 0.151389 0.425486 152.02617645263672
2 0.589453 0.459722 0.0273438 0.0388889 0.431346 152.02617645263672
2 0.641406 0.479167 0.025 0.0361111 0.494164 152.02617645263672
2 0.430078 0.529167 0.0382813 0.05 0.521159 152.02617645263672
2 0.3 0.929861 0.120312 0.140278 0.618054 152.02617645263672
2 0.35625 0.545139 0.040625 0.0541667 0.709292 152.02617645263672
2 0.0992187 0.744444 0.065625 0.111111 0.764168 152.02617645263672
2 0.4 0.604861 0.0421875 0.0791667 0.775516 152.02617645263672
2 0.594141 0.589583 0.0445312 0.0708333 0.806509 152.02617645263672
