2 0.347266 0.483333 0.0273438 0.0388889 0.34386 304.1825294494629
2 0.0132813 0.920139 0.025 0.0986111 0.397789 304.1825294494629
2 0.907031 0.779167 0.184375 0.397222 0.469018 304.1825294494629
2 0.647656 0.493056 0.03125 0.0388889 0.471144 304.1825294494629
2 0.548047 0.441667 0.0257812 0.0361111 0.492862 304.1825294494629
2 0.385938 0.486111 0.0328125 0.05 0.573542 304.1825294494629
2 0.355859 0.775694 0.0789063 0.131944 0.666865 304.1825294494629
2 0.433984 0.502778 0.0351562 0.0638889 0.695656 304.1825294494629
2 0.569531 0.515278 0.0359375 0.0583333 0.709 304.1825294494629
2 0.251953 0.7375 0.0804688 0.111111 0.773912 304.1825294494629
