2 0.353906 0.521528 0.06875 0.0902778 0.366126 187.32404708862305
2 0.603125 0.485417 0.0296875 0.0430556 0.479245 187.32404708862305
2 0.449219 0.4625 0.03125 0.0388889 0.491826 187.32404708862305
5 0.712891 0.893056 0.142969 0.213889 0.542132 187.32404708862305
2 0.423828 0.536111 0.0351562 0.0472222 0.63103 187.32404708862305
2 0.276563 0.953472 0.125 0.0930556 0.682186 187.32404708862305
2 0.298828 0.53125 0.0398437 0.0541667 0.717024 187.32404708862305
2 0.362109 0.739583 0.0773437 0.101389 0.743843 187.32404708862305
2 0.15625 0.906944 0.140625 0.177778 0.821581 187.32404708862305
2 0.848047 0.734722 0.0992187 0.130556 0.841394 187.32404708862305
