2 0.417188 0.440278 0.0234375 0.0361111 0.256073 121.08898162841797
2 0.447656 0.454861 0.0328125 0.0402778 0.422621 121.08898162841797
2 0.351562 0.469444 0.0296875 0.0444444 0.600405 121.08898162841797
2 0.388281 0.482639 0.03125 0.0458333 0.605462 121.08898162841797
5 0.752734 0.7 0.125781 0.255556 0.606871 121.08898162841797
2 0.658203 0.502083 0.0382813 0.0541667 0.619086 121.08898162841797
2 0.563672 0.522917 0.0367187 0.0541667 0.707448 121.08898162841797
2 0.160938 0.703472 0.101562 0.123611 0.727731 121.08898162841797
2 0.348828 0.763194 0.0789063 0.131944 0.728083 121.08898162841797
2 0.314453 0.60625 0.0492188 0.0736111 0.751823 121.08898162841797
2 0.16875 0.829861 0.132812 0.176389 0.796588 121.08898162841797
2 0.413281 0.581944 0.04375 0.0722222 0.802343 121.08898162841797
