2 0.442969 0.481944 0.028125 0.0333333 0.471757 110.7187271118164
2 0.5375 0.420833 0.025 0.0305556 0.49774 110.7187271118164
2 0.654297 0.495833 0.0304688 0.0444444 0.575761 110.7187271118164
2 0.735547 0.945139 0.103906 0.0986111 0.576698 110.7187271118164
2 0.384375 0.492361 0.0328125 0.0430556 0.609679 110.7187271118164
5 0.165234 0.643056 0.122656 0.2 0.662847 110.7187271118164
2 0.414844 0.544444 0.0515625 0.102778 0.691127 110.7187271118164
2 0.285937 0.552083 0.04375 0.0569444 0.696695 110.7187271118164
2 0.317969 0.609722 0.0515625 0.0805556 0.757307 110.7187271118164
2 0.885547 0.770833 0.111719 0.169444 0.766686 110.7187271118164
2 0.377344 0.705556 0.065625 0.105556 0.799741 110.7187271118164
2 0.167578 0.874306 0.116406 0.156944 0.857044 110.7187271118164
