2 0.291797 0.602778 0.0570313 0.0916667 0.295572 121.83284759521484
2 0.465234 0.408333 0.0179687 0.0277778 0.309273 121.83284759521484
2 0.3875 0.472222 0.0359375 0.0472222 0.325987 121.83284759521484
2 0.417188 0.441667 0.0234375 0.0416667 0.371071 121.83284759521484
5 0.310547 0.854861 0.149219 0.2875 0.459099 121.83284759521484
2 0.350391 0.475 0.0335938 0.05 0.518523 121.83284759521484
2 0.453516 0.470139 0.0273438 0.0375 0.634339 121.83284759521484
2 0.278906 0.570833 0.0484375 0.0638889 0.661232 121.83284759521484
2 0.312109 0.636111 0.0539063 0.0861111 0.745609 121.83284759521484
2 0.396094 0.659722 0.05 0.0805556 0.782554 121.83284759521484
2 0.847656 0.723611 0.1 0.147222 0.828034 121.83284759521484
