2 0.576953 0.4375 0.0273438 0.0388889 0.311822 122.26462364196777
5 0.112891 0.809028 0.225781 0.356944 0.37049 122.26462364196777
2 0.453516 0.439583 0.0226563 0.0375 0.401109 122.26462364196777
7 0.203516 0.576389 0.149219 0.216667 0.466617 122.26462364196777
2 0.330859 0.499306 0.0367187 0.0513889 0.489447 122.26462364196777
2 0.666016 0.506944 0.0351562 0.05 0.541718 122.26462364196777
2 0.373047 0.513889 0.0335938 0.0472222 0.596849 122.26462364196777
2 0.575781 0.488194 0.03125 0.0458333 0.621648 122.26462364196777
2 0.432031 0.511806 0.034375 0.0486111 0.622756 122.26462364196777
2 0.281641 0.945833 0.125781 0.108333 0.641662 122.26462364196777
2 0.315625 0.611806 0.0546875 0.0736111 0.759446 122.26462364196777
2 0.405859 0.622917 0.0476562 0.0819444 0.761484 122.26462364196777
2 0.926172 0.847917 0.146094 0.181944 0.767855 122.26462364196777
