2 0.354297 0.473611 0.0273438 0.0416667 0.283142 110.73064804077148
5 0.389062 0.409722 0.0421875 0.0722222 0.381725 110.73064804077148
2 0.454688 0.435417 0.025 0.0319444 0.383041 110.73064804077148
2 0.557422 0.475694 0.0226563 0.0430556 0.519394 110.73064804077148
2 0.310156 0.526389 0.0328125 0.0444444 0.532605 110.73064804077148
2 0.894141 0.942361 0.119531 0.109722 0.600649 110.73064804077148
2 0.661328 0.498611 0.0320312 0.0472222 0.603106 110.73064804077148
2 0.433594 0.490278 0.03125 0.0444444 0.645168 110.73064804077148
2 0.211719 0.641667 0.0765625 0.1 0.656291 110.73064804077148
2 0.366797 0.531944 0.0367187 0.05 0.696452 110.73064804077148
2 0.263281 0.702778 0.0796875 0.102778 0.730869 110.73064804077148
