2 0.411328 0.445833 0.0273438 0.0416667 0.267261 132.81559944152832
2 0.576172 0.459722 0.0273438 0.0416667 0.28165 132.81559944152832
2 0.339453 0.481944 0.0289063 0.0444444 0.406064 132.81559944152832
2 0.385547 0.490972 0.0273438 0.0402778 0.413318 132.81559944152832
2 0.450781 0.447917 0.0265625 0.0291667 0.535622 132.81559944152832
2 0.275781 0.5625 0.0390625 0.05 0.587118 132.81559944152832
2 0.766016 0.795139 0.0898438 0.143056 0.594212 132.81559944152832
2 0.424219 0.518056 0.0375 0.0472222 0.703991 132.81559944152832
2 0.0550781 0.833333 0.108594 0.163889 0.712895 132.81559944152832
2 0.250391 0.720833 0.0945313 0.125 0.716271 132.81559944152832
2 0.338281 0.573611 0.04375 0.0611111 0.741718 132.81559944152832
2 0.576172 0.552083 0.0382813 0.0597222 0.767897 132.81559944152832
2 0.394141 0.660417 0.0523437 0.0875 0.774234 132.81559944152832
