2 0.391406 0.480556 0.034375 0.05 0.335431 105.44633865356445
2 0.6 0.465278 0.0265625 0.0361111 0.359706 105.44633865356445
5 0.672656 0.876389 0.103125 0.2 0.417924 105.44633865356445
2 0.446484 0.468056 0.0320312 0.0444444 0.591151 105.44633865356445
2 0.367969 0.523611 0.0359375 0.05 0.673135 105.44633865356445
2 0.307422 0.940278 0.117969 0.116667 0.683251 105.44633865356445
2 0.287891 0.558333 0.0460938 0.0611111 0.712303 105.44633865356445
2 0.960156 0.89375 0.078125 0.195833 0.722567 105.44633865356445
2 0.418359 0.554167 0.0492188 0.0694444 0.751907 105.44633865356445
2 0.582812 0.555556 0.0375 0.0611111 0.76938 105.44633865356445
2 0.0488281 0.868056 0.0976562 0.163889 0.777432 105.44633865356445
