2 0.541016 0.445833 0.0242187 0.0305556 0.27127 130.73396682739258
2 0.344141 0.488889 0.0289063 0.0416667 0.30161 130.73396682739258
7 0.588672 0.390278 0.0304688 0.0722222 0.308777 130.73396682739258
2 0.455078 0.4375 0.0257812 0.0361111 0.326025 130.73396682739258
2 0.405859 0.45 0.0351562 0.0472222 0.342933 130.73396682739258
2 0.583203 0.455556 0.0304688 0.0444444 0.372799 130.73396682739258
2 0.723047 0.665278 0.100781 0.194444 0.484274 130.73396682739258
2 0.367969 0.513194 0.03125 0.0458333 0.51129 130.73396682739258
2 0.589844 0.575 0.05625 0.122222 0.586616 130.73396682739258
2 0.235938 0.608333 0.05625 0.075 0.691928 130.73396682739258
2 0.296094 0.945139 0.114063 0.104167 0.753444 130.73396682739258
2 0.317969 0.600694 0.0484375 0.0680556 0.786801 130.73396682739258
2 0.403516 0.603472 0.0398437 0.0708333 0.804194 130.73396682739258
2 0.168359 0.8625 0.135156 0.188889 0.849868 130.73396682739258
