2 0.465625 0.413889 0.021875 0.0333333 0.256278 120.98026275634766
2 0.561719 0.418056 0.0265625 0.0305556 0.288326 120.98026275634766
2 0.431641 0.413889 0.0210938 0.0361111 0.340158 120.98026275634766
2 0.583594 0.445833 0.025 0.0361111 0.422191 120.98026275634766
2 0.442969 0.48125 0.03125 0.0402778 0.502601 120.98026275634766
2 0.676562 0.524306 0.0328125 0.0458333 0.586499 120.98026275634766
2 0.248437 0.590278 0.0484375 0.0666667 0.615304 120.98026275634766
2 0.367188 0.533333 0.040625 0.0527778 0.701575 120.98026275634766
2 0.410937 0.629861 0.0484375 0.0791667 0.79685 120.98026275634766
2 0.634375 0.554167 0.040625 0.0611111 0.799087 120.98026275634766
2 0.157031 0.877778 0.128125 0.172222 0.815201 120.98026275634766
