2 0.428516 0.422222 0.0210938 0.0305556 0.276402 127.31719017028809
2 0.338672 0.540278 0.0398437 0.0861111 0.29247 127.31719017028809
2 0.602344 0.426389 0.0234375 0.0333333 0.330956 127.31719017028809
2 0.445312 0.461806 0.0296875 0.0347222 0.333039 127.31719017028809
2 0.572266 0.420139 0.0242187 0.0430556 0.338627 127.31719017028809
2 0.405469 0.451389 0.025 0.0388889 0.365969 127.31719017028809
2 0.332422 0.495833 0.0289063 0.0444444 0.389821 127.31719017028809
2 0.354688 0.797917 0.0796875 0.1375 0.482198 127.31719017028809
2 0.607031 0.485417 0.034375 0.0486111 0.493403 127.31719017028809
2 0.383594 0.495139 0.0265625 0.0375 0.527756 127.31719017028809
2 0.234375 0.599306 0.0625 0.0847222 0.678794 127.31719017028809
2 0.432031 0.53125 0.034375 0.0541667 0.695019 127.31719017028809
2 0.566797 0.499306 0.0289063 0.0486111 0.70992 127.31719017028809
2 0.682031 0.527778 0.0390625 0.0527778 0.728664 127.31719017028809
2 0.704297 0.681944 0.0757812 0.122222 0.738145 127.31719017028809
2 0.342187 0.567361 0.0484375 0.0708333 0.738551 127.31719017028809
