2 0.410547 0.445139 0.0320312 0.0430556 0.268026 116.01758003234863
5 0.322656 0.472222 0.05 0.111111 0.391672 116.01758003234863
2 0.603906 0.428472 0.0234375 0.0319444 0.403572 116.01758003234863
2 0.442969 0.466667 0.03125 0.05 0.455228 116.01758003234863
2 0.112109 0.952083 0.142969 0.0958333 0.490624 116.01758003234863
2 0.38125 0.497917 0.03125 0.0430556 0.551709 116.01758003234863
2 0.432813 0.527083 0.0359375 0.0458333 0.61955 116.01758003234863
2 0.554297 0.479861 0.0289063 0.0430556 0.643973 116.01758003234863
2 0.668359 0.503472 0.0414063 0.0652778 0.671559 116.01758003234863
2 0.327734 0.590278 0.0492188 0.0805556 0.749451 116.01758003234863
2 0.377734 0.683333 0.0632813 0.102778 0.764987 116.01758003234863
2 0.764844 0.625 0.0625 0.1 0.799407 116.01758003234863
2 0.267188 0.716667 0.0765625 0.108333 0.820059 116.01758003234863
2 0.754297 0.745833 0.0960938 0.138889 0.824908 116.01758003234863
5 0.11875 0.710417 0.23125 0.448611 0.850726 116.01758003234863
