2 0.578906 0.435417 0.0203125 0.0347222 0.307239 129.60505485534668
2 0.264453 0.64375 0.0757812 0.151389 0.343796 129.60505485534668
5 0.130078 0.788194 0.260156 0.401389 0.348848 129.60505485534668
5 0.649219 0.784028 0.078125 0.148611 0.367693 129.60505485534668
2 0.445703 0.4625 0.0320312 0.0416667 0.554438 129.60505485534668
2 0.355078 0.466667 0.0273438 0.0388889 0.559473 129.60505485534668
2 0.422656 0.556944 0.040625 0.05 0.652962 129.60505485534668
2 0.338672 0.571528 0.0476562 0.0652778 0.741115 129.60505485534668
2 0.570312 0.521528 0.0359375 0.0541667 0.751724 129.60505485534668
2 0.387891 0.645139 0.0539063 0.0930556 0.781106 129.60505485534668
