2 0.429688 0.416667 0.025 0.0361111 0.285197 105.66878318786621
2 0.555078 0.475694 0.0304688 0.0486111 0.287151 105.66878318786621
2 0.399219 0.474306 0.040625 0.0541667 0.398145 105.66878318786621
2 0.454688 0.450694 0.0234375 0.0375 0.427058 105.66878318786621
2 0.329688 0.496528 0.0375 0.0513889 0.571338 105.66878318786621
2 0.377344 0.685417 0.065625 0.109722 0.594698 105.66878318786621
2 0.685156 0.516667 0.0421875 0.0666667 0.620344 105.66878318786621
2 0.414844 0.56875 0.0359375 0.0569444 0.664306 105.66878318786621
2 0.567187 0.529861 0.0328125 0.0513889 0.691116 105.66878318786621
2 0.653125 0.559028 0.0484375 0.0847222 0.755341 105.66878318786621
2 0.235156 0.752778 0.0890625 0.122222 0.757846 105.66878318786621
