2 0.578516 0.447917 0.0242187 0.0402778 0.285996 103.43337059020996
2 0.339844 0.492361 0.0265625 0.0347222 0.290891 103.43337059020996
2 0.354688 0.504167 0.0453125 0.0444444 0.366424 103.43337059020996
7 0.689062 0.610417 0.078125 0.154167 0.375357 103.43337059020996
2 0.454297 0.443056 0.0257812 0.0361111 0.385379 103.43337059020996
2 0.361719 0.519444 0.0390625 0.0527778 0.412441 103.43337059020996
2 0.404687 0.456944 0.0359375 0.0444444 0.452441 103.43337059020996
2 0.580469 0.546528 0.0453125 0.0819444 0.665624 103.43337059020996
2 0.222656 0.625694 0.0640625 0.0791667 0.743167 103.43337059020996
2 0.397266 0.625 0.0445312 0.0722222 0.743409 103.43337059020996
2 0.306641 0.620833 0.0507812 0.0777778 0.756268 103.43337059020996
2 0.130078 0.909028 0.155469 0.179167 0.874127 103.43337059020996
