2 0.539453 0.401389 0.0289063 0.0444444 0.272323 109.9090576171875
2 0.450391 0.44375 0.0242187 0.0347222 0.329612 109.9090576171875
2 0.388672 0.472917 0.0289063 0.0430556 0.33709 109.9090576171875
2 0.579687 0.434722 0.025 0.05 0.438129 109.9090576171875
2 0.0179687 0.910417 0.0359375 0.106944 0.503375 109.9090576171875
2 0.557031 0.4875 0.0296875 0.0416667 0.591044 109.9090576171875
2 0.255859 0.588194 0.0414063 0.0625 0.603078 109.9090576171875
2 0.281641 0.959028 0.114844 0.0819444 0.610858 109.9090576171875
2 0.726562 0.584028 0.0515625 0.0708333 0.726282 109.9090576171875
2 0.0902344 0.942361 0.166406 0.115278 0.732956 109.9090576171875
2 0.365234 0.516667 0.0367187 0.05 0.735931 109.9090576171875
2 0.691016 0.647917 0.0585938 0.0847222 0.736397 109.9090576171875
2 0.435547 0.504167 0.0335938 0.05 0.738112 109.9090576171875
2 0.285547 0.65625 0.0601562 0.0791667 0.754305 109.9090576171875
2 0.937891 0.851389 0.124219 0.177778 0.793863 109.9090576171875
