2 0.401172 0.455556 0.0242187 0.0305556 0.315373 98.08802604675293
2 0.543359 0.434722 0.0289063 0.0361111 0.439885 98.08802604675293
2 0.290625 0.551389 0.0359375 0.0527778 0.460248 98.08802604675293
2 0.599609 0.465972 0.0367187 0.0625 0.53854 98.08802604675293
2 0.380469 0.492361 0.0328125 0.0430556 0.575251 98.08802604675293
2 0.443359 0.476389 0.0289063 0.0416667 0.592763 98.08802604675293
2 0.334375 0.827778 0.084375 0.133333 0.666518 98.08802604675293
2 0.316797 0.598611 0.0445312 0.0611111 0.711442 98.08802604675293
2 0.879687 0.935417 0.1375 0.129167 0.786014 98.08802604675293
2 0.0832031 0.790972 0.116406 0.134722 0.797477 98.08802604675293
2 0.205078 0.799306 0.0945313 0.134722 0.808967 98.08802604675293
2 0.842969 0.723611 0.0859375 0.116667 0.83385 98.08802604675293
2 0.581641 0.559722 0.0398437 0.0666667 0.855899 98.08802604675293
