2 0.428516 0.426389 0.0304688 0.0444444 0.263999 124.73726272583008
2 0.458984 0.429861 0.0273438 0.0347222 0.314931 124.73726272583008
2 0.348828 0.471528 0.0273438 0.0375 0.346081 124.73726272583008
2 0.376953 0.503472 0.0289063 0.0430556 0.451699 124.73726272583008
5 0.64375 0.440972 0.0671875 0.123611 0.523009 124.73726272583008
2 0.815234 0.88125 0.117969 0.195833 0.594789 124.73726272583008
2 0.592578 0.591667 0.0460938 0.0861111 0.606831 124.73726272583008
2 0.423438 0.519444 0.0375 0.05 0.69437 124.73726272583008
2 0.312891 0.620139 0.0539063 0.0763889 0.718304 124.73726272583008
2 0.262891 0.564583 0.0445312 0.0569444 0.718823 124.73726272583008
2 0.648047 0.563194 0.0429688 0.0652778 0.719871 124.73726272583008
2 0.0597656 0.825 0.119531 0.138889 0.746331 124.73726272583008
2 0.364062 0.710417 0.0671875 0.106944 0.758125 124.73726272583008
2 0.130078 0.915972 0.150781 0.159722 0.854627 124.73726272583008
