2 0.464453 0.416667 0.0257812 0.0277778 0.28564 148.82302284240723
2 0.391406 0.478472 0.025 0.0347222 0.288852 148.82302284240723
2 0.579297 0.439583 0.0289063 0.0402778 0.305364 148.82302284240723
2 0.537109 0.421528 0.0273438 0.0347222 0.366408 148.82302284240723
2 0.601562 0.481944 0.028125 0.0333333 0.398091 148.82302284240723
5 0.612109 0.411806 0.0445312 0.0986111 0.42559 148.82302284240723
2 0.290234 0.540278 0.0398437 0.05 0.543566 148.82302284240723
2 0.357812 0.539583 0.0328125 0.0486111 0.593215 148.82302284240723
2 0.426172 0.53125 0.0304688 0.0513889 0.677141 148.82302284240723
2 0.280469 0.6625 0.065625 0.1 0.687229 148.82302284240723
2 0.370313 0.733333 0.0671875 0.108333 0.716275 148.82302284240723
2 0.633594 0.548611 0.04375 0.075 0.762213 148.82302284240723
2 0.563281 0.527778 0.034375 0.0583333 0.791458 148.82302284240723
2 0.0671875 0.827778 0.132812 0.147222 0.81572 148.82302284240723
