2 0.599609 0.477778 0.0320312 0.05 0.292356 110.40902137756348
2 0.463281 0.414583 0.0265625 0.0319444 0.298031 110.40902137756348
2 0.289844 0.534722 0.040625 0.0666667 0.430643 110.40902137756348
2 0.396094 0.475694 0.028125 0.0375 0.447362 110.40902137756348
2 0.655469 0.502083 0.0328125 0.0402778 0.472403 110.40902137756348
2 0.765625 0.615972 0.0703125 0.1125 0.647508 110.40902137756348
2 0.422266 0.549306 0.0367187 0.0652778 0.732592 110.40902137756348
2 0.360547 0.7375 0.0726563 0.105556 0.760658 110.40902137756348
2 0.35 0.559028 0.0390625 0.0569444 0.772628 110.40902137756348
2 0.729297 0.708333 0.0757812 0.113889 0.772645 110.40902137756348
2 0.134766 0.936111 0.157031 0.127778 0.808105 110.40902137756348
