2 0.372656 0.446528 0.028125 0.0375 0.288585 500.31208992004395
2 0.435547 0.5125 0.0367187 0.0444444 0.292661 500.31208992004395
7 0.587109 0.39375 0.0320312 0.0597222 0.293783 500.31208992004395
2 0.236328 0.686111 0.0851562 0.172222 0.357469 500.31208992004395
2 0.453906 0.445833 0.028125 0.0333333 0.392616 500.31208992004395
2 0.64375 0.719444 0.0734375 0.125 0.58383 500.31208992004395
2 0.553906 0.479167 0.03125 0.0388889 0.591774 500.31208992004395
2 0.665625 0.506944 0.034375 0.0416667 0.598497 500.31208992004395
2 0.369922 0.518056 0.0367187 0.05 0.616384 500.31208992004395
2 0.604297 0.488194 0.0320312 0.0458333 0.619122 500.31208992004395
2 0.168359 0.672222 0.0664062 0.0972222 0.774952 500.31208992004395
2 0.410156 0.575 0.040625 0.0722222 0.780869 500.31208992004395
2 0.334766 0.845139 0.0960938 0.151389 0.806846 500.31208992004395
