2 0.4125 0.441667 0.03125 0.0444444 0.330457 109.82370376586914
7 0.330859 0.457639 0.0445312 0.0930556 0.338294 109.82370376586914
2 0.608594 0.436806 0.0265625 0.0375 0.348425 109.82370376586914
2 0.445312 0.460417 0.0359375 0.0458333 0.368381 109.82370376586914
2 0.384375 0.492361 0.0296875 0.0430556 0.579721 109.82370376586914
2 0.561328 0.498611 0.0351562 0.05 0.656453 109.82370376586914
2 0.435547 0.511111 0.0335938 0.0527778 0.679889 109.82370376586914
2 0.683594 0.520139 0.0453125 0.0708333 0.681831 109.82370376586914
2 0.335938 0.576389 0.0484375 0.0777778 0.735465 109.82370376586914
2 0.387109 0.654167 0.0585938 0.0861111 0.749068 109.82370376586914
2 0.808203 0.678472 0.0789063 0.129167 0.78218 109.82370376586914
2 0.282422 0.682639 0.0648438 0.0958333 0.800277 109.82370376586914
2 0.839844 0.895139 0.129688 0.204167 0.830276 109.82370376586914
5 0.126563 0.678472 0.248437 0.418056 0.833046 109.82370376586914
2 0.134766 0.917361 0.167969 0.1625 0.848648 109.82370376586914
