2 0.355469 0.475694 0.03125 0.0430556 0.265555 112.11466789245605
2 0.566406 0.410417 0.021875 0.0375 0.441786 112.11466789245605
2 0.444922 0.4875 0.0304688 0.0416667 0.445021 112.11466789245605
2 0.35625 0.540972 0.0359375 0.0486111 0.623049 112.11466789245605
2 0.208984 0.640972 0.0585938 0.0763889 0.623856 112.11466789245605
2 0.423828 0.549306 0.0367187 0.0569444 0.698909 112.11466789245605
2 0.355859 0.742361 0.0695312 0.106944 0.708439 112.11466789245605
2 0.277734 0.561111 0.0460938 0.0555556 0.71638 112.11466789245605
2 0.737891 0.599306 0.0570313 0.0736111 0.723786 112.11466789245605
2 0.673828 0.632639 0.0570313 0.0847222 0.778801 112.11466789245605
2 0.0792969 0.794444 0.113281 0.130556 0.809614 112.11466789245605
