2 0.417969 0.438889 0.025 0.0388889 0.252729 127.21991539001465
2 0.553906 0.395833 0.025 0.0333333 0.256507 127.21991539001465
2 0.366406 0.463194 0.028125 0.0430556 0.394514 127.21991539001465
2 0.453125 0.454167 0.0265625 0.0388889 0.422619 127.21991539001465
2 0.298828 0.538889 0.0367187 0.05 0.527851 127.21991539001465
2 0.635938 0.750694 0.075 0.134722 0.581864 127.21991539001465
2 0.570703 0.531944 0.0367187 0.0666667 0.666938 127.21991539001465
2 0.332812 0.914583 0.114063 0.156944 0.674672 127.21991539001465
2 0.720312 0.584722 0.0515625 0.0777778 0.719477 127.21991539001465
2 0.424219 0.553472 0.0375 0.0541667 0.760704 127.21991539001465
2 0.299219 0.652083 0.0625 0.0819444 0.806392 127.21991539001465
2 0.0722656 0.797222 0.127344 0.136111 0.822067 127.21991539001465
