2 0.454688 0.430556 0.021875 0.025 0.304838 102.79178619384766
2 0.364062 0.46875 0.025 0.0430556 0.31918 102.79178619384766
2 0.696484 0.574306 0.0648438 0.0819444 0.373247 102.79178619384766
2 0.630859 0.471528 0.0304688 0.0375 0.440381 102.79178619384766
2 0.389453 0.486806 0.0304688 0.0430556 0.465631 102.79178619384766
2 0.271094 0.559722 0.05 0.0722222 0.585435 102.79178619384766
2 0.709766 0.552778 0.0523437 0.0805556 0.691105 102.79178619384766
2 0.651953 0.784722 0.0835937 0.152778 0.706009 102.79178619384766
2 0.332422 0.840972 0.0898438 0.145833 0.713834 102.79178619384766
2 0.662891 0.596528 0.0460938 0.0736111 0.781437 102.79178619384766
2 0.413672 0.578472 0.0414063 0.0708333 0.79308 102.79178619384766
2 0.334766 0.588194 0.0429688 0.0680556 0.809366 102.79178619384766
