2 0.452344 0.447222 0.025 0.0333333 0.288527 102.92196273803711
2 0.393359 0.478472 0.0273438 0.0375 0.32998 102.92196273803711
2 0.345703 0.473611 0.0257812 0.0416667 0.352909 102.92196273803711
2 0.539062 0.427083 0.0234375 0.0375 0.363114 102.92196273803711
2 0.586719 0.448611 0.028125 0.0444444 0.397338 102.92196273803711
2 0.619141 0.445833 0.0289063 0.0388889 0.411878 102.92196273803711
2 0.365625 0.53125 0.040625 0.0597222 0.597985 102.92196273803711
2 0.441016 0.496528 0.0289063 0.0458333 0.602799 102.92196273803711
2 0.383203 0.689583 0.0554687 0.0930556 0.632499 102.92196273803711
2 0.644922 0.552778 0.0382813 0.0666667 0.678668 102.92196273803711
2 0.276563 0.554167 0.0484375 0.0722222 0.69882 102.92196273803711
2 0.285937 0.940278 0.139062 0.116667 0.734671 102.92196273803711
2 0.600781 0.596528 0.0453125 0.0708333 0.760092 102.92196273803711
2 0.748047 0.611806 0.0648438 0.0819444 0.769449 102.92196273803711
