2 0.365625 0.481944 0.05625 0.0555556 0.25454 138.13424110412598
2 0.443359 0.451389 0.0429688 0.0611111 0.370341 138.13424110412598
2 0.353125 0.475694 0.03125 0.0402778 0.386926 138.13424110412598
7 0.621875 0.682639 0.06875 0.148611 0.402565 138.13424110412598
7 0.335938 0.770139 0.104687 0.209722 0.44815 138.13424110412598
2 0.625 0.450694 0.0296875 0.0402778 0.472489 138.13424110412598
7 0.297656 0.509722 0.065625 0.111111 0.491756 138.13424110412598
2 0.380859 0.504861 0.0335938 0.0513889 0.608599 138.13424110412598
2 0.428906 0.529167 0.0328125 0.0527778 0.700148 138.13424110412598
2 0.713672 0.572917 0.0429688 0.0541667 0.7226 138.13424110412598
2 0.973828 0.919444 0.0523437 0.141667 0.735878 138.13424110412598
2 0.634766 0.54375 0.0367187 0.0680556 0.743376 138.13424110412598
2 0.320703 0.596528 0.0492188 0.0708333 0.805929 138.13424110412598
2 0.15625 0.722917 0.090625 0.109722 0.824323 138.13424110412598
