5 0.351953 0.517361 0.0773437 0.143056 0.253533 483.92271995544434
2 0.319531 0.883333 0.109375 0.197222 0.349425 483.92271995544434
2 0.541406 0.424306 0.021875 0.0319444 0.389578 483.92271995544434
5 0.613281 0.422917 0.046875 0.0902778 0.613328 483.92271995544434
2 0.435156 0.504861 0.03125 0.0541667 0.676592 483.92271995544434
2 0.688672 0.541667 0.0398437 0.0583333 0.678021 483.92271995544434
2 0.274609 0.552778 0.0445312 0.0638889 0.692721 483.92271995544434
2 0.56875 0.520139 0.0359375 0.0513889 0.722104 483.92271995544434
2 0.615625 0.675694 0.0609375 0.104167 0.749927 483.92271995544434
2 0.389844 0.647222 0.0546875 0.0888889 0.758029 483.92271995544434
2 0.730469 0.702778 0.0765625 0.119444 0.780642 483.92271995544434
2 0.841406 0.71875 0.084375 0.106944 0.817797 483.92271995544434
