2 0.00976562 0.921528 0.0179687 0.0986111 0.252899 114.40491676330566
2 0.655078 0.588889 0.0429688 0.0527778 0.384758 114.40491676330566
2 0.322266 0.503472 0.0351562 0.0541667 0.425242 114.40491676330566
2 0.976172 0.9 0.0476562 0.180556 0.52273 114.40491676330566
2 0.650781 0.566667 0.0453125 0.0916667 0.579593 114.40491676330566
2 0.726172 0.591667 0.0492188 0.0666667 0.626964 114.40491676330566
2 0.374609 0.517361 0.0382813 0.0458333 0.663158 114.40491676330566
2 0.435156 0.504861 0.0328125 0.0513889 0.686764 114.40491676330566
2 0.255859 0.746528 0.0851562 0.118056 0.768619 114.40491676330566
2 0.397656 0.613889 0.046875 0.0722222 0.784113 114.40491676330566
