2 0.564453 0.416667 0.0242187 0.025 0.269213 117.07735061645508
2 0.414062 0.448611 0.0296875 0.0416667 0.36319 117.07735061645508
2 0.630859 0.465972 0.0242187 0.0402778 0.482212 117.07735061645508
2 0.605469 0.476389 0.03125 0.0472222 0.527927 117.07735061645508
7 0.329297 0.469444 0.0835937 0.127778 0.539676 117.07735061645508
2 0.448828 0.457639 0.0289063 0.0347222 0.587773 117.07735061645508
2 0.0242187 0.918056 0.0484375 0.113889 0.589088 117.07735061645508
2 0.207422 0.64375 0.0710938 0.0902778 0.726117 117.07735061645508
2 0.722266 0.6875 0.0710938 0.105556 0.784463 117.07735061645508
2 0.406641 0.593056 0.0429688 0.0694444 0.793989 117.07735061645508
