7 0.432031 0.393056 0.0375 0.0694444 0.305213 119.03810501098633
2 0.454297 0.459722 0.0210938 0.0388889 0.40874 119.03810501098633
2 0.5875 0.448611 0.0296875 0.0444444 0.522593 119.03810501098633
2 0.379687 0.497222 0.0296875 0.0416667 0.530883 119.03810501098633
2 0.314844 0.515278 0.0375 0.0444444 0.59138 119.03810501098633
2 0.437109 0.504167 0.0351562 0.05 0.594707 119.03810501098633
2 0.260547 0.570833 0.0414063 0.0583333 0.59846 119.03810501098633
2 0.652344 0.490972 0.028125 0.0430556 0.606312 119.03810501098633
2 0.18125 0.675694 0.0765625 0.0930556 0.753478 119.03810501098633
2 0.392969 0.626389 0.0453125 0.0805556 0.75828 119.03810501098633
2 0.230078 0.775 0.0992187 0.125 0.806901 119.03810501098633
2 0.939844 0.865972 0.11875 0.184722 0.884754 119.03810501098633
