2 0.401563 0.456944 0.0265625 0.0388889 0.373346 117.11239814758301
2 0.435156 0.492361 0.03125 0.0486111 0.45626 117.11239814758301
7 0.299219 0.494444 0.053125 0.133333 0.471945 117.11239814758301
2 0.632812 0.460417 0.0328125 0.0486111 0.503503 117.11239814758301
5 0.0867188 0.736806 0.16875 0.398611 0.596698 117.11239814758301
2 0.368359 0.519444 0.0351562 0.05 0.637329 117.11239814758301
2 0.641016 0.556944 0.0398437 0.0638889 0.719891 117.11239814758301
2 0.685938 0.530556 0.0359375 0.0638889 0.729331 117.11239814758301
2 0.420703 0.563889 0.0367187 0.0527778 0.75298 117.11239814758301
2 0.293359 0.648611 0.0632813 0.0944444 0.792207 117.11239814758301
2 0.951953 0.870833 0.0960938 0.186111 0.828544 117.11239814758301
2 0.342578 0.804167 0.0914062 0.136111 0.84523 117.11239814758301
2 0.192578 0.848611 0.113281 0.152778 0.870458 117.11239814758301
