2 0.416797 0.493056 0.0398437 0.0638889 0.263874 108.41703414916992
2 0.368359 0.452778 0.0226563 0.0361111 0.365796 108.41703414916992
2 0.453906 0.427083 0.0203125 0.0375 0.380052 108.41703414916992
2 0.404297 0.459722 0.0242187 0.0388889 0.382625 108.41703414916992
7 0.623438 0.438194 0.0453125 0.0791667 0.443458 108.41703414916992
2 0.737891 0.967361 0.122656 0.0652778 0.466537 108.41703414916992
2 0.423047 0.513194 0.0351562 0.0486111 0.571793 108.41703414916992
2 0.35 0.785417 0.09375 0.170833 0.625659 108.41703414916992
2 0.239063 0.6125 0.0546875 0.0694444 0.646913 108.41703414916992
2 0.267578 0.696528 0.0789063 0.115278 0.745866 108.41703414916992
2 0.395703 0.592361 0.0414063 0.0652778 0.782686 108.41703414916992
2 0.835156 0.709028 0.0765625 0.118056 0.820276 108.41703414916992
