2 0.319531 0.506944 0.0296875 0.0416667 0.278764 131.6964626312256
2 0.409766 0.455556 0.0304688 0.0361111 0.376255 131.6964626312256
2 0.592188 0.463194 0.025 0.0347222 0.391099 131.6964626312256
7 0.613281 0.416667 0.0359375 0.0833333 0.41877 131.6964626312256
2 0.454688 0.453472 0.025 0.0347222 0.429013 131.6964626312256
5 0.381641 0.415278 0.0414063 0.0833333 0.475293 131.6964626312256
2 0.344141 0.552778 0.0367187 0.05 0.590928 131.6964626312256
2 0.551172 0.465278 0.0242187 0.0416667 0.599221 131.6964626312256
2 0.611328 0.648611 0.0601562 0.119444 0.646996 131.6964626312256
2 0.63125 0.547917 0.040625 0.0597222 0.733145 131.6964626312256
2 0.403516 0.586111 0.0429688 0.0666667 0.747733 131.6964626312256
2 0.196094 0.645139 0.065625 0.0819444 0.788057 131.6964626312256
2 0.281641 0.934028 0.135156 0.129167 0.808724 131.6964626312256
2 0.220703 0.774306 0.0867188 0.120833 0.822018 131.6964626312256
