2 0.455078 0.425 0.0289063 0.05 0.303543 138.66138458251953
2 0.355859 0.468056 0.0289063 0.0388889 0.319197 138.66138458251953
2 0.391797 0.485417 0.0382813 0.0486111 0.33202 138.66138458251953
2 0.565625 0.490278 0.028125 0.0333333 0.430143 138.66138458251953
2 0.315234 0.517361 0.0414063 0.0541667 0.485358 138.66138458251953
2 0.626562 0.672222 0.059375 0.102778 0.690597 138.66138458251953
2 0.705469 0.555556 0.0421875 0.0611111 0.70414 138.66138458251953
2 0.0453125 0.875 0.090625 0.15 0.706111 138.66138458251953
2 0.358984 0.763194 0.0804688 0.1125 0.731427 138.66138458251953
2 0.409766 0.552778 0.0382813 0.0611111 0.732912 138.66138458251953
