2 0.542188 0.423611 0.025 0.0388889 0.262433 123.12030792236328
2 0.591797 0.457639 0.0320312 0.0541667 0.314608 123.12030792236328
2 0.397266 0.464583 0.0304688 0.0430556 0.357533 123.12030792236328
2 0.278516 0.564583 0.0351562 0.0541667 0.60594 123.12030792236328
2 0.441797 0.486111 0.0273438 0.0472222 0.644543 123.12030792236328
2 0.375781 0.503472 0.0359375 0.0458333 0.646171 123.12030792236328
2 0.570312 0.529167 0.0359375 0.0583333 0.65453 123.12030792236328
2 0.30625 0.613889 0.046875 0.0694444 0.655282 123.12030792236328
2 0.317578 0.882639 0.0960938 0.156944 0.705283 123.12030792236328
2 0.175391 0.850694 0.113281 0.148611 0.786427 123.12030792236328
2 0.0566406 0.833333 0.113281 0.136111 0.809722 123.12030792236328
2 0.786719 0.816667 0.101562 0.161111 0.835545 123.12030792236328
2 0.792969 0.663194 0.065625 0.0875 0.837309 123.12030792236328
