2 0.416406 0.432639 0.028125 0.0375 0.291471 170.55988311767578
2 0.452734 0.4375 0.0242187 0.0333333 0.31732 170.55988311767578
2 0.392578 0.478472 0.0257812 0.0402778 0.353014 170.55988311767578
2 0.350391 0.469444 0.0289063 0.0388889 0.433167 170.55988311767578
2 0.431641 0.497917 0.0351562 0.0486111 0.481891 170.55988311767578
2 0.295703 0.540972 0.0351562 0.0513889 0.542574 170.55988311767578
2 0.594531 0.486806 0.0359375 0.0513889 0.598792 170.55988311767578
2 0.355078 0.547222 0.0367187 0.0527778 0.65732 170.55988311767578
2 0.603516 0.645139 0.0554687 0.0930556 0.71631 170.55988311767578
2 0.116797 0.734028 0.119531 0.134722 0.731989 170.55988311767578
2 0.408594 0.607639 0.0453125 0.0708333 0.75521 170.55988311767578
2 0.287109 0.659722 0.0726563 0.102778 0.780424 170.55988311767578
