2 0.136328 0.936806 0.0773437 0.104167 0.258059 105.43394088745117
2 0.405469 0.457639 0.021875 0.0402778 0.362567 105.43394088745117
2 0.380078 0.496528 0.0429688 0.0625 0.371732 105.43394088745117
2 0.577734 0.452083 0.0242187 0.0347222 0.440287 105.43394088745117
2 0.445312 0.466667 0.028125 0.0388889 0.573155 105.43394088745117
5 0.326953 0.46875 0.0945313 0.159722 0.623404 105.43394088745117
2 0.619531 0.524306 0.0375 0.0541667 0.631579 105.43394088745117
2 0.3625 0.536111 0.0359375 0.0527778 0.705375 105.43394088745117
2 0.0949219 0.938889 0.152344 0.122222 0.733021 105.43394088745117
2 0.735156 0.598611 0.0546875 0.0777778 0.743698 105.43394088745117
2 0.419922 0.565972 0.0367187 0.0597222 0.793887 105.43394088745117
2 0.135156 0.722917 0.09375 0.104167 0.802069 105.43394088745117
