2 0.372656 0.474306 0.0484375 0.0458333 0.262978 112.42222785949707
2 0.546484 0.444444 0.0210938 0.0305556 0.313448 112.42222785949707
2 0.362109 0.46875 0.0273438 0.0375 0.372279 112.42222785949707
2 0.732422 0.929167 0.133594 0.141667 0.419222 112.42222785949707
7 0.314063 0.494444 0.0546875 0.0944444 0.435491 112.42222785949707
7 0.363281 0.688194 0.0796875 0.168056 0.541886 112.42222785949707
2 0.389844 0.4875 0.0296875 0.0472222 0.551029 112.42222785949707
2 0.641797 0.472222 0.0367187 0.0527778 0.603963 112.42222785949707
2 0.338672 0.565972 0.0429688 0.0652778 0.681824 112.42222785949707
2 0.435937 0.505556 0.0328125 0.05 0.691653 112.42222785949707
2 0.684375 0.622917 0.05 0.0875 0.720916 112.42222785949707
2 0.775781 0.654861 0.0703125 0.0875 0.750698 112.42222785949707
2 0.202344 0.665972 0.071875 0.0902778 0.795966 112.42222785949707
