2 0.34375 0.4875 0.03125 0.0388889 0.321606 114.26925659179688
5 0.418359 0.415278 0.0460938 0.0888889 0.375272 114.26925659179688
7 0.0355469 0.883333 0.0710938 0.152778 0.399119 114.26925659179688
2 0.560156 0.4 0.0171875 0.0333333 0.412182 114.26925659179688
2 0.439453 0.502083 0.0304688 0.0458333 0.554978 114.26925659179688
2 0.254297 0.586806 0.0523437 0.0680556 0.59539 114.26925659179688
2 0.175 0.693056 0.0703125 0.102778 0.646998 114.26925659179688
2 0.339844 0.564583 0.040625 0.0541667 0.686217 114.26925659179688
2 0.413281 0.579861 0.04375 0.0708333 0.716981 114.26925659179688
2 0.328516 0.841667 0.0914062 0.138889 0.725127 114.26925659179688
2 0.693359 0.545139 0.0398437 0.0513889 0.766525 114.26925659179688
2 0.630469 0.552778 0.0421875 0.0666667 0.840656 114.26925659179688
