2 0.442187 0.476389 0.025 0.0361111 0.265259 108.41822624206543
2 0.54375 0.436111 0.021875 0.0277778 0.305665 108.41822624206543
2 0.375391 0.45 0.0273438 0.0444444 0.354382 108.41822624206543
2 0.422266 0.429167 0.0273438 0.0416667 0.355584 108.41822624206543
2 0.613281 0.513889 0.0328125 0.0527778 0.551265 108.41822624206543
2 0.558984 0.493056 0.0320312 0.0444444 0.620128 108.41822624206543
2 0.426953 0.529861 0.0382813 0.0597222 0.655735 108.41822624206543
2 0.351953 0.547222 0.0382813 0.0527778 0.665546 108.41822624206543
2 0.692187 0.542361 0.040625 0.0652778 0.712568 108.41822624206543
2 0.810938 0.686806 0.071875 0.104167 0.724303 108.41822624206543
2 0.374219 0.698611 0.0671875 0.122222 0.726648 108.41822624206543
2 0.298828 0.64375 0.0554687 0.0819444 0.762186 108.41822624206543
2 0.173828 0.690278 0.0820312 0.0972222 0.808262 108.41822624206543
