2 0.457031 0.41875 0.025 0.0291667 0.256054 98.55222702026367
2 0.430469 0.418056 0.01875 0.0305556 0.274731 98.55222702026367
2 0.239453 0.65625 0.0835937 0.0736111 0.331871 98.55222702026367
5 0.364453 0.43125 0.0601562 0.0986111 0.466003 98.55222702026367
2 0.601953 0.484028 0.0289063 0.0402778 0.475858 98.55222702026367
2 0.4375 0.4875 0.028125 0.0444444 0.488963 98.55222702026367
2 0.303125 0.532639 0.0453125 0.0625 0.544539 98.55222702026367
2 0.214062 0.640278 0.05625 0.075 0.697307 98.55222702026367
2 0.782812 0.749306 0.096875 0.165278 0.764986 98.55222702026367
2 0.274609 0.680556 0.0679687 0.0916667 0.765128 98.55222702026367
2 0.823828 0.69375 0.0773437 0.1125 0.765589 98.55222702026367
2 0.389453 0.627778 0.0492188 0.075 0.824605 98.55222702026367
