2 0.454688 0.453472 0.0234375 0.0347222 0.255621 102.4482250213623
2 0.624609 0.449306 0.0289063 0.0402778 0.393887 102.4482250213623
2 0.398438 0.4625 0.03125 0.0416667 0.445949 102.4482250213623
2 0.433203 0.499306 0.0351562 0.0513889 0.518353 102.4482250213623
5 0.291797 0.505556 0.0570313 0.136111 0.552403 102.4482250213623
2 0.625781 0.520139 0.0375 0.0541667 0.597165 102.4482250213623
2 0.668359 0.5125 0.0351562 0.0583333 0.67123 102.4482250213623
2 0.360156 0.528472 0.03125 0.0541667 0.71343 102.4482250213623
2 0.278516 0.674306 0.0695312 0.101389 0.743525 102.4482250213623
7 0.0746094 0.758333 0.146094 0.383333 0.755423 102.4482250213623
2 0.417969 0.58125 0.040625 0.0680556 0.77495 102.4482250213623
2 0.885156 0.769444 0.0953125 0.147222 0.822812 102.4482250213623
2 0.157031 0.9125 0.125 0.161111 0.831887 102.4482250213623
2 0.325 0.865278 0.103125 0.163889 0.840208 102.4482250213623
