2 0.444922 0.461806 0.0320312 0.0430556 0.330385 104.42376136779785
2 0.551562 0.454167 0.0234375 0.0388889 0.337958 104.42376136779785
2 0.644531 0.569444 0.0359375 0.0611111 0.644445 104.42376136779785
2 0.364844 0.520833 0.0390625 0.05 0.657239 104.42376136779785
2 0.433203 0.508333 0.0382813 0.0527778 0.669968 104.42376136779785
2 0.730859 0.589583 0.0507812 0.0791667 0.746576 104.42376136779785
2 0.325781 0.596528 0.046875 0.0652778 0.747036 104.42376136779785
2 0.571875 0.541667 0.0375 0.05 0.756157 104.42376136779785
2 0.390625 0.645139 0.059375 0.0930556 0.769531 104.42376136779785
2 0.219922 0.638889 0.0664062 0.0805556 0.797655 104.42376136779785
2 0.938281 0.847222 0.121875 0.175 0.841664 104.42376136779785
