2 0.465625 0.418056 0.0203125 0.0277778 0.304814 107.60164260864258
2 0.609766 0.432639 0.0304688 0.0486111 0.345354 107.60164260864258
2 0.405078 0.457639 0.0257812 0.0375 0.516025 107.60164260864258
7 0.674609 0.484722 0.0929687 0.158333 0.606403 107.60164260864258
2 0.238281 0.6125 0.0578125 0.0722222 0.606465 107.60164260864258
2 0.448828 0.472222 0.0320312 0.0416667 0.629719 107.60164260864258
2 0.614062 0.514583 0.0359375 0.0513889 0.67954 107.60164260864258
2 0.416016 0.545833 0.0335938 0.0527778 0.722331 107.60164260864258
2 0.618359 0.652778 0.0554687 0.111111 0.760125 107.60164260864258
2 0.267578 0.69375 0.0742188 0.104167 0.762771 107.60164260864258
