2 0.348047 0.482639 0.0289063 0.0375 0.288832 136.95597648620605
2 0.564453 0.40625 0.0226563 0.0375 0.412336 136.95597648620605
2 0.441406 0.493056 0.0296875 0.0416667 0.527049 136.95597648620605
2 0.348828 0.550694 0.0351562 0.0486111 0.668363 136.95597648620605
2 0.716406 0.569444 0.0453125 0.0583333 0.706538 136.95597648620605
2 0.343359 0.789583 0.0757812 0.129167 0.707238 136.95597648620605
2 0.264062 0.572917 0.046875 0.0597222 0.722347 136.95597648620605
2 0.194141 0.666667 0.0632813 0.0888889 0.723229 136.95597648620605
2 0.418359 0.561806 0.0414063 0.0625 0.724373 136.95597648620605
2 0.649219 0.5875 0.046875 0.0722222 0.741173 136.95597648620605
2 0.0539063 0.8375 0.107813 0.138889 0.801291 136.95597648620605
