2 0.34375 0.558333 0.059375 0.0888889 0.25787 144.32239532470703
2 0.612891 0.44375 0.0226563 0.0291667 0.277665 144.32239532470703
5 0.357031 0.435417 0.040625 0.0791667 0.320692 144.32239532470703
2 0.423047 0.421528 0.0320312 0.0402778 0.387803 144.32239532470703
2 0.402344 0.463194 0.028125 0.0430556 0.404021 144.32239532470703
7 0.641406 0.770139 0.0734375 0.154167 0.455462 144.32239532470703
2 0.448828 0.468056 0.0304688 0.0416667 0.511082 144.32239532470703
2 0.653516 0.488889 0.0351562 0.0527778 0.598213 144.32239532470703
2 0.367188 0.524306 0.0359375 0.0625 0.602538 144.32239532470703
5 0.219141 0.554861 0.172656 0.265278 0.659703 144.32239532470703
2 0.8625 0.729167 0.117188 0.180556 0.701217 144.32239532470703
2 0.338281 0.584722 0.04375 0.0694444 0.720967 144.32239532470703
2 0.333594 0.843056 0.0859375 0.15 0.72257 144.32239532470703
2 0.416797 0.554861 0.0398437 0.0652778 0.772173 144.32239532470703
2 0.279687 0.686806 0.078125 0.101389 0.811112 144.32239532470703
