2 0.453906 0.434722 0.0203125 0.0305556 0.260855 128.63540649414062
2 0.337109 0.523611 0.0804688 0.0638889 0.293911 128.63540649414062
7 0.410547 0.3875 0.0335938 0.0472222 0.339952 128.63540649414062
2 0.316406 0.51875 0.0390625 0.0652778 0.461068 128.63540649414062
2 0.402734 0.46875 0.0242187 0.0430556 0.476596 128.63540649414062
2 0.658984 0.501389 0.0335938 0.0472222 0.485587 128.63540649414062
2 0.358203 0.535417 0.0382813 0.0569444 0.597489 128.63540649414062
2 0.265234 0.682639 0.0648438 0.0958333 0.729638 128.63540649414062
2 0.394531 0.61875 0.0453125 0.0625 0.74168 128.63540649414062
2 0.199609 0.654861 0.0679687 0.0875 0.768184 128.63540649414062
