2 0.427734 0.460417 0.0476562 0.0513889 0.259571 99.4260311126709
2 0.369141 0.449306 0.0257812 0.0347222 0.293593 99.4260311126709
2 0.413672 0.440278 0.0257812 0.0388889 0.311858 99.4260311126709
2 0.458594 0.425 0.0234375 0.0361111 0.337265 99.4260311126709
2 0.597266 0.409722 0.0351562 0.0527778 0.425518 99.4260311126709
2 0.380469 0.473611 0.0421875 0.0583333 0.479144 99.4260311126709
2 0.722656 0.917361 0.151562 0.165278 0.597927 99.4260311126709
2 0.0246094 0.90625 0.0476562 0.120833 0.606086 99.4260311126709
2 0.438281 0.46875 0.03125 0.0458333 0.606351 99.4260311126709
2 0.29375 0.54375 0.0375 0.0597222 0.626353 99.4260311126709
2 0.360547 0.547917 0.0382813 0.0569444 0.761391 99.4260311126709
2 0.335547 0.852778 0.0867188 0.147222 0.764407 99.4260311126709
2 0.655859 0.566667 0.0445312 0.0666667 0.792475 99.4260311126709
2 0.164453 0.854861 0.122656 0.148611 0.840656 99.4260311126709
