2 0.533594 0.413194 0.0234375 0.0347222 0.262689 100.17848014831543
2 0.378516 0.44375 0.0210938 0.0291667 0.281707 100.17848014831543
2 0.445703 0.457639 0.0304688 0.0375 0.337442 100.17848014831543
2 0.339063 0.490972 0.0296875 0.0402778 0.357332 100.17848014831543
2 0.605859 0.431944 0.0257812 0.0388889 0.39685 100.17848014831543
2 0.386719 0.490972 0.0296875 0.0430556 0.444353 100.17848014831543
2 0.250391 0.582639 0.0601562 0.0819444 0.577924 100.17848014831543
2 0.618359 0.504861 0.0335938 0.0486111 0.655474 100.17848014831543
2 0.435547 0.515972 0.0320312 0.0513889 0.67495 100.17848014831543
2 0.365625 0.756944 0.065625 0.122222 0.677032 100.17848014831543
2 0.698438 0.549306 0.0484375 0.0597222 0.706314 100.17848014831543
2 0.351172 0.554167 0.0414063 0.0611111 0.72347 100.17848014831543
2 0.577344 0.526389 0.034375 0.05 0.730827 100.17848014831543
2 0.757812 0.777083 0.107813 0.181944 0.825598 100.17848014831543
