2 0.607422 0.438194 0.0226563 0.0402778 0.297249 158.63847732543945
2 0.0757812 0.954861 0.151562 0.0902778 0.418266 158.63847732543945
2 0.321484 0.5 0.0320312 0.0472222 0.494309 158.63847732543945
2 0.447656 0.466667 0.028125 0.0444444 0.547695 158.63847732543945
2 0.373828 0.686111 0.0648438 0.127778 0.669192 158.63847732543945
2 0.657031 0.785417 0.0890625 0.159722 0.686082 158.63847732543945
2 0.558203 0.472222 0.0289063 0.05 0.693481 158.63847732543945
5 0.652734 0.465278 0.0773437 0.133333 0.712862 158.63847732543945
2 0.414453 0.561806 0.0414063 0.0597222 0.733515 158.63847732543945
2 0.914062 0.821528 0.117188 0.165278 0.807527 158.63847732543945
