2 0.452734 0.453472 0.0257812 0.0402778 0.296044 95.86477279663086
5 0.376563 0.661806 0.0765625 0.176389 0.427614 95.86477279663086
7 0.0277344 0.840278 0.0554687 0.241667 0.441948 95.86477279663086
2 0.630078 0.527083 0.0335938 0.0541667 0.683209 95.86477279663086
2 0.567187 0.507639 0.03125 0.0541667 0.685252 95.86477279663086
2 0.289844 0.959722 0.11875 0.0805556 0.708852 95.86477279663086
2 0.425781 0.551389 0.0390625 0.0583333 0.735859 95.86477279663086
2 0.347656 0.549306 0.04375 0.0625 0.755308 95.86477279663086
2 0.678516 0.520139 0.0382813 0.0513889 0.764871 95.86477279663086
2 0.599609 0.616667 0.0523437 0.0833333 0.787284 95.86477279663086
2 0.208203 0.64375 0.0726563 0.0847222 0.800164 95.86477279663086
2 0.228125 0.771528 0.096875 0.131944 0.819351 95.86477279663086
