2 0.401172 0.465972 0.0273438 0.0375 0.37979 115.07678031921387
2 0.346094 0.48125 0.03125 0.0430556 0.424036 115.07678031921387
2 0.277734 0.976389 0.100781 0.0472222 0.487393 115.07678031921387
2 0.309766 0.514583 0.0351562 0.0513889 0.554724 115.07678031921387
2 0.447656 0.464583 0.03125 0.0430556 0.556351 115.07678031921387
2 0.059375 0.81875 0.11875 0.134722 0.564943 115.07678031921387
2 0.641406 0.539583 0.0515625 0.0902778 0.615423 115.07678031921387
2 0.417969 0.541667 0.0328125 0.0527778 0.677646 115.07678031921387
2 0.253516 0.591667 0.0492188 0.0666667 0.721061 115.07678031921387
2 0.752344 0.618056 0.05625 0.0833333 0.781678 115.07678031921387
2 0.139453 0.916667 0.146094 0.155556 0.801662 115.07678031921387
2 0.324219 0.605556 0.0515625 0.0722222 0.804652 115.07678031921387
