2 0.410156 0.448611 0.025 0.0333333 0.312011 91.82929992675781
2 0.359375 0.468056 0.0296875 0.0416667 0.318306 91.82929992675781
2 0.330469 0.4875 0.0296875 0.0416667 0.325004 91.82929992675781
2 0.453125 0.45 0.0265625 0.0361111 0.33246 91.82929992675781
5 0.729688 0.682639 0.0875 0.173611 0.486249 91.82929992675781
2 0.426953 0.510417 0.0289063 0.0486111 0.670218 91.82929992675781
2 0.151172 0.704861 0.0867188 0.109722 0.711183 91.82929992675781
2 0.287109 0.554167 0.0445312 0.0583333 0.714221 91.82929992675781
2 0.355078 0.554167 0.0398437 0.0611111 0.756377 91.82929992675781
2 0.246484 0.745139 0.0882813 0.1125 0.759545 91.82929992675781
2 0.915625 0.81875 0.115625 0.151389 0.827879 91.82929992675781
2 0.329297 0.847222 0.0960938 0.152778 0.832892 91.82929992675781
