5 0.353906 0.441667 0.040625 0.0861111 0.293733 92.77963638305664
2 0.422266 0.423611 0.0289063 0.0388889 0.39108 92.77963638305664
7 0.804297 0.657639 0.0914062 0.140278 0.491581 92.77963638305664
2 0.643359 0.476389 0.0320312 0.0472222 0.514936 92.77963638305664
2 0.398828 0.470833 0.0304688 0.0388889 0.517957 92.77963638305664
7 0.198828 0.575694 0.192969 0.293056 0.56802 92.77963638305664
2 0.445703 0.475694 0.0289063 0.0402778 0.586543 92.77963638305664
2 0.361328 0.528472 0.0367187 0.0597222 0.592755 92.77963638305664
2 0.613672 0.671528 0.0570313 0.0958333 0.635196 92.77963638305664
2 0.319531 0.9125 0.10625 0.172222 0.692112 92.77963638305664
2 0.411719 0.572222 0.0453125 0.0638889 0.783292 92.77963638305664
2 0.258594 0.722222 0.0859375 0.108333 0.798182 92.77963638305664
2 0.330469 0.596528 0.0421875 0.0708333 0.817968 92.77963638305664
