2 0.416276 0.204167 0.0386417 0.0541667 0.281861 111.8614673614502
2 0.342506 0.202083 0.029274 0.0541667 0.296623 111.8614673614502
2 0.329625 0.0791667 0.0386417 0.0875 0.304075 111.8614673614502
2 0.270492 0.705208 0.107728 0.24375 0.341285 111.8614673614502
5 0.47541 0.357292 0.0702576 0.16875 0.381415 111.8614673614502
2 0.292155 0.139583 0.029274 0.0416667 0.407787 111.8614673614502
2 0.186183 0.579167 0.100703 0.2 0.462077 111.8614673614502
5 0.495902 0.534375 0.0737705 0.227083 0.581761 111.8614673614502
2 0.343677 0.284375 0.0386417 0.06875 0.631275 111.8614673614502
2 0.237119 0.161458 0.0386417 0.0604167 0.656293 111.8614673614502
2 0.240632 0.398958 0.0620609 0.127083 0.682143 111.8614673614502
2 0.339578 0.415625 0.0562061 0.11875 0.695382 111.8614673614502
2 0.0374707 0.934375 0.0749414 0.127083 0.734835 111.8614673614502
