2 0.330211 0.0822917 0.0234192 0.0520833 0.251141 106.49299621582031
2 0.288642 0.127083 0.029274 0.0416667 0.322453 106.49299621582031
2 0.484778 0.445833 0.0655738 0.170833 0.443789 106.49299621582031
2 0.283372 0.186458 0.0351288 0.06875 0.472851 106.49299621582031
2 0.348946 0.240625 0.0351288 0.0604167 0.498609 106.49299621582031
2 0.40281 0.148958 0.0327869 0.0520833 0.555602 106.49299621582031
2 0.193794 0.521875 0.0948478 0.16875 0.580221 106.49299621582031
2 0.235363 0.163542 0.0444965 0.0645833 0.593668 106.49299621582031
5 0.324356 0.410417 0.0679157 0.2 0.594339 106.49299621582031
2 0.485363 0.628125 0.0737705 0.20625 0.618825 106.49299621582031
2 0.275761 0.280208 0.0409836 0.0729167 0.621572 106.49299621582031
2 0.0608899 0.880208 0.12178 0.23125 0.717725 106.49299621582031
