2 0.346019 0.2 0.0316159 0.0625 0.324067 99.97296333312988
2 0.484778 0.446875 0.0679157 0.172917 0.337649 99.97296333312988
2 0.341335 0.175 0.0316159 0.1125 0.377111 99.97296333312988
2 0.284543 0.222917 0.0351288 0.0666667 0.389929 99.97296333312988
2 0.283958 0.15 0.0339578 0.0583333 0.433704 99.97296333312988
2 0.38993 0.120833 0.028103 0.0458333 0.564984 99.97296333312988
2 0.13993 0.686458 0.125293 0.227083 0.578859 99.97296333312988
2 0.237119 0.408333 0.0667447 0.120833 0.578993 99.97296333312988
2 0.338407 0.327083 0.0538642 0.15 0.586593 99.97296333312988
2 0.258782 0.829167 0.119438 0.295833 0.587235 99.97296333312988
2 0.485363 0.628125 0.0737705 0.20625 0.634796 99.97296333312988
2 0.235363 0.163542 0.0444965 0.0645833 0.635716 99.97296333312988
