2 0.344848 0.282292 0.0386417 0.04375 0.253897 126.67679786682129
2 0.288056 0.105208 0.0234192 0.04375 0.293907 126.67679786682129
2 0.344262 0.253125 0.0468384 0.10625 0.336631 126.67679786682129
2 0.289227 0.165625 0.028103 0.05625 0.385924 126.67679786682129
7 0.465457 0.3 0.0714286 0.145833 0.424109 126.67679786682129
2 0.485948 0.448958 0.0632318 0.16875 0.536269 126.67679786682129
2 0.485948 0.629167 0.0725995 0.204167 0.612761 126.67679786682129
2 0.237705 0.1625 0.0374707 0.0625 0.635286 126.67679786682129
2 0.22541 0.463542 0.0737705 0.13125 0.636574 126.67679786682129
2 0.271663 0.304167 0.0515222 0.0875 0.663088 126.67679786682129
2 0.3226 0.521875 0.0667447 0.160417 0.692576 126.67679786682129
2 0.0322014 0.932292 0.0644028 0.135417 0.775335 126.67679786682129
