2 0.468384 0.3125 0.0608899 0.1 0.297528 120.68295478820801
2 0.416276 0.202083 0.0386417 0.0541667 0.308289 120.68295478820801
2 0.352459 0.238542 0.0374707 0.06875 0.350792 120.68295478820801
2 0.485948 0.444792 0.0679157 0.172917 0.378075 120.68295478820801
2 0.259953 0.317708 0.0515222 0.102083 0.467459 120.68295478820801
2 0.348946 0.319792 0.0468384 0.0854167 0.5705 120.68295478820801
2 0.31733 0.515625 0.0772834 0.185417 0.590699 120.68295478820801
2 0.485363 0.628125 0.0737705 0.202083 0.660392 120.68295478820801
2 0.161007 0.6125 0.0948478 0.175 0.661435 120.68295478820801
2 0.166276 0.930208 0.131148 0.139583 0.670166 120.68295478820801
2 0.237119 0.1625 0.0409836 0.0625 0.670448 120.68295478820801
2 0.239461 0.433333 0.0667447 0.133333 0.671267 120.68295478820801
2 0.853045 0.572917 0.118267 0.183333 0.789611 120.68295478820801
