7 0.484778 0.795833 0.126464 0.370833 0.340542 104.98476028442383
2 0.291569 0.078125 0.030445 0.0645833 0.48983 104.98476028442383
5 0.179742 0.576042 0.0925059 0.20625 0.561805 104.98476028442383
2 0.428571 0.2375 0.0398126 0.0583333 0.609422 104.98476028442383
2 0.252342 0.341667 0.0480094 0.0916667 0.661791 104.98476028442383
2 0.230094 0.861458 0.122951 0.272917 0.684652 104.98476028442383
2 0.327869 0.419792 0.0515222 0.11875 0.718426 104.98476028442383
2 0.237119 0.160417 0.0409836 0.0583333 0.739477 104.98476028442383
2 0.0503513 0.915625 0.100703 0.16875 0.797959 104.98476028442383
2 0.474239 0.3875 0.0538642 0.104167 0.801784 104.98476028442383
