2 0.333724 0.110417 0.0444965 0.0875 0.388326 102.40602493286133
2 0.415691 0.20625 0.0351288 0.0458333 0.434869 102.40602493286133
5 0.482436 0.402083 0.0819672 0.216667 0.454721 102.40602493286133
2 0.344848 0.2375 0.0362998 0.075 0.465609 102.40602493286133
2 0.31089 0.569792 0.0831382 0.189583 0.490559 102.40602493286133
5 0.5 0.688542 0.0843091 0.297917 0.528602 102.40602493286133
5 0.15281 0.669792 0.115925 0.247917 0.550341 102.40602493286133
2 0.287471 0.19375 0.0339578 0.0625 0.572566 102.40602493286133
2 0.230094 0.427083 0.0644028 0.141667 0.614114 102.40602493286133
2 0.236534 0.1625 0.0421546 0.0625 0.688985 102.40602493286133
2 0.192037 0.939583 0.142857 0.120833 0.729162 102.40602493286133
2 0.340164 0.346875 0.0433255 0.0979167 0.763744 102.40602493286133
