2 0.2863 0.146875 0.029274 0.0479167 0.33482 107.53130912780762
2 0.0251756 0.971875 0.0503513 0.05625 0.411994 107.53130912780762
2 0.28103 0.214583 0.0374707 0.0791667 0.486242 107.53130912780762
2 0.411593 0.166667 0.0409836 0.0625 0.4908 107.53130912780762
2 0.485363 0.446875 0.0667447 0.172917 0.49686 107.53130912780762
5 0.909836 0.470833 0.152225 0.225 0.55029 107.53130912780762
2 0.350117 0.261458 0.0374707 0.0729167 0.596912 107.53130912780762
5 0.309133 0.480208 0.0819672 0.24375 0.616444 107.53130912780762
2 0.236534 0.161458 0.0398126 0.0604167 0.624758 107.53130912780762
2 0.265222 0.317708 0.0550351 0.09375 0.656975 107.53130912780762
2 0.485363 0.629167 0.0737705 0.204167 0.6595 107.53130912780762
2 0.153396 0.620833 0.114754 0.2 0.791979 107.53130912780762
