2 0.329625 0.071875 0.0222482 0.0479167 0.256017 135.67376136779785
2 0.484778 0.446875 0.0679157 0.172917 0.339021 135.67376136779785
2 0.341335 0.177083 0.0316159 0.1125 0.391634 135.67376136779785
2 0.283958 0.228125 0.0386417 0.06875 0.393664 135.67376136779785
2 0.283958 0.151042 0.0339578 0.0604167 0.431049 135.67376136779785
2 0.391101 0.121875 0.028103 0.04375 0.452994 135.67376136779785
2 0.337822 0.332292 0.0550351 0.152083 0.485019 135.67376136779785
2 0.233607 0.413542 0.0690866 0.127083 0.544134 135.67376136779785
2 0.485363 0.628125 0.0737705 0.20625 0.618695 135.67376136779785
2 0.234778 0.163542 0.0456674 0.0645833 0.645583 135.67376136779785
5 0.132904 0.696875 0.127635 0.227083 0.649124 135.67376136779785
2 0.254098 0.84375 0.119438 0.295833 0.685132 135.67376136779785
