5 0.486534 0.625 0.0714286 0.2 0.42792 147.0947265625
5 0.484778 0.444792 0.0679157 0.172917 0.454374 147.0947265625
2 0.274005 0.314583 0.0444965 0.0958333 0.538039 147.0947265625
2 0.286885 0.202083 0.0351288 0.0666667 0.539329 147.0947265625
2 0.248244 0.877083 0.12178 0.245833 0.544049 147.0947265625
2 0.3226 0.428125 0.057377 0.147917 0.575706 147.0947265625
2 0.349532 0.297917 0.0433255 0.104167 0.598728 147.0947265625
2 0.236534 0.1625 0.0398126 0.0625 0.663617 147.0947265625
5 0.147541 0.615625 0.107728 0.214583 0.70842 147.0947265625
2 0.04274 0.932292 0.0854801 0.135417 0.722951 147.0947265625
2 0.235948 0.402083 0.0550351 0.104167 0.722961 147.0947265625
