2 0.454333 0.288542 0.0491803 0.0895833 0.284471 131.41131401062012
2 0.415691 0.207292 0.0351288 0.04375 0.373975 131.41131401062012
2 0.333724 0.10625 0.0444965 0.0875 0.409665 131.41131401062012
2 0.288056 0.202083 0.0351288 0.0625 0.533876 131.41131401062012
2 0.343091 0.242708 0.0374707 0.06875 0.563373 131.41131401062012
5 0.484192 0.4125 0.0831382 0.220833 0.600823 131.41131401062012
2 0.227752 0.433333 0.0620609 0.15 0.604819 131.41131401062012
2 0.186768 0.971875 0.111241 0.05625 0.645294 131.41131401062012
2 0.235948 0.161458 0.0456674 0.0645833 0.688687 131.41131401062012
5 0.498244 0.714583 0.087822 0.3125 0.6887 131.41131401062012
5 0.305035 0.594792 0.0901639 0.202083 0.705005 131.41131401062012
2 0.338993 0.363542 0.0433255 0.09375 0.777969 131.41131401062012
5 0.148126 0.679167 0.113583 0.241667 0.783381 131.41131401062012
