2 0.46897 0.30625 0.0644028 0.108333 0.255312 102.65231132507324
5 0.485363 0.445833 0.0690866 0.175 0.422162 102.65231132507324
2 0.287471 0.190625 0.0339578 0.06875 0.481471 102.65231132507324
2 0.484778 0.626042 0.0725995 0.20625 0.507978 102.65231132507324
2 0.255269 0.852083 0.124122 0.275 0.527242 102.65231132507324
2 0.348946 0.289583 0.0421546 0.1 0.58789 102.65231132507324
2 0.324941 0.41875 0.0550351 0.133333 0.620283 102.65231132507324
2 0.235948 0.163542 0.0409836 0.0645833 0.643287 102.65231132507324
2 0.237119 0.397917 0.057377 0.0958333 0.659547 102.65231132507324
2 0.276347 0.309375 0.0421546 0.08125 0.675469 102.65231132507324
5 0.156909 0.605208 0.105386 0.21875 0.707425 102.65231132507324
2 0.0503513 0.910417 0.100703 0.179167 0.756898 102.65231132507324
