2 0.316745 0.0270833 0.0245902 0.0416667 0.250203 121.73795700073242
2 0.4637 0.28125 0.0679157 0.120833 0.259115 121.73795700073242
5 0.484778 0.445833 0.0679157 0.175 0.406584 121.73795700073242
2 0.484778 0.627083 0.0725995 0.208333 0.494727 121.73795700073242
2 0.2863 0.192708 0.0339578 0.06875 0.517538 121.73795700073242
2 0.250585 0.8625 0.12178 0.266667 0.537382 121.73795700073242
2 0.349532 0.291667 0.0433255 0.104167 0.578618 121.73795700073242
2 0.324356 0.420833 0.0562061 0.1375 0.643786 121.73795700073242
2 0.275761 0.3125 0.0409836 0.0875 0.646963 121.73795700073242
2 0.236534 0.163542 0.0398126 0.0645833 0.656512 121.73795700073242
5 0.15281 0.607292 0.106557 0.20625 0.671937 121.73795700073242
2 0.237119 0.401042 0.0550351 0.0979167 0.696631 121.73795700073242
2 0.0468384 0.917708 0.0936768 0.164583 0.737564 121.73795700073242
