2 0.336066 0.108333 0.030445 0.075 0.322699 123.58570098876953
7 0.072014 0.798958 0.144028 0.277083 0.350823 123.58570098876953
2 0.291569 0.135417 0.0234192 0.0375 0.363463 123.58570098876953
2 0.343677 0.232292 0.0386417 0.0729167 0.373577 123.58570098876953
5 0.456089 0.279167 0.0690866 0.1625 0.459509 123.58570098876953
2 0.747658 0.858333 0.127635 0.279167 0.506548 123.58570098876953
2 0.282787 0.257292 0.0433255 0.0729167 0.562634 123.58570098876953
2 0.276932 0.789583 0.115925 0.275 0.597555 123.58570098876953
2 0.486534 0.453125 0.0667447 0.164583 0.654447 123.58570098876953
2 0.236534 0.163542 0.0421546 0.0604167 0.684906 123.58570098876953
2 0.486534 0.628125 0.0737705 0.20625 0.68943 123.58570098876953
2 0.341335 0.417708 0.0550351 0.11875 0.74672 123.58570098876953
2 0.253513 0.395833 0.057377 0.0916667 0.753372 123.58570098876953
