2 0.290984 0.0416667 0.0245902 0.0458333 0.252914 120.07689476013184
2 0.416276 0.208333 0.0339578 0.0458333 0.409923 120.07689476013184
5 0.283958 0.684375 0.108899 0.235417 0.487447 120.07689476013184
2 0.224239 0.453125 0.0690866 0.15625 0.529921 120.07689476013184
2 0.282787 0.222917 0.0409836 0.0708333 0.568976 120.07689476013184
5 0.485948 0.411458 0.0913349 0.297917 0.578444 120.07689476013184
5 0.496487 0.798958 0.100703 0.385417 0.58985 120.07689476013184
2 0.343677 0.259375 0.0362998 0.0729167 0.616944 120.07689476013184
2 0.235363 0.1625 0.0468384 0.0666667 0.617443 120.07689476013184
5 0.130562 0.722917 0.129977 0.2625 0.721523 120.07689476013184
2 0.332553 0.402083 0.0491803 0.104167 0.766821 120.07689476013184
