5 0.796838 0.682292 0.293911 0.635417 0.31578 131.72459602355957
2 0.484192 0.445833 0.0690866 0.175 0.373539 131.72459602355957
2 0.345433 0.241667 0.0351288 0.0875 0.458364 131.72459602355957
2 0.279274 0.211458 0.0339578 0.0604167 0.460813 131.72459602355957
2 0.485363 0.626042 0.0737705 0.20625 0.492926 131.72459602355957
2 0.296253 0.152083 0.030445 0.05 0.524532 131.72459602355957
2 0.429742 0.213542 0.0491803 0.0770833 0.528575 131.72459602355957
2 0.0386417 0.929167 0.0772834 0.1375 0.534854 131.72459602355957
2 0.223068 0.458333 0.0737705 0.1375 0.561913 131.72459602355957
2 0.235948 0.1625 0.0409836 0.0625 0.627652 131.72459602355957
2 0.262881 0.3125 0.0526932 0.104167 0.71487 131.72459602355957
2 0.347775 0.364583 0.0421546 0.0916667 0.754664 131.72459602355957
5 0.201405 0.81875 0.180328 0.341667 0.779902 131.72459602355957
