2 0.285714 0.154167 0.0327869 0.0541667 0.357662 111.16385459899902
2 0.413934 0.180208 0.0386417 0.0645833 0.447645 111.16385459899902
2 0.485363 0.446875 0.0667447 0.172917 0.472227 111.16385459899902
2 0.276932 0.234375 0.0409836 0.0770833 0.522099 111.16385459899902
2 0.350117 0.282292 0.0374707 0.06875 0.579156 111.16385459899902
2 0.235948 0.1625 0.0433255 0.0625 0.615435 111.16385459899902
2 0.260539 0.340625 0.0550351 0.0979167 0.631262 111.16385459899902
5 0.302693 0.523958 0.0925059 0.252083 0.632632 111.16385459899902
5 0.88993 0.49375 0.177986 0.2875 0.653494 111.16385459899902
2 0.485363 0.627083 0.0737705 0.204167 0.664233 111.16385459899902
2 0.130562 0.676042 0.125293 0.23125 0.80568 111.16385459899902
