2 0.343091 0.198958 0.030445 0.05625 0.288547 93.3985710144043
2 0.327869 0.0770833 0.0374707 0.0833333 0.294747 93.3985710144043
2 0.416276 0.204167 0.0386417 0.0541667 0.320929 93.3985710144043
2 0.29274 0.1375 0.028103 0.0375 0.350411 93.3985710144043
5 0.474824 0.352083 0.0714286 0.166667 0.426641 93.3985710144043
2 0.480679 0.871875 0.0971897 0.24375 0.491304 93.3985710144043
2 0.187939 0.577083 0.0948478 0.191667 0.533855 93.3985710144043
2 0.345433 0.28125 0.0374707 0.0666667 0.627954 93.3985710144043
2 0.236534 0.1625 0.0398126 0.0625 0.642891 93.3985710144043
5 0.276347 0.692708 0.105386 0.235417 0.662514 93.3985710144043
2 0.241218 0.396875 0.0632318 0.127083 0.704097 93.3985710144043
5 0.49356 0.527083 0.0714286 0.225 0.720361 93.3985710144043
2 0.341335 0.408333 0.0550351 0.108333 0.721082 93.3985710144043
2 0.0380562 0.93125 0.0761124 0.133333 0.745606 93.3985710144043
