2 0.343677 0.19375 0.0316159 0.0541667 0.320097 135.07437705993652
2 0.444965 0.261458 0.0491803 0.0854167 0.322118 135.07437705993652
2 0.416276 0.20625 0.0362998 0.0458333 0.363649 135.07437705993652
2 0.327869 0.0760417 0.0374707 0.08125 0.367913 135.07437705993652
2 0.474824 0.341667 0.0737705 0.145833 0.383516 135.07437705993652
2 0.480679 0.85625 0.0971897 0.270833 0.394588 135.07437705993652
2 0.345433 0.271875 0.0398126 0.0729167 0.615288 135.07437705993652
2 0.236534 0.1625 0.0398126 0.0625 0.667083 135.07437705993652
2 0.0433255 0.917708 0.0843091 0.164583 0.684333 135.07437705993652
2 0.284543 0.659375 0.100703 0.227083 0.714174 135.07437705993652
2 0.240632 0.391667 0.0644028 0.129167 0.724696 135.07437705993652
5 0.492389 0.520833 0.0690866 0.208333 0.749652 135.07437705993652
2 0.192623 0.570833 0.0948478 0.1875 0.767156 135.07437705993652
2 0.342506 0.390625 0.0526932 0.10625 0.768454 135.07437705993652
