2 0.297424 0.115625 0.0210773 0.0354167 0.285496 107.3758602142334
2 0.484778 0.446875 0.0655738 0.172917 0.429001 107.3758602142334
2 0.418618 0.190625 0.0386417 0.0645833 0.507977 107.3758602142334
5 0.105386 0.736458 0.145199 0.264583 0.517439 107.3758602142334
2 0.284543 0.165625 0.0327869 0.0520833 0.526562 107.3758602142334
5 0.289813 0.579167 0.101874 0.295833 0.563003 107.3758602142334
2 0.236534 0.1625 0.0421546 0.0625 0.577538 107.3758602142334
5 0.867682 0.527083 0.199063 0.341667 0.6261 107.3758602142334
2 0.275761 0.248958 0.0433255 0.08125 0.627251 107.3758602142334
2 0.485363 0.627083 0.0737705 0.204167 0.63765 107.3758602142334
2 0.252342 0.360417 0.057377 0.104167 0.670654 107.3758602142334
2 0.350703 0.295833 0.0386417 0.075 0.716789 107.3758602142334
