2 0.0480094 0.886458 0.0960187 0.21875 0.267534 103.40285301208496
2 0.343677 0.246875 0.0433255 0.08125 0.313234 103.40285301208496
2 0.240632 0.904167 0.132318 0.175 0.386449 103.40285301208496
7 0.462529 0.295833 0.0702576 0.154167 0.394901 103.40285301208496
2 0.290398 0.15625 0.0257611 0.0458333 0.549549 103.40285301208496
2 0.485948 0.628125 0.0725995 0.202083 0.611632 103.40285301208496
2 0.485948 0.454167 0.0632318 0.158333 0.612617 103.40285301208496
2 0.276932 0.285417 0.0456674 0.0833333 0.624526 103.40285301208496
2 0.237119 0.164583 0.0409836 0.0625 0.656564 103.40285301208496
2 0.330796 0.479167 0.059719 0.1375 0.674619 103.40285301208496
2 0.237119 0.433333 0.0690866 0.125 0.705629 103.40285301208496
