2 0.416862 0.203125 0.0398126 0.05625 0.305969 141.64233207702637
2 0.264637 0.304167 0.0468384 0.0958333 0.369035 141.64233207702637
7 0.0433255 0.889583 0.0866511 0.220833 0.401792 141.64233207702637
5 0.483607 0.442708 0.0679157 0.18125 0.411819 141.64233207702637
2 0.350703 0.289583 0.0362998 0.075 0.43642 141.64233207702637
2 0.774005 0.86875 0.12178 0.2625 0.461042 141.64233207702637
2 0.485948 0.626042 0.0725995 0.202083 0.492209 141.64233207702637
2 0.185012 0.551042 0.0843091 0.152083 0.602194 141.64233207702637
2 0.246487 0.407292 0.059719 0.122917 0.616612 141.64233207702637
2 0.332553 0.434375 0.0632318 0.147917 0.637083 141.64233207702637
2 0.236534 0.163542 0.0421546 0.0645833 0.662762 141.64233207702637
2 0.908665 0.494792 0.0702576 0.0979167 0.689765 141.64233207702637
5 0.219555 0.804167 0.129977 0.304167 0.745634 141.64233207702637
