5 0.451991 0.26875 0.0725995 0.158333 0.320303 139.24932479858398
2 0.343677 0.21875 0.0362998 0.0791667 0.392692 139.24932479858398
2 0.0960187 0.732292 0.133489 0.24375 0.419116 139.24932479858398
2 0.486534 0.452083 0.0644028 0.1625 0.612169 139.24932479858398
2 0.485948 0.628125 0.0725995 0.20625 0.616875 139.24932479858398
2 0.294496 0.704167 0.0971897 0.25 0.618461 139.24932479858398
2 0.285714 0.236458 0.0421546 0.0770833 0.661458 139.24932479858398
2 0.236534 0.161458 0.0421546 0.0604167 0.691324 139.24932479858398
2 0.261124 0.365625 0.0562061 0.0979167 0.750987 139.24932479858398
2 0.344262 0.3875 0.0491803 0.1125 0.761651 139.24932479858398
5 0.79274 0.742708 0.119438 0.277083 0.777422 139.24932479858398
