2 0.314403 0.0416667 0.0199063 0.0458333 0.256224 88.35363388061523
2 0.297424 0.133333 0.0234192 0.0458333 0.268213 88.35363388061523
2 0.345433 0.226042 0.0351288 0.0854167 0.320861 88.35363388061523
5 0.0655738 0.858333 0.131148 0.266667 0.38403 88.35363388061523
2 0.485363 0.446875 0.0667447 0.172917 0.445418 88.35363388061523
2 0.424473 0.204167 0.0433255 0.0625 0.452347 88.35363388061523
2 0.282201 0.184375 0.0327869 0.0604167 0.507668 88.35363388061523
2 0.269321 0.280208 0.0468384 0.0895833 0.581816 88.35363388061523
2 0.235948 0.163542 0.0409836 0.0645833 0.637673 88.35363388061523
2 0.485363 0.628125 0.0737705 0.20625 0.65354 88.35363388061523
5 0.254098 0.711458 0.128806 0.38125 0.68068 88.35363388061523
2 0.23829 0.4125 0.0644028 0.120833 0.710602 88.35363388061523
2 0.348946 0.329167 0.0421546 0.0791667 0.791984 88.35363388061523
