2 0.340164 0.153125 0.029274 0.0854167 0.289528 101.8378734588623
2 0.293911 0.135417 0.0234192 0.0416667 0.310074 101.8378734588623
2 0.485948 0.448958 0.0679157 0.172917 0.374618 101.8378734588623
2 0.289813 0.239583 0.0362998 0.075 0.494082 101.8378734588623
2 0.204918 0.480208 0.0819672 0.160417 0.636398 101.8378734588623
2 0.485948 0.628125 0.0725995 0.202083 0.64769 101.8378734588623
2 0.312646 0.597917 0.0772834 0.175 0.650301 101.8378734588623
2 0.338993 0.338542 0.0456674 0.10625 0.663802 101.8378734588623
2 0.236534 0.164583 0.0421546 0.0625 0.686103 101.8378734588623
2 0.110656 0.752083 0.137002 0.270833 0.700378 101.8378734588623
2 0.259368 0.325 0.0409836 0.0833333 0.737204 101.8378734588623
2 0.868852 0.59375 0.103044 0.183333 0.815871 101.8378734588623
