2 0.415691 0.2 0.0398126 0.0583333 0.25301 94.21038627624512
2 0.748829 0.895833 0.111241 0.208333 0.270574 94.21038627624512
5 0.484192 0.452083 0.0714286 0.2 0.358806 94.21038627624512
2 0.251756 0.358333 0.0515222 0.1125 0.478804 94.21038627624512
2 0.483021 0.652083 0.0784543 0.216667 0.527405 94.21038627624512
2 0.101874 0.758333 0.12178 0.229167 0.584961 94.21038627624512
2 0.224239 0.483333 0.0761124 0.1625 0.609502 94.21038627624512
2 0.237119 0.1625 0.0409836 0.0625 0.637761 94.21038627624512
2 0.354215 0.284375 0.0386417 0.08125 0.680062 94.21038627624512
2 0.33548 0.420833 0.0550351 0.116667 0.688822 94.21038627624512
5 0.249415 0.8 0.126464 0.35 0.747666 94.21038627624512
