2 0.417447 0.211458 0.0362998 0.0479167 0.375353 108.83426666259766
5 0.491803 0.473958 0.0936768 0.25625 0.500643 108.83426666259766
2 0.461358 0.304167 0.0538642 0.0958333 0.557142 108.83426666259766
2 0.215457 0.477083 0.0749414 0.1625 0.557861 108.83426666259766
5 0.107728 0.777083 0.145199 0.2875 0.657811 108.83426666259766
5 0.251171 0.820833 0.129977 0.304167 0.659952 108.83426666259766
2 0.235363 0.1625 0.0444965 0.0625 0.66333 108.83426666259766
2 0.343091 0.283333 0.0374707 0.075 0.667887 108.83426666259766
2 0.278689 0.25 0.0398126 0.0666667 0.673422 108.83426666259766
2 0.32377 0.45625 0.057377 0.129167 0.689978 108.83426666259766
