2 0.329625 0.0833333 0.0409836 0.0875 0.312527 125.02098083496094
2 0.415691 0.20625 0.0351288 0.05 0.392225 125.02098083496094
5 0.474824 0.369792 0.0807962 0.20625 0.458531 125.02098083496094
5 0.172131 0.623958 0.107728 0.21875 0.476835 125.02098083496094
2 0.344262 0.217708 0.0327869 0.0645833 0.532436 125.02098083496094
2 0.230679 0.857292 0.138173 0.28125 0.565228 125.02098083496094
2 0.290984 0.165625 0.029274 0.0479167 0.588311 125.02098083496094
5 0.499415 0.607292 0.0737705 0.247917 0.665473 125.02098083496094
2 0.236534 0.1625 0.0444965 0.0666667 0.680631 125.02098083496094
2 0.327283 0.482292 0.0667447 0.147917 0.686686 125.02098083496094
2 0.237705 0.413542 0.0632318 0.13125 0.695441 125.02098083496094
2 0.343091 0.314583 0.0421546 0.0791667 0.739533 125.02098083496094
