2 0.290398 0.0489583 0.028103 0.0520833 0.293839 107.73491859436035
2 0.417447 0.2125 0.0362998 0.0458333 0.345426 107.73491859436035
2 0.462529 0.311458 0.0538642 0.09375 0.402143 107.73491859436035
2 0.212529 0.48125 0.0784543 0.166667 0.508748 107.73491859436035
2 0.101874 0.789583 0.149883 0.295833 0.527864 107.73491859436035
5 0.488876 0.489583 0.0901639 0.2375 0.570914 107.73491859436035
2 0.278103 0.255208 0.0409836 0.06875 0.643605 107.73491859436035
2 0.240047 0.844792 0.138173 0.297917 0.649365 107.73491859436035
2 0.235363 0.1625 0.0444965 0.0625 0.662255 107.73491859436035
2 0.343091 0.2875 0.0398126 0.075 0.677953 107.73491859436035
2 0.319672 0.472917 0.0562061 0.129167 0.730801 107.73491859436035
