7 0.935597 0.435417 0.105386 0.1875 0.262852 130.17821311950684
2 0.288642 0.13125 0.0269321 0.0458333 0.336629 130.17821311950684
2 0.484778 0.446875 0.0655738 0.172917 0.480014 130.17821311950684
2 0.281616 0.192708 0.0362998 0.0729167 0.514968 130.17821311950684
2 0.349532 0.246875 0.0362998 0.0645833 0.57116 130.17821311950684
5 0.323185 0.428125 0.0702576 0.20625 0.587719 130.17821311950684
2 0.405738 0.157292 0.0362998 0.0604167 0.603455 130.17821311950684
2 0.235363 0.161458 0.0398126 0.0604167 0.636332 130.17821311950684
2 0.485363 0.629167 0.0737705 0.204167 0.651829 130.17821311950684
2 0.270492 0.291667 0.0515222 0.0791667 0.651958 130.17821311950684
2 0.182084 0.55 0.108899 0.1875 0.666719 130.17821311950684
2 0.0515222 0.908333 0.103044 0.183333 0.790119 130.17821311950684
