2 0.407494 0.166667 0.0398126 0.0666667 0.269999 110.08763313293457
2 0.292155 0.0645833 0.029274 0.0625 0.355532 110.08763313293457
2 0.423888 0.229167 0.0351288 0.0583333 0.463918 110.08763313293457
5 0.193794 0.5375 0.0925059 0.183333 0.490255 110.08763313293457
2 0.278689 0.678125 0.0913349 0.210417 0.532293 110.08763313293457
5 0.48829 0.635417 0.105386 0.3 0.670403 110.08763313293457
2 0.263466 0.307292 0.0468384 0.0854167 0.680601 110.08763313293457
2 0.0638173 0.879167 0.127635 0.2375 0.708397 110.08763313293457
2 0.237119 0.161458 0.0409836 0.0645833 0.71244 110.08763313293457
2 0.470726 0.355208 0.0515222 0.0979167 0.724424 110.08763313293457
2 0.336651 0.360417 0.0456674 0.1 0.734951 110.08763313293457
