2 0.448478 0.260417 0.0538642 0.0791667 0.31579 115.59915542602539
7 0.0620609 0.872917 0.124122 0.25 0.359763 115.59915542602539
2 0.24356 0.379167 0.058548 0.129167 0.361094 115.59915542602539
2 0.346019 0.246875 0.0362998 0.0604167 0.401277 115.59915542602539
2 0.484192 0.746875 0.0807962 0.252083 0.528519 115.59915542602539
2 0.309719 0.539583 0.0831382 0.191667 0.56892 115.59915542602539
2 0.236534 0.1625 0.0398126 0.0625 0.602296 115.59915542602539
5 0.485363 0.46875 0.0737705 0.2375 0.646411 115.59915542602539
2 0.206089 0.533333 0.088993 0.175 0.67418 115.59915542602539
2 0.347775 0.340625 0.0491803 0.0979167 0.687518 115.59915542602539
