2 0.292155 0.0875 0.0222482 0.0416667 0.2914 105.22031784057617
2 0.284543 0.210417 0.0374707 0.0666667 0.355415 105.22031784057617
2 0.385246 0.10625 0.0327869 0.05 0.39903 105.22031784057617
2 0.484778 0.445833 0.0679157 0.179167 0.433441 105.22031784057617
2 0.285129 0.135417 0.029274 0.05 0.444276 105.22031784057617
2 0.339578 0.298958 0.0562061 0.147917 0.51171 105.22031784057617
2 0.283958 0.717708 0.101874 0.24375 0.558943 105.22031784057617
2 0.248244 0.372917 0.0655738 0.1125 0.616802 105.22031784057617
2 0.168618 0.613542 0.105386 0.18125 0.655782 105.22031784057617
2 0.236534 0.1625 0.0421546 0.0625 0.660214 105.22031784057617
2 0.485363 0.630208 0.0737705 0.20625 0.684039 105.22031784057617
