2 0.336066 0.115625 0.028103 0.0645833 0.252616 126.3418197631836
2 0.043911 0.898958 0.087822 0.189583 0.259491 126.3418197631836
2 0.369438 0.0760417 0.0222482 0.03125 0.268056 126.3418197631836
2 0.344848 0.258333 0.0386417 0.0791667 0.359729 126.3418197631836
7 0.464871 0.297917 0.0702576 0.154167 0.40822 126.3418197631836
2 0.289813 0.158333 0.0269321 0.05 0.493518 126.3418197631836
2 0.485948 0.453125 0.0632318 0.160417 0.64607 126.3418197631836
2 0.275761 0.290625 0.0456674 0.0854167 0.652757 126.3418197631836
2 0.237705 0.163542 0.0374707 0.0604167 0.659634 126.3418197631836
2 0.485948 0.628125 0.0725995 0.202083 0.659636 126.3418197631836
2 0.327869 0.490625 0.058548 0.147917 0.683963 126.3418197631836
2 0.233021 0.445833 0.0679157 0.129167 0.723383 126.3418197631836
