2 0.406323 0.178125 0.0351288 0.0520833 0.286698 106.05859756469727
7 0.484778 0.876042 0.135831 0.23125 0.318181 106.05859756469727
2 0.291569 0.0802083 0.0351288 0.0854167 0.382163 106.05859756469727
2 0.430913 0.245833 0.0421546 0.0541667 0.617626 106.05859756469727
5 0.172131 0.592708 0.0983607 0.210417 0.630557 106.05859756469727
2 0.248244 0.35625 0.0538642 0.0958333 0.69282 106.05859756469727
2 0.323185 0.442708 0.0538642 0.127083 0.736553 106.05859756469727
2 0.237705 0.1625 0.0398126 0.0583333 0.753568 106.05859756469727
2 0.478337 0.4 0.057377 0.104167 0.762271 106.05859756469727
2 0.0456674 0.930208 0.0913349 0.139583 0.770799 106.05859756469727
2 0.214286 0.894792 0.126464 0.197917 0.782829 106.05859756469727
