3 0.118267 0.745833 0.0421546 0.133333 0.251084 137.35604286193848
2 0.485363 0.445833 0.0667447 0.170833 0.333094 137.35604286193848
2 0.276347 0.236458 0.0374707 0.0645833 0.364857 137.35604286193848
2 0.201991 0.514583 0.087822 0.1625 0.405839 137.35604286193848
5 0.486534 0.623958 0.0714286 0.202083 0.415453 137.35604286193848
2 0.347775 0.263542 0.0398126 0.0895833 0.450011 137.35604286193848
2 0.295667 0.169792 0.0316159 0.0520833 0.499245 137.35604286193848
2 0.234778 0.1625 0.0480094 0.0625 0.601127 137.35604286193848
2 0.252927 0.346875 0.0562061 0.10625 0.64296 137.35604286193848
2 0.344262 0.409375 0.0515222 0.0979167 0.70024 137.35604286193848
