2 0.41452 0.2 0.0327869 0.0458333 0.25518 113.41309547424316
2 0.340749 0.159375 0.030445 0.08125 0.287867 113.41309547424316
2 0.925059 0.484375 0.0725995 0.110417 0.391836 113.41309547424316
5 0.483607 0.444792 0.0679157 0.172917 0.413845 113.41309547424316
2 0.485363 0.627083 0.0714286 0.204167 0.481344 113.41309547424316
2 0.310304 0.483333 0.0702576 0.170833 0.483305 113.41309547424316
2 0.278689 0.239583 0.0398126 0.075 0.566059 113.41309547424316
2 0.34719 0.319792 0.0456674 0.110417 0.584493 113.41309547424316
2 0.236534 0.163542 0.0421546 0.0645833 0.635694 113.41309547424316
2 0.26815 0.348958 0.0468384 0.08125 0.654312 113.41309547424316
2 0.221311 0.9625 0.0960187 0.075 0.671376 113.41309547424316
2 0.224824 0.439583 0.058548 0.1125 0.709252 113.41309547424316
5 0.117096 0.685417 0.119438 0.245833 0.752515 113.41309547424316
