2 0.291569 0.133333 0.0234192 0.0375 0.331427 144.59586143493652
2 0.343091 0.229167 0.0374707 0.0708333 0.355747 144.59586143493652
5 0.754684 0.852083 0.132318 0.291667 0.419233 144.59586143493652
2 0.073185 0.786458 0.14637 0.272917 0.467624 144.59586143493652
5 0.454918 0.275 0.0714286 0.1625 0.471336 144.59586143493652
2 0.279274 0.779167 0.111241 0.2875 0.50683 144.59586143493652
2 0.282787 0.252083 0.0456674 0.075 0.584367 144.59586143493652
2 0.485948 0.453125 0.0655738 0.164583 0.649377 144.59586143493652
2 0.237119 0.1625 0.0409836 0.0625 0.67285 144.59586143493652
2 0.485363 0.629167 0.0737705 0.204167 0.67805 144.59586143493652
2 0.34192 0.415625 0.0538642 0.11875 0.73059 144.59586143493652
2 0.255269 0.390625 0.0562061 0.09375 0.753447 144.59586143493652
