2 0.268735 0.713542 0.104215 0.222917 0.393255 110.84532737731934
5 0.190281 0.55 0.0901639 0.2 0.476592 110.84532737731934
2 0.425059 0.236458 0.0351288 0.05625 0.493887 110.84532737731934
2 0.292155 0.06875 0.029274 0.0583333 0.494419 110.84532737731934
5 0.48829 0.691667 0.107728 0.25 0.528119 110.84532737731934
2 0.262295 0.315625 0.0468384 0.0854167 0.673943 110.84532737731934
2 0.237705 0.161458 0.0398126 0.0604167 0.706556 110.84532737731934
2 0.472482 0.3625 0.0526932 0.1 0.721745 110.84532737731934
2 0.336651 0.373958 0.0433255 0.09375 0.764633 110.84532737731934
2 0.059719 0.888542 0.119438 0.21875 0.767959 110.84532737731934
