2 0.329625 0.0739583 0.0222482 0.0520833 0.269229 132.65538215637207
2 0.484778 0.445833 0.0655738 0.175 0.375416 132.65538215637207
2 0.345433 0.219792 0.0351288 0.0729167 0.425321 132.65538215637207
2 0.333724 0.359375 0.0655738 0.172917 0.451446 132.65538215637207
2 0.283372 0.166667 0.0351288 0.0708333 0.494358 132.65538215637207
5 0.0983607 0.775 0.152225 0.266667 0.505704 132.65538215637207
2 0.227166 0.902083 0.135831 0.195833 0.563252 132.65538215637207
2 0.283372 0.245833 0.0374707 0.0708333 0.569732 132.65538215637207
2 0.221897 0.447917 0.0761124 0.141667 0.574599 132.65538215637207
2 0.236534 0.1625 0.0421546 0.0625 0.617353 132.65538215637207
2 0.485363 0.629167 0.0737705 0.204167 0.641687 132.65538215637207
