2 0.434426 0.232292 0.0491803 0.0854167 0.273151 103.81317138671875
2 0.484778 0.447917 0.0655738 0.170833 0.355966 103.81317138671875
2 0.293326 0.198958 0.0339578 0.0645833 0.429641 103.81317138671875
2 0.168618 0.607292 0.105386 0.197917 0.432042 103.81317138671875
2 0.485363 0.626042 0.0737705 0.20625 0.522848 103.81317138671875
2 0.234778 0.164583 0.0480094 0.0625 0.611584 103.81317138671875
2 0.271077 0.273958 0.0409836 0.08125 0.665335 103.81317138671875
2 0.345433 0.291667 0.0398126 0.0958333 0.690039 103.81317138671875
2 0.235948 0.398958 0.0644028 0.127083 0.70115 103.81317138671875
2 0.331967 0.478125 0.0620609 0.127083 0.766022 103.81317138671875
