2 0.397541 0.140625 0.0316159 0.04375 0.302143 210.8914852142334
2 0.330796 0.366667 0.0644028 0.183333 0.37299 210.8914852142334
2 0.484778 0.446875 0.0655738 0.172917 0.377142 210.8914852142334
2 0.344848 0.221875 0.0339578 0.0729167 0.389017 210.8914852142334
2 0.282787 0.16875 0.0339578 0.0666667 0.392254 210.8914852142334
5 0.0872365 0.797917 0.153396 0.283333 0.535551 210.8914852142334
2 0.235948 0.1625 0.0433255 0.0625 0.6119 210.8914852142334
2 0.485363 0.629167 0.0737705 0.204167 0.634941 210.8914852142334
2 0.222482 0.917708 0.133489 0.164583 0.656425 210.8914852142334
2 0.281616 0.253125 0.0386417 0.0729167 0.680251 210.8914852142334
2 0.217799 0.4625 0.0796253 0.133333 0.702857 210.8914852142334
