2 0.402225 0.160417 0.029274 0.0416667 0.275648 108.70885848999023
2 0.295082 0.184375 0.0327869 0.0604167 0.3913 108.70885848999023
2 0.183255 0.561458 0.0995316 0.177083 0.434744 108.70885848999023
5 0.483021 0.444792 0.0667447 0.172917 0.462612 108.70885848999023
5 0.484778 0.625 0.0725995 0.204167 0.466474 108.70885848999023
2 0.274005 0.255208 0.0398126 0.0770833 0.49702 108.70885848999023
2 0.234778 0.164583 0.0480094 0.0666667 0.645523 108.70885848999023
2 0.346019 0.280208 0.0386417 0.0854167 0.648688 108.70885848999023
2 0.24356 0.373958 0.058548 0.11875 0.688197 108.70885848999023
2 0.337237 0.448958 0.0562061 0.114583 0.726498 108.70885848999023
