2 0.342506 0.198958 0.029274 0.05625 0.254467 109.27605628967285
2 0.416276 0.204167 0.0386417 0.0541667 0.290878 109.27605628967285
2 0.329625 0.0802083 0.0386417 0.0895833 0.294002 109.27605628967285
5 0.474824 0.353125 0.0714286 0.16875 0.341891 109.27605628967285
5 0.273419 0.7 0.111241 0.2375 0.348277 109.27605628967285
2 0.480094 0.873958 0.0960187 0.222917 0.35852 109.27605628967285
2 0.292155 0.139583 0.0269321 0.0416667 0.377399 109.27605628967285
2 0.187354 0.579167 0.0983607 0.195833 0.562958 109.27605628967285
5 0.495902 0.534375 0.0737705 0.222917 0.570114 109.27605628967285
2 0.344262 0.282292 0.0374707 0.06875 0.642343 109.27605628967285
2 0.237119 0.161458 0.0386417 0.0604167 0.645595 109.27605628967285
2 0.241218 0.397917 0.0632318 0.129167 0.690519 109.27605628967285
2 0.341335 0.4125 0.0550351 0.1125 0.747229 109.27605628967285
2 0.0380562 0.932292 0.0761124 0.13125 0.748837 109.27605628967285
