2 0.2863 0.154167 0.0339578 0.0541667 0.351204 100.94308853149414
2 0.413349 0.179167 0.0374707 0.0625 0.484682 100.94308853149414
2 0.485363 0.446875 0.0667447 0.172917 0.493718 100.94308853149414
2 0.278103 0.232292 0.0409836 0.0770833 0.535338 100.94308853149414
2 0.351874 0.278125 0.0362998 0.0729167 0.548453 100.94308853149414
5 0.892272 0.496875 0.177986 0.272917 0.580774 100.94308853149414
2 0.236534 0.1625 0.0421546 0.0625 0.617684 100.94308853149414
2 0.259368 0.338542 0.057377 0.0979167 0.622229 100.94308853149414
5 0.303864 0.517708 0.0901639 0.25625 0.642402 100.94308853149414
2 0.485363 0.628125 0.0737705 0.202083 0.680232 100.94308853149414
2 0.135831 0.667708 0.126464 0.23125 0.717828 100.94308853149414
