2 0.339578 0.155208 0.030445 0.0854167 0.313544 112.56146430969238
5 0.485948 0.448958 0.0679157 0.16875 0.335803 112.56146430969238
2 0.348361 0.252083 0.0362998 0.0791667 0.36033 112.56146430969238
2 0.29274 0.145833 0.028103 0.0458333 0.452025 112.56146430969238
2 0.286885 0.255208 0.0351288 0.06875 0.580122 112.56146430969238
2 0.30445 0.64375 0.0866511 0.195833 0.601322 112.56146430969238
2 0.194379 0.50625 0.088993 0.1625 0.604599 112.56146430969238
2 0.485948 0.627083 0.0725995 0.204167 0.636756 112.56146430969238
2 0.336651 0.355208 0.0456674 0.10625 0.675831 112.56146430969238
2 0.237119 0.1625 0.0409836 0.0625 0.684124 112.56146430969238
2 0.087822 0.804167 0.154567 0.291667 0.704166 112.56146430969238
2 0.255855 0.341667 0.0480094 0.0916667 0.750228 112.56146430969238
2 0.844848 0.647917 0.108899 0.195833 0.815745 112.56146430969238
