2 0.292155 0.065625 0.029274 0.0645833 0.368977 120.76187133789062
2 0.423888 0.233333 0.0351288 0.0541667 0.468203 120.76187133789062
5 0.276932 0.6875 0.0995316 0.225 0.532875 120.76187133789062
5 0.48829 0.676042 0.107728 0.235417 0.564846 120.76187133789062
5 0.192037 0.541667 0.0913349 0.195833 0.616202 120.76187133789062
2 0.264052 0.309375 0.0456674 0.0854167 0.672972 120.76187133789062
2 0.469555 0.358333 0.0538642 0.1 0.703451 120.76187133789062
2 0.237705 0.160417 0.0398126 0.0625 0.705402 120.76187133789062
2 0.0638173 0.882292 0.127635 0.235417 0.716376 120.76187133789062
2 0.336066 0.363542 0.0444965 0.0979167 0.738936 120.76187133789062
