2 0.484778 0.446875 0.0655738 0.172917 0.368498 117.15292930603027
2 0.330796 0.364583 0.0620609 0.183333 0.382049 117.15292930603027
2 0.282787 0.167708 0.0362998 0.06875 0.388643 117.15292930603027
2 0.344848 0.220833 0.0339578 0.0708333 0.418953 117.15292930603027
2 0.235948 0.1625 0.0433255 0.0625 0.616689 117.15292930603027
2 0.485363 0.629167 0.0737705 0.204167 0.641105 117.15292930603027
2 0.22541 0.9125 0.127635 0.175 0.645489 117.15292930603027
2 0.281616 0.252083 0.0362998 0.0708333 0.649468 117.15292930603027
2 0.0925059 0.790625 0.149883 0.277083 0.673864 117.15292930603027
2 0.21897 0.461458 0.0796253 0.135417 0.682909 117.15292930603027
