2 0.340749 0.161458 0.030445 0.0895833 0.309954 109.92074012756348
5 0.485948 0.451042 0.0679157 0.16875 0.340018 109.92074012756348
5 0.188525 0.516667 0.0913349 0.175 0.369893 109.92074012756348
2 0.292155 0.15 0.0269321 0.0458333 0.513847 109.92074012756348
2 0.300351 0.666667 0.087822 0.204167 0.536852 109.92074012756348
2 0.485363 0.627083 0.0737705 0.204167 0.620703 109.92074012756348
2 0.285129 0.261458 0.0386417 0.0729167 0.631138 109.92074012756348
2 0.237119 0.1625 0.0409836 0.0625 0.659477 109.92074012756348
2 0.336066 0.357292 0.0468384 0.110417 0.660853 109.92074012756348
2 0.251756 0.348958 0.0491803 0.0895833 0.686124 109.92074012756348
2 0.837237 0.672917 0.107728 0.208333 0.699298 109.92074012756348
2 0.0802108 0.827083 0.155738 0.3 0.727197 109.92074012756348
