2 0.289813 0.172917 0.029274 0.075 0.297596 102.61106491088867
2 0.484778 0.445833 0.0679157 0.175 0.368365 102.61106491088867
2 0.0421546 0.916667 0.0843091 0.166667 0.447903 102.61106491088867
2 0.225995 0.448958 0.0725995 0.139583 0.480083 102.61106491088867
2 0.295667 0.148958 0.029274 0.0479167 0.497021 102.61106491088867
2 0.279859 0.20625 0.0351288 0.0625 0.514704 102.61106491088867
2 0.346019 0.238542 0.0339578 0.0854167 0.516226 102.61106491088867
2 0.484778 0.626042 0.0725995 0.20625 0.521723 102.61106491088867
2 0.429742 0.2125 0.0491803 0.075 0.556111 102.61106491088867
2 0.235948 0.1625 0.0409836 0.0625 0.643266 102.61106491088867
2 0.262881 0.309375 0.0526932 0.102083 0.674844 102.61106491088867
2 0.347775 0.361458 0.0421546 0.0895833 0.741875 102.61106491088867
5 0.213115 0.809375 0.17096 0.364583 0.802212 102.61106491088867
