2 0.341335 0.158333 0.0316159 0.0916667 0.255932 117.52963066101074
5 0.485363 0.446875 0.0690866 0.172917 0.371491 117.52963066101074
2 0.348946 0.271875 0.0374707 0.09375 0.400865 117.52963066101074
5 0.282787 0.747917 0.104215 0.245833 0.47942 117.52963066101074
2 0.289227 0.166667 0.030445 0.0625 0.500297 117.52963066101074
2 0.485363 0.627083 0.0737705 0.204167 0.577667 117.52963066101074
2 0.282787 0.283333 0.0362998 0.0708333 0.578073 117.52963066101074
2 0.0655738 0.865625 0.131148 0.25625 0.64125 117.52963066101074
2 0.237119 0.163542 0.0409836 0.0645833 0.660351 117.52963066101074
2 0.331382 0.385417 0.0515222 0.120833 0.690968 117.52963066101074
2 0.244731 0.369792 0.0515222 0.0895833 0.703551 117.52963066101074
5 0.173302 0.55625 0.0936768 0.195833 0.734317 117.52963066101074
