2 0.447892 0.260417 0.0503513 0.0791667 0.295908 105.41582107543945
2 0.242974 0.377083 0.0620609 0.129167 0.347277 105.41582107543945
7 0.0603044 0.876042 0.120609 0.247917 0.390662 105.41582107543945
2 0.308548 0.542708 0.0807962 0.177083 0.431899 105.41582107543945
2 0.346019 0.247917 0.0339578 0.0583333 0.434273 105.41582107543945
2 0.236534 0.1625 0.0398126 0.0625 0.61087 105.41582107543945
2 0.205504 0.533333 0.087822 0.175 0.653318 105.41582107543945
5 0.486534 0.469792 0.0737705 0.239583 0.665813 105.41582107543945
2 0.484192 0.754167 0.0807962 0.254167 0.6808 105.41582107543945
2 0.34719 0.342708 0.0480094 0.102083 0.708821 105.41582107543945
