2 0.334895 0.127083 0.0538642 0.116667 0.299071 103.83343696594238
2 0.291569 0.0510417 0.028103 0.0520833 0.366368 103.83343696594238
2 0.419789 0.211458 0.0362998 0.0479167 0.432391 103.83343696594238
5 0.489461 0.535417 0.0913349 0.2 0.455418 103.83343696594238
2 0.461944 0.317708 0.0503513 0.0895833 0.594483 103.83343696594238
2 0.0913349 0.816667 0.147541 0.3 0.60759 103.83343696594238
2 0.211944 0.4875 0.0796253 0.170833 0.643419 103.83343696594238
2 0.236534 0.1625 0.0421546 0.0625 0.658244 103.83343696594238
2 0.343091 0.3 0.0421546 0.075 0.674607 103.83343696594238
2 0.276347 0.264583 0.0421546 0.0708333 0.715513 103.83343696594238
2 0.230679 0.86875 0.147541 0.254167 0.766571 103.83343696594238
2 0.31733 0.495833 0.0632318 0.1375 0.766581 103.83343696594238
