2 0.288056 0.109375 0.0257611 0.04375 0.25297 111.39965057373047
2 0.340749 0.145833 0.030445 0.0833333 0.299747 111.39965057373047
7 0.466042 0.302083 0.0679157 0.141667 0.376555 111.39965057373047
2 0.342506 0.258333 0.0480094 0.133333 0.388489 111.39965057373047
2 0.289813 0.177083 0.029274 0.0583333 0.466849 111.39965057373047
2 0.485948 0.446875 0.0655738 0.172917 0.49308 111.39965057373047
2 0.237705 0.163542 0.0374707 0.0645833 0.631784 111.39965057373047
2 0.485948 0.628125 0.0725995 0.202083 0.636432 111.39965057373047
2 0.314403 0.564583 0.0737705 0.175 0.680483 111.39965057373047
2 0.215457 0.492708 0.0866511 0.147917 0.705893 111.39965057373047
2 0.265808 0.31875 0.0562061 0.0916667 0.716019 111.39965057373047
