2 0.330796 0.0833333 0.0222482 0.05 0.256105 159.93332862854004
2 0.289227 0.128125 0.030445 0.04375 0.278778 159.93332862854004
2 0.485363 0.444792 0.0667447 0.172917 0.456774 159.93332862854004
2 0.282787 0.1875 0.0339578 0.0708333 0.502692 159.93332862854004
2 0.404567 0.152083 0.0362998 0.0583333 0.521277 159.93332862854004
2 0.349532 0.241667 0.0362998 0.0625 0.576124 159.93332862854004
2 0.190867 0.529167 0.0960187 0.175 0.579122 159.93332862854004
2 0.235948 0.1625 0.0409836 0.0625 0.598367 159.93332862854004
2 0.485363 0.629167 0.0737705 0.204167 0.644754 159.93332862854004
2 0.27459 0.283333 0.0433255 0.075 0.654692 159.93332862854004
5 0.324356 0.41875 0.0702576 0.204167 0.734653 159.93332862854004
2 0.058548 0.891667 0.117096 0.2125 0.788821 159.93332862854004
