2 0.449063 0.260417 0.0526932 0.0791667 0.27866 115.6468391418457
7 0.293911 0.0739583 0.0515222 0.102083 0.299357 115.6468391418457
2 0.346604 0.240625 0.0327869 0.0604167 0.318617 115.6468391418457
2 0.244145 0.377083 0.057377 0.125 0.350181 115.6468391418457
2 0.314988 0.517708 0.0725995 0.164583 0.557654 115.6468391418457
2 0.208431 0.527083 0.0843091 0.170833 0.565257 115.6468391418457
2 0.0649883 0.866667 0.129977 0.258333 0.571675 115.6468391418457
2 0.483021 0.73125 0.0807962 0.241667 0.59023 115.6468391418457
2 0.236534 0.1625 0.0398126 0.0625 0.599913 115.6468391418457
5 0.485948 0.469792 0.0725995 0.214583 0.611828 115.6468391418457
2 0.347775 0.329167 0.0468384 0.0916667 0.681854 115.6468391418457
