2 0.416862 0.210417 0.0351288 0.0458333 0.354302 122.06315994262695
2 0.461358 0.305208 0.0538642 0.0979167 0.470641 122.06315994262695
5 0.489461 0.466667 0.0913349 0.266667 0.533631 122.06315994262695
2 0.216628 0.473958 0.0749414 0.160417 0.539889 122.06315994262695
5 0.254684 0.804167 0.129977 0.295833 0.61995 122.06315994262695
2 0.235363 0.1625 0.0444965 0.0666667 0.656005 122.06315994262695
2 0.342506 0.282292 0.0362998 0.0729167 0.672253 122.06315994262695
2 0.278689 0.248958 0.0398126 0.06875 0.686244 122.06315994262695
5 0.11007 0.771875 0.142857 0.28125 0.691609 122.06315994262695
2 0.324356 0.451042 0.0538642 0.127083 0.716122 122.06315994262695
