2 0.484778 0.446875 0.0655738 0.172917 0.383264 120.0265884399414
2 0.347775 0.227083 0.0374707 0.0708333 0.395798 120.0265884399414
5 0.328454 0.384375 0.0644028 0.197917 0.402118 120.0265884399414
2 0.399883 0.144792 0.0316159 0.04375 0.450264 120.0265884399414
2 0.2137 0.9625 0.106557 0.075 0.474296 120.0265884399414
2 0.282787 0.176042 0.0339578 0.06875 0.480814 120.0265884399414
2 0.206089 0.4875 0.0843091 0.158333 0.483178 120.0265884399414
2 0.235948 0.163542 0.0433255 0.0645833 0.559473 120.0265884399414
2 0.279274 0.264583 0.0386417 0.075 0.617262 120.0265884399414
2 0.485363 0.629167 0.0737705 0.204167 0.618735 120.0265884399414
2 0.073185 0.854167 0.14637 0.283333 0.798772 120.0265884399414
