2 0.265222 0.304167 0.0456674 0.0958333 0.299497 145.13611793518066
2 0.416276 0.203125 0.0386417 0.05625 0.311636 145.13611793518066
2 0.350117 0.289583 0.0351288 0.0708333 0.401233 145.13611793518066
5 0.483607 0.442708 0.0679157 0.18125 0.436144 145.13611793518066
2 0.485948 0.627083 0.0725995 0.204167 0.497645 145.13611793518066
2 0.776347 0.861458 0.124122 0.264583 0.551528 145.13611793518066
2 0.0444965 0.889583 0.0866511 0.220833 0.557819 145.13611793518066
2 0.247073 0.40625 0.058548 0.116667 0.603943 145.13611793518066
2 0.333138 0.433333 0.0644028 0.15 0.625385 145.13611793518066
2 0.236534 0.163542 0.0421546 0.0645833 0.662056 145.13611793518066
2 0.186768 0.544792 0.0854801 0.15625 0.685045 145.13611793518066
2 0.912178 0.498958 0.0702576 0.0854167 0.701664 145.13611793518066
5 0.224239 0.794792 0.129977 0.302083 0.794195 145.13611793518066
