2 0.469555 0.30625 0.0632318 0.1125 0.253555 105.87906837463379
2 0.263466 0.16875 0.0725995 0.0541667 0.256919 105.87906837463379
2 0.344262 0.210417 0.0327869 0.0833333 0.32623 105.87906837463379
2 0.0802108 0.797917 0.155738 0.291667 0.384151 105.87906837463379
5 0.272834 0.633333 0.114754 0.320833 0.403367 105.87906837463379
2 0.484778 0.446875 0.0655738 0.172917 0.445122 105.87906837463379
2 0.283372 0.175 0.0351288 0.0583333 0.47935 105.87906837463379
2 0.236534 0.1625 0.0421546 0.0625 0.563861 105.87906837463379
2 0.273419 0.263542 0.0433255 0.0854167 0.607319 105.87906837463379
2 0.421546 0.198958 0.0374707 0.0645833 0.626733 105.87906837463379
2 0.485363 0.628125 0.0737705 0.20625 0.644042 105.87906837463379
2 0.245902 0.3875 0.0608899 0.108333 0.653815 105.87906837463379
5 0.855972 0.560417 0.234192 0.404167 0.739508 105.87906837463379
2 0.350703 0.310417 0.0409836 0.0833333 0.745776 105.87906837463379
