2 0.415691 0.201042 0.0398126 0.05625 0.272227 103.53350639343262
2 0.340749 0.160417 0.028103 0.0541667 0.28597 103.53350639343262
2 0.250585 0.357292 0.0562061 0.114583 0.44487 103.53350639343262
5 0.484192 0.45 0.0737705 0.216667 0.472568 103.53350639343262
2 0.221897 0.489583 0.0784543 0.1625 0.597729 103.53350639343262
2 0.482436 0.661458 0.0796253 0.222917 0.614456 103.53350639343262
2 0.331382 0.436458 0.0632318 0.13125 0.635372 103.53350639343262
2 0.352459 0.29375 0.0398126 0.0791667 0.640146 103.53350639343262
2 0.236534 0.1625 0.0398126 0.0625 0.647056 103.53350639343262
5 0.235363 0.835417 0.135831 0.3125 0.724324 103.53350639343262
5 0.0942623 0.776042 0.129977 0.23125 0.801216 103.53350639343262
