7 0.467799 0.302083 0.0667447 0.125 0.252131 106.22167587280273
2 0.379391 0.096875 0.0257611 0.0354167 0.279271 106.22167587280273
5 0.48185 0.438542 0.0690866 0.189583 0.359959 106.22167587280273
2 0.343091 0.275 0.0538642 0.145833 0.424468 106.22167587280273
2 0.287471 0.188542 0.0316159 0.05625 0.515724 106.22167587280273
2 0.485363 0.628125 0.0737705 0.20625 0.629449 106.22167587280273
2 0.235948 0.163542 0.0409836 0.0645833 0.645695 106.22167587280273
2 0.260539 0.340625 0.0550351 0.0979167 0.699701 106.22167587280273
2 0.197892 0.536458 0.0960187 0.160417 0.729774 106.22167587280273
2 0.303864 0.621875 0.0831382 0.19375 0.769351 106.22167587280273
