2 0.484778 0.446875 0.0679157 0.172917 0.320798 101.54008865356445
2 0.283958 0.226042 0.0386417 0.06875 0.358848 101.54008865356445
2 0.341335 0.176042 0.0316159 0.110417 0.396851 101.54008865356445
2 0.283958 0.15 0.0339578 0.0583333 0.433873 101.54008865356445
5 0.25644 0.8375 0.119438 0.295833 0.44371 101.54008865356445
2 0.38993 0.120833 0.028103 0.0458333 0.493551 101.54008865356445
2 0.337822 0.329167 0.0550351 0.154167 0.527522 101.54008865356445
2 0.235363 0.409375 0.0679157 0.122917 0.532872 101.54008865356445
2 0.485363 0.628125 0.0737705 0.20625 0.609801 101.54008865356445
2 0.235363 0.163542 0.0444965 0.0645833 0.634863 101.54008865356445
5 0.135831 0.691667 0.128806 0.225 0.66983 101.54008865356445
