2 0.467799 0.307292 0.0620609 0.102083 0.255774 124.47667121887207
2 0.319672 0.447917 0.0725995 0.191667 0.368145 124.47667121887207
5 0.484778 0.445833 0.0679157 0.170833 0.420537 124.47667121887207
2 0.0275176 0.9625 0.0550351 0.075 0.488104 124.47667121887207
2 0.347775 0.3125 0.0444965 0.104167 0.496264 124.47667121887207
2 0.282201 0.217708 0.0374707 0.0729167 0.504189 124.47667121887207
2 0.484778 0.627083 0.0725995 0.204167 0.516581 124.47667121887207
2 0.270492 0.327083 0.0515222 0.0875 0.565592 124.47667121887207
2 0.235948 0.1625 0.0409836 0.0625 0.616839 124.47667121887207
2 0.230094 0.419792 0.0620609 0.110417 0.659958 124.47667121887207
5 0.135246 0.652083 0.113583 0.225 0.76594 124.47667121887207
2 0.234778 0.913542 0.118267 0.172917 0.769113 124.47667121887207
