2 0.289227 0.125 0.028103 0.0416667 0.303519 138.83543014526367
5 0.327283 0.398958 0.0737705 0.19375 0.409819 138.83543014526367
2 0.349532 0.2375 0.0339578 0.0625 0.434704 138.83543014526367
2 0.484778 0.446875 0.0655738 0.172917 0.458805 138.83543014526367
2 0.282787 0.185417 0.0339578 0.0666667 0.477842 138.83543014526367
2 0.402225 0.147917 0.0316159 0.0541667 0.55598 138.83543014526367
2 0.235363 0.163542 0.0444965 0.0645833 0.564562 138.83543014526367
2 0.197307 0.513542 0.0925059 0.160417 0.565307 138.83543014526367
2 0.276932 0.276042 0.0386417 0.0729167 0.621179 138.83543014526367
2 0.485363 0.629167 0.0737705 0.204167 0.629001 138.83543014526367
2 0.0649883 0.872917 0.129977 0.25 0.808377 138.83543014526367
