2 0.298009 0.110417 0.0245902 0.0416667 0.337438 135.32114028930664
2 0.485363 0.448958 0.0667447 0.16875 0.376316 135.32114028930664
2 0.292155 0.215625 0.0339578 0.0729167 0.44415 135.32114028930664
5 0.144028 0.665625 0.12178 0.23125 0.444586 135.32114028930664
2 0.486534 0.627083 0.0737705 0.204167 0.48932 135.32114028930664
2 0.234778 0.163542 0.0456674 0.0604167 0.577844 135.32114028930664
2 0.222482 0.433333 0.0679157 0.141667 0.585464 135.32114028930664
2 0.264637 0.297917 0.0421546 0.0791667 0.601007 135.32114028930664
2 0.32377 0.521875 0.0644028 0.152083 0.669231 135.32114028930664
2 0.342506 0.311458 0.0433255 0.0979167 0.679782 135.32114028930664
2 0.90808 0.517708 0.0901639 0.147917 0.758882 135.32114028930664
