2 0.33548 0.13125 0.0550351 0.116667 0.295051 110.85772514343262
2 0.421546 0.214583 0.0351288 0.05 0.400884 110.85772514343262
5 0.207845 0.508333 0.0807962 0.179167 0.418675 110.85772514343262
2 0.290984 0.0552083 0.029274 0.0520833 0.444948 110.85772514343262
2 0.303864 0.542708 0.0690866 0.152083 0.535873 110.85772514343262
5 0.490632 0.572917 0.0983607 0.204167 0.584745 110.85772514343262
2 0.237705 0.161458 0.0374707 0.0604167 0.680446 110.85772514343262
2 0.272248 0.283333 0.0409836 0.0708333 0.705285 110.85772514343262
2 0.340749 0.316667 0.0468384 0.0875 0.711815 110.85772514343262
2 0.4637 0.327083 0.0491803 0.0875 0.720854 110.85772514343262
2 0.0790398 0.844792 0.15808 0.297917 0.726844 110.85772514343262
2 0.209016 0.923958 0.13466 0.152083 0.756011 110.85772514343262
