2 0.415691 0.201042 0.0398126 0.05625 0.254583 103.82199287414551
2 0.341335 0.164583 0.029274 0.0541667 0.29596 103.82199287414551
2 0.248829 0.367708 0.0550351 0.11875 0.302452 103.82199287414551
7 0.293326 0.0625 0.0480094 0.0958333 0.31268 103.82199287414551
2 0.483021 0.688542 0.0784543 0.21875 0.456455 103.82199287414551
2 0.215457 0.505208 0.0819672 0.164583 0.471093 103.82199287414551
2 0.209602 0.885417 0.145199 0.225 0.481782 103.82199287414551
2 0.0755269 0.816667 0.13466 0.254167 0.482127 103.82199287414551
5 0.485363 0.458333 0.0737705 0.208333 0.538105 103.82199287414551
2 0.235948 0.163542 0.0409836 0.0604167 0.608918 103.82199287414551
2 0.324941 0.470833 0.059719 0.1375 0.643765 103.82199287414551
2 0.349532 0.309375 0.0456674 0.0854167 0.722227 103.82199287414551
