2 0.46897 0.309375 0.0620609 0.102083 0.264329 146.34132385253906
5 0.482436 0.435417 0.0679157 0.2125 0.362731 146.34132385253906
2 0.416276 0.201042 0.0386417 0.05625 0.367527 146.34132385253906
2 0.264052 0.308333 0.0503513 0.0958333 0.504049 146.34132385253906
2 0.485948 0.626042 0.0725995 0.202083 0.539505 146.34132385253906
5 0.203747 0.855208 0.138173 0.285417 0.577275 146.34132385253906
2 0.32904 0.45625 0.0655738 0.1625 0.619176 146.34132385253906
2 0.0339578 0.911458 0.0655738 0.177083 0.656696 146.34132385253906
2 0.241218 0.423958 0.0538642 0.110417 0.665253 146.34132385253906
2 0.237119 0.1625 0.0409836 0.0666667 0.666679 146.34132385253906
2 0.350703 0.296875 0.0409836 0.0770833 0.667889 146.34132385253906
2 0.898126 0.504167 0.103044 0.154167 0.669602 146.34132385253906
2 0.177986 0.571875 0.0819672 0.16875 0.70187 146.34132385253906
