2 0.334895 0.108333 0.0468384 0.0958333 0.270321 117.59042739868164
5 0.498244 0.777083 0.0948478 0.366667 0.402922 117.59042739868164
2 0.415691 0.208333 0.0351288 0.0458333 0.412505 117.59042739868164
2 0.224239 0.44375 0.0667447 0.158333 0.429905 117.59042739868164
5 0.29274 0.647917 0.103044 0.229167 0.440455 117.59042739868164
5 0.485948 0.432292 0.0843091 0.21875 0.604869 117.59042739868164
2 0.345433 0.253125 0.0374707 0.06875 0.61824 117.59042739868164
2 0.235363 0.160417 0.0444965 0.0625 0.665479 117.59042739868164
2 0.283372 0.216667 0.0374707 0.0625 0.673373 117.59042739868164
5 0.138173 0.709375 0.126464 0.247917 0.681378 117.59042739868164
2 0.334309 0.3875 0.0480094 0.1 0.698739 117.59042739868164
