2 0.292155 0.0833333 0.0222482 0.0416667 0.300878 115.4623031616211
2 0.284543 0.13125 0.030445 0.05 0.342288 115.4623031616211
2 0.484778 0.446875 0.0679157 0.177083 0.373287 115.4623031616211
2 0.288056 0.2 0.0351288 0.0625 0.507112 115.4623031616211
2 0.340749 0.291667 0.0562061 0.1375 0.525084 115.4623031616211
2 0.485363 0.627083 0.0737705 0.204167 0.606379 115.4623031616211
2 0.290984 0.682292 0.0971897 0.23125 0.611823 115.4623031616211
2 0.181499 0.584375 0.107728 0.18125 0.659638 115.4623031616211
2 0.235948 0.1625 0.0433255 0.0625 0.661716 115.4623031616211
2 0.252342 0.359375 0.0644028 0.10625 0.733337 115.4623031616211
