2 0.415691 0.20625 0.0351288 0.0458333 0.331107 89.7986888885498
2 0.180328 0.598958 0.100703 0.202083 0.404486 89.7986888885498
5 0.474239 0.3625 0.0749414 0.1875 0.408102 89.7986888885498
2 0.331382 0.0833333 0.0421546 0.0916667 0.418015 89.7986888885498
2 0.342506 0.211458 0.0339578 0.05625 0.431255 89.7986888885498
2 0.291569 0.151042 0.0257611 0.04375 0.541756 89.7986888885498
2 0.255269 0.775 0.12178 0.275 0.555662 89.7986888885498
2 0.030445 0.953125 0.058548 0.0895833 0.618025 89.7986888885498
2 0.237119 0.161458 0.0409836 0.0645833 0.68176 89.7986888885498
5 0.497658 0.5625 0.0702576 0.233333 0.700836 89.7986888885498
2 0.344848 0.296875 0.0386417 0.0729167 0.712672 89.7986888885498
2 0.23829 0.403125 0.0644028 0.135417 0.716924 89.7986888885498
2 0.33548 0.441667 0.0644028 0.141667 0.756901 89.7986888885498
