2 0.416862 0.203125 0.0374707 0.0520833 0.264673 124.40729141235352
2 0.0696721 0.814583 0.137002 0.291667 0.378307 124.40729141235352
5 0.484778 0.445833 0.0679157 0.170833 0.458109 124.40729141235352
2 0.351874 0.25 0.0386417 0.0791667 0.464829 124.40729141235352
2 0.485363 0.627083 0.0737705 0.204167 0.500438 124.40729141235352
2 0.258782 0.38125 0.0515222 0.0916667 0.522327 124.40729141235352
2 0.848946 0.604167 0.117096 0.2 0.548234 124.40729141235352
2 0.235363 0.164583 0.0444965 0.0666667 0.622941 124.40729141235352
2 0.342506 0.36875 0.0550351 0.133333 0.670605 124.40729141235352
2 0.207845 0.489583 0.0690866 0.129167 0.677956 124.40729141235352
5 0.278689 0.605208 0.0913349 0.227083 0.708086 124.40729141235352
