2 0.444965 0.260417 0.0468384 0.0833333 0.270963 124.58539009094238
2 0.474824 0.338542 0.0737705 0.122917 0.29108 124.58539009094238
2 0.327283 0.0729167 0.0386417 0.0791667 0.333612 124.58539009094238
2 0.296253 0.608333 0.0843091 0.2 0.346517 124.58539009094238
2 0.0497658 0.902083 0.0971897 0.195833 0.358118 124.58539009094238
5 0.490047 0.486458 0.0737705 0.252083 0.525289 124.58539009094238
2 0.197892 0.553125 0.0913349 0.177083 0.539229 124.58539009094238
2 0.346019 0.261458 0.0362998 0.06875 0.56005 124.58539009094238
2 0.240047 0.385417 0.0655738 0.129167 0.577604 124.58539009094238
2 0.236534 0.1625 0.0398126 0.0625 0.631169 124.58539009094238
2 0.482436 0.829167 0.088993 0.295833 0.643266 124.58539009094238
2 0.344848 0.370833 0.0503513 0.1 0.743363 124.58539009094238
