2 0.415691 0.2 0.0398126 0.0583333 0.275672 90.7602310180664
2 0.485948 0.45 0.0702576 0.191667 0.392478 90.7602310180664
2 0.484192 0.651042 0.0784543 0.214583 0.507745 90.7602310180664
2 0.252927 0.357292 0.0515222 0.10625 0.589102 90.7602310180664
2 0.225995 0.476042 0.0749414 0.160417 0.63654 90.7602310180664
2 0.35363 0.28125 0.0398126 0.0833333 0.646717 90.7602310180664
2 0.237119 0.1625 0.0409836 0.0625 0.647165 90.7602310180664
2 0.105386 0.751042 0.124122 0.222917 0.66017 90.7602310180664
5 0.255269 0.780208 0.126464 0.327083 0.739881 90.7602310180664
2 0.338993 0.413542 0.0550351 0.114583 0.749896 90.7602310180664
