2 0.340749 0.0989583 0.0234192 0.03125 0.263103 101.8056869506836
2 0.416862 0.201042 0.0374707 0.0520833 0.273944 101.8056869506836
2 0.351874 0.247917 0.0362998 0.075 0.346181 101.8056869506836
5 0.285129 0.573958 0.087822 0.214583 0.435717 101.8056869506836
5 0.484778 0.445833 0.0679157 0.170833 0.504031 101.8056869506836
2 0.485363 0.626042 0.0737705 0.20625 0.541832 101.8056869506836
2 0.259953 0.372917 0.0515222 0.0916667 0.567915 101.8056869506836
2 0.236534 0.164583 0.0421546 0.0666667 0.637201 101.8056869506836
2 0.34192 0.363542 0.0562061 0.11875 0.652555 101.8056869506836
2 0.209016 0.476042 0.0667447 0.13125 0.6835 101.8056869506836
2 0.869438 0.566667 0.113583 0.1875 0.779366 101.8056869506836
5 0.074356 0.78125 0.141686 0.283333 0.782096 101.8056869506836
