7 0.293326 0.0697917 0.0503513 0.0979167 0.260039 130.5069923400879
2 0.326698 0.065625 0.0327869 0.0729167 0.277919 130.5069923400879
2 0.346019 0.2375 0.0339578 0.0583333 0.285093 130.5069923400879
2 0.245316 0.375 0.0550351 0.120833 0.326467 130.5069923400879
2 0.194965 0.923958 0.139344 0.152083 0.366027 130.5069923400879
2 0.0690866 0.848958 0.138173 0.264583 0.507849 130.5069923400879
2 0.211358 0.517708 0.0807962 0.160417 0.584978 130.5069923400879
2 0.235948 0.163542 0.0409836 0.0604167 0.609041 130.5069923400879
5 0.486534 0.463542 0.0714286 0.210417 0.611783 130.5069923400879
2 0.319087 0.497917 0.0667447 0.158333 0.660674 130.5069923400879
2 0.348946 0.323958 0.0468384 0.0854167 0.66412 130.5069923400879
5 0.48185 0.711458 0.0807962 0.235417 0.6853 130.5069923400879
