2 0.435012 0.233333 0.0480094 0.0833333 0.305895 109.06147956848145
2 0.485363 0.446875 0.0667447 0.172917 0.342596 109.06147956848145
2 0.936183 0.492708 0.0761124 0.102083 0.376696 109.06147956848145
5 0.165691 0.611458 0.104215 0.197917 0.397982 109.06147956848145
2 0.293911 0.2 0.0351288 0.0625 0.458944 109.06147956848145
2 0.485363 0.626042 0.0737705 0.20625 0.522105 109.06147956848145
2 0.235363 0.163542 0.0444965 0.0604167 0.61513 109.06147956848145
2 0.271663 0.275 0.0398126 0.0833333 0.632264 109.06147956848145
2 0.345433 0.291667 0.0398126 0.1 0.694035 109.06147956848145
2 0.233607 0.398958 0.0667447 0.13125 0.69803 109.06147956848145
2 0.331967 0.482292 0.0620609 0.13125 0.754442 109.06147956848145
