2 0.343677 0.19375 0.0316159 0.0541667 0.290209 107.61380195617676
2 0.415691 0.20625 0.0351288 0.0458333 0.308854 107.61380195617676
2 0.444965 0.260417 0.0491803 0.0833333 0.330027 107.61380195617676
5 0.474824 0.345833 0.0714286 0.145833 0.343363 107.61380195617676
2 0.327869 0.0760417 0.0374707 0.08125 0.351936 107.61380195617676
2 0.480679 0.853125 0.0948478 0.28125 0.455638 107.61380195617676
2 0.286885 0.652083 0.0936768 0.220833 0.525847 107.61380195617676
2 0.043911 0.914583 0.0854801 0.170833 0.559756 107.61380195617676
2 0.345433 0.269792 0.0398126 0.0729167 0.600452 107.61380195617676
2 0.236534 0.161458 0.0398126 0.0645833 0.659898 107.61380195617676
2 0.193208 0.570833 0.0936768 0.1875 0.690002 107.61380195617676
2 0.241218 0.391667 0.0632318 0.125 0.700087 107.61380195617676
5 0.492389 0.516667 0.0690866 0.2125 0.703534 107.61380195617676
2 0.343091 0.388542 0.0515222 0.110417 0.744071 107.61380195617676
