2 0.415691 0.20625 0.0351288 0.0458333 0.323226 107.90467262268066
2 0.444965 0.260417 0.0468384 0.0833333 0.327121 107.90467262268066
5 0.474824 0.344792 0.0714286 0.14375 0.345231 107.90467262268066
2 0.327869 0.0760417 0.0374707 0.08125 0.413566 107.90467262268066
2 0.480679 0.848958 0.0948478 0.285417 0.476233 107.90467262268066
2 0.0456674 0.9125 0.088993 0.175 0.528914 107.90467262268066
2 0.285129 0.641667 0.0948478 0.225 0.561375 107.90467262268066
2 0.346019 0.26875 0.0386417 0.0708333 0.57922 107.90467262268066
2 0.236534 0.161458 0.0398126 0.0645833 0.66745 107.90467262268066
5 0.492974 0.510417 0.0702576 0.225 0.668425 107.90467262268066
2 0.194379 0.56875 0.0936768 0.183333 0.718155 107.90467262268066
2 0.241803 0.390625 0.0644028 0.127083 0.735684 107.90467262268066
2 0.343677 0.3875 0.0503513 0.108333 0.748421 107.90467262268066
