2 0.755269 0.867708 0.119438 0.260417 0.285416 131.64258003234863
2 0.415691 0.2 0.0421546 0.0583333 0.28581 131.64258003234863
2 0.485363 0.448958 0.0690866 0.185417 0.361144 131.64258003234863
5 0.483021 0.648958 0.0784543 0.21875 0.462803 131.64258003234863
2 0.252927 0.35625 0.0515222 0.104167 0.620786 131.64258003234863
2 0.108899 0.741667 0.12178 0.225 0.624925 131.64258003234863
2 0.236534 0.163542 0.0421546 0.0645833 0.630618 131.64258003234863
2 0.353045 0.278125 0.0409836 0.0854167 0.6309 131.64258003234863
2 0.228337 0.479167 0.0749414 0.154167 0.636091 131.64258003234863
2 0.338993 0.405208 0.0526932 0.10625 0.723404 131.64258003234863
5 0.259368 0.7625 0.120609 0.295833 0.728335 131.64258003234863
