2 0.416276 0.201042 0.0386417 0.05625 0.335766 143.09954643249512
2 0.262881 0.309375 0.0503513 0.09375 0.381034 143.09954643249512
5 0.483607 0.441667 0.0679157 0.179167 0.38653 143.09954643249512
2 0.485948 0.626042 0.0725995 0.202083 0.533434 143.09954643249512
2 0.350703 0.29375 0.0386417 0.0791667 0.53926 143.09954643249512
2 0.0374707 0.904167 0.0749414 0.191667 0.573443 143.09954643249512
2 0.237119 0.163542 0.0409836 0.0645833 0.647984 143.09954643249512
2 0.180913 0.565625 0.0807962 0.160417 0.651816 143.09954643249512
2 0.244145 0.415625 0.057377 0.11875 0.676932 143.09954643249512
2 0.330796 0.446875 0.0690866 0.160417 0.682798 143.09954643249512
2 0.903981 0.491667 0.0960187 0.145833 0.72794 143.09954643249512
5 0.210773 0.838542 0.135831 0.310417 0.745925 143.09954643249512
