2 0.330211 0.0854167 0.0210773 0.05 0.264522 108.36052894592285
5 0.919789 0.444792 0.115925 0.197917 0.290099 108.36052894592285
2 0.288056 0.136458 0.028103 0.04375 0.388301 108.36052894592285
2 0.484778 0.445833 0.0655738 0.170833 0.470947 108.36052894592285
2 0.28103 0.204167 0.0374707 0.0708333 0.527985 108.36052894592285
2 0.236534 0.161458 0.0398126 0.0604167 0.588973 108.36052894592285
2 0.407494 0.1625 0.0374707 0.0583333 0.599995 108.36052894592285
2 0.172131 0.572917 0.105386 0.191667 0.600205 108.36052894592285
2 0.269321 0.303125 0.0515222 0.0854167 0.610746 108.36052894592285
2 0.485363 0.629167 0.0737705 0.204167 0.624477 108.36052894592285
2 0.349532 0.253125 0.0362998 0.0645833 0.624993 108.36052894592285
5 0.316159 0.442708 0.0749414 0.21875 0.667585 108.36052894592285
2 0.0433255 0.932292 0.0866511 0.135417 0.822444 108.36052894592285
