2 0.341335 0.194792 0.0316159 0.0770833 0.304259 117.8126335144043
2 0.413349 0.180208 0.0398126 0.0604167 0.307988 117.8126335144043
2 0.285714 0.153125 0.030445 0.0520833 0.408152 117.8126335144043
2 0.485363 0.446875 0.0667447 0.172917 0.480486 117.8126335144043
2 0.351288 0.277083 0.0374707 0.0708333 0.512587 117.8126335144043
2 0.278103 0.229167 0.0386417 0.075 0.528933 117.8126335144043
5 0.306792 0.508333 0.0866511 0.241667 0.573078 117.8126335144043
5 0.891101 0.492708 0.156909 0.25625 0.597586 117.8126335144043
2 0.236534 0.161458 0.0421546 0.0604167 0.609936 117.8126335144043
2 0.261124 0.330208 0.0538642 0.09375 0.659208 117.8126335144043
2 0.485363 0.628125 0.0737705 0.20625 0.675219 117.8126335144043
2 0.141101 0.651042 0.122951 0.23125 0.76225 117.8126335144043
