2 0.344262 0.214583 0.030445 0.0583333 0.263941 119.63152885437012
5 0.484192 0.453125 0.0714286 0.202083 0.390004 119.63152885437012
2 0.251171 0.357292 0.0526932 0.114583 0.518061 119.63152885437012
5 0.242974 0.822917 0.132318 0.3375 0.579359 119.63152885437012
2 0.352459 0.288542 0.0398126 0.08125 0.591366 119.63152885437012
2 0.0971897 0.767708 0.126464 0.23125 0.635443 119.63152885437012
2 0.236534 0.1625 0.0398126 0.0625 0.641206 119.63152885437012
2 0.222482 0.486458 0.0796253 0.164583 0.641449 119.63152885437012
2 0.483021 0.658333 0.0784543 0.220833 0.651677 119.63152885437012
2 0.333724 0.427083 0.058548 0.120833 0.69064 119.63152885437012
