2 0.40281 0.161458 0.028103 0.0395833 0.276132 133.4226131439209
2 0.295667 0.186458 0.0339578 0.0645833 0.38765 133.4226131439209
5 0.483021 0.444792 0.0667447 0.177083 0.439491 133.4226131439209
5 0.484778 0.625 0.0725995 0.204167 0.440722 133.4226131439209
2 0.272834 0.258333 0.0398126 0.075 0.500172 133.4226131439209
2 0.235363 0.163542 0.0468384 0.0645833 0.560125 133.4226131439209
2 0.18267 0.566667 0.100703 0.191667 0.638406 133.4226131439209
2 0.346019 0.282292 0.0386417 0.0854167 0.658499 133.4226131439209
2 0.242389 0.376042 0.058548 0.11875 0.696836 133.4226131439209
2 0.338407 0.448958 0.0538642 0.114583 0.735111 133.4226131439209
