2 0.32904 0.0708333 0.0234192 0.05 0.255454 103.77240180969238
2 0.346019 0.201042 0.0316159 0.0604167 0.314944 103.77240180969238
2 0.484778 0.445833 0.0679157 0.175 0.347177 103.77240180969238
2 0.341335 0.175 0.0316159 0.108333 0.360397 103.77240180969238
2 0.284543 0.15 0.0327869 0.0583333 0.387258 103.77240180969238
2 0.285129 0.21875 0.0386417 0.0708333 0.394486 103.77240180969238
2 0.38993 0.121875 0.028103 0.04375 0.566466 103.77240180969238
2 0.338407 0.326042 0.0538642 0.147917 0.590841 103.77240180969238
2 0.485363 0.628125 0.0737705 0.20625 0.63183 103.77240180969238
2 0.237119 0.407292 0.0667447 0.114583 0.63267 103.77240180969238
2 0.235363 0.1625 0.0421546 0.0625 0.654444 103.77240180969238
2 0.141686 0.68125 0.124122 0.225 0.683237 103.77240180969238
2 0.26171 0.819792 0.118267 0.29375 0.68579 103.77240180969238
