2 0.330796 0.0885417 0.0222482 0.05625 0.290297 113.75784873962402
2 0.285714 0.144792 0.028103 0.04375 0.374021 113.75784873962402
2 0.280445 0.211458 0.0386417 0.0770833 0.451166 113.75784873962402
5 0.912763 0.467708 0.148712 0.21875 0.453428 113.75784873962402
2 0.484778 0.446875 0.0655738 0.172917 0.502609 113.75784873962402
2 0.0269321 0.964583 0.0538642 0.0708333 0.555881 113.75784873962402
2 0.411007 0.166667 0.0398126 0.0625 0.559913 113.75784873962402
2 0.350117 0.2625 0.0374707 0.0708333 0.580608 113.75784873962402
2 0.236534 0.160417 0.0398126 0.0583333 0.630071 113.75784873962402
2 0.485363 0.629167 0.0737705 0.204167 0.651474 113.75784873962402
2 0.265222 0.316667 0.0550351 0.0958333 0.677817 113.75784873962402
5 0.31089 0.475 0.0807962 0.241667 0.694624 113.75784873962402
2 0.156323 0.616667 0.113583 0.2 0.731903 113.75784873962402
