2 0.275176 0.269792 0.0421546 0.08125 0.273333 130.42736053466797
2 0.341335 0.163542 0.0316159 0.0770833 0.299717 130.42736053466797
2 0.416276 0.202083 0.0362998 0.05 0.331339 130.42736053466797
2 0.293911 0.557292 0.0819672 0.202083 0.334003 130.42736053466797
2 0.350117 0.242708 0.0351288 0.0770833 0.349089 130.42736053466797
5 0.485363 0.445833 0.0690866 0.170833 0.441596 130.42736053466797
2 0.485363 0.627083 0.0737705 0.204167 0.532244 130.42736053466797
2 0.26171 0.366667 0.0503513 0.0916667 0.600887 130.42736053466797
2 0.237119 0.163542 0.0409836 0.0645833 0.624009 130.42736053466797
2 0.34192 0.354167 0.058548 0.120833 0.624318 130.42736053466797
2 0.213115 0.469792 0.0679157 0.11875 0.752413 130.42736053466797
2 0.882318 0.539583 0.113583 0.1875 0.781156 130.42736053466797
5 0.0843091 0.7625 0.138173 0.270833 0.832628 130.42736053466797
