2 0.344262 0.245833 0.0444965 0.0833333 0.323068 109.85040664672852
2 0.0456674 0.8875 0.0913349 0.2125 0.337656 109.85040664672852
7 0.463115 0.296875 0.0690866 0.152083 0.431932 109.85040664672852
2 0.290398 0.155208 0.0257611 0.04375 0.589139 109.85040664672852
2 0.485948 0.453125 0.0632318 0.15625 0.607996 109.85040664672852
2 0.485948 0.628125 0.0725995 0.202083 0.617438 109.85040664672852
2 0.276932 0.284375 0.0456674 0.08125 0.63937 109.85040664672852
2 0.237705 0.163542 0.0374707 0.0604167 0.670383 109.85040664672852
2 0.330796 0.480208 0.059719 0.139583 0.688172 109.85040664672852
2 0.235948 0.435417 0.0714286 0.133333 0.715145 109.85040664672852
