2 0.340749 0.1875 0.028103 0.05 0.275693 108.8411808013916
2 0.288056 0.0510417 0.0327869 0.04375 0.287386 108.8411808013916
2 0.468384 0.309375 0.0632318 0.114583 0.290677 108.8411808013916
2 0.258197 0.336458 0.0503513 0.110417 0.43719 108.8411808013916
2 0.486534 0.446875 0.0667447 0.172917 0.504489 108.8411808013916
2 0.35363 0.254167 0.0398126 0.0791667 0.508109 108.8411808013916
5 0.795667 0.690625 0.115925 0.235417 0.552409 108.8411808013916
2 0.298595 0.607292 0.0936768 0.23125 0.555842 108.8411808013916
2 0.235948 0.1625 0.0433255 0.0625 0.642847 108.8411808013916
2 0.233607 0.453125 0.0690866 0.147917 0.64435 108.8411808013916
2 0.344848 0.352083 0.0480094 0.104167 0.694442 108.8411808013916
2 0.484778 0.632292 0.0749414 0.20625 0.696368 108.8411808013916
2 0.137588 0.671875 0.108899 0.202083 0.817723 108.8411808013916
