2 0.153396 0.971875 0.128806 0.05625 0.284252 94.79856491088867
5 0.869438 0.578125 0.113583 0.20625 0.390537 94.79856491088867
2 0.342506 0.207292 0.0409836 0.0729167 0.397144 94.79856491088867
2 0.449063 0.258333 0.0667447 0.145833 0.467645 94.79856491088867
5 0.138173 0.64375 0.114754 0.195833 0.48579 94.79856491088867
2 0.2863 0.222917 0.0386417 0.0666667 0.608341 94.79856491088867
2 0.235948 0.161458 0.0433255 0.0604167 0.614766 94.79856491088867
2 0.309133 0.609375 0.0796253 0.19375 0.63562 94.79856491088867
2 0.486534 0.451042 0.0644028 0.160417 0.654427 94.79856491088867
2 0.270492 0.33125 0.0538642 0.0958333 0.663487 94.79856491088867
2 0.486534 0.627083 0.0737705 0.204167 0.666323 94.79856491088867
2 0.34719 0.35 0.0456674 0.0916667 0.684773 94.79856491088867
