2 0.342506 0.201042 0.0316159 0.08125 0.288096 96.19975090026855
2 0.484778 0.446875 0.0655738 0.172917 0.419208 96.19975090026855
5 0.885831 0.49375 0.188525 0.3 0.464086 96.19975090026855
2 0.415691 0.18125 0.0398126 0.0666667 0.471059 96.19975090026855
2 0.284543 0.154167 0.0327869 0.05 0.490945 96.19975090026855
2 0.485363 0.628125 0.0737705 0.20625 0.617384 96.19975090026855
2 0.236534 0.1625 0.0421546 0.0625 0.626427 96.19975090026855
2 0.278103 0.235417 0.0409836 0.075 0.656504 96.19975090026855
2 0.349532 0.285417 0.0362998 0.0666667 0.661827 96.19975090026855
2 0.125293 0.6875 0.128806 0.2375 0.680236 96.19975090026855
2 0.259953 0.345833 0.0538642 0.0916667 0.701908 96.19975090026855
5 0.29918 0.535417 0.0925059 0.2625 0.729053 96.19975090026855
