2 0.403396 0.16875 0.0456674 0.0666667 0.258056 107.06305503845215
7 0.485363 0.759375 0.120609 0.272917 0.415627 107.06305503845215
2 0.290984 0.071875 0.0316159 0.0645833 0.491701 107.06305503845215
2 0.425644 0.2375 0.0386417 0.0625 0.492032 107.06305503845215
2 0.25 0.790625 0.111241 0.25625 0.564172 107.06305503845215
2 0.255855 0.327083 0.0503513 0.0916667 0.665985 107.06305503845215
5 0.183841 0.565625 0.0936768 0.202083 0.670152 107.06305503845215
2 0.237705 0.161458 0.0398126 0.0604167 0.727224 107.06305503845215
2 0.331967 0.396875 0.0503513 0.10625 0.744137 107.06305503845215
2 0.0550351 0.904167 0.11007 0.191667 0.75947 107.06305503845215
2 0.473653 0.377083 0.0550351 0.108333 0.78433 107.06305503845215
