2 0.425644 0.236458 0.0386417 0.0645833 0.441809 126.16086006164551
2 0.291569 0.071875 0.030445 0.0645833 0.459667 126.16086006164551
2 0.252927 0.778125 0.11007 0.247917 0.600879 126.16086006164551
5 0.484778 0.728125 0.114754 0.302083 0.623091 126.16086006164551
5 0.185012 0.565625 0.0913349 0.202083 0.642717 126.16086006164551
2 0.25644 0.326042 0.0515222 0.0895833 0.692577 126.16086006164551
2 0.237705 0.161458 0.0398126 0.0604167 0.720256 126.16086006164551
2 0.333724 0.39375 0.0515222 0.104167 0.747383 126.16086006164551
2 0.472482 0.375 0.057377 0.108333 0.761892 126.16086006164551
2 0.0556206 0.902083 0.111241 0.195833 0.778839 126.16086006164551
