2 0.29274 0.101042 0.028103 0.0395833 0.39462 112.72740364074707
2 0.391101 0.129167 0.030445 0.0458333 0.429044 112.72740364074707
2 0.502927 0.482292 0.059719 0.135417 0.606498 112.72740364074707
2 0.454918 0.273958 0.0433255 0.0729167 0.613094 112.72740364074707
2 0.340749 0.169792 0.0327869 0.0479167 0.617536 112.72740364074707
2 0.237119 0.1625 0.0386417 0.0625 0.651045 112.72740364074707
2 0.17096 0.569792 0.0866511 0.15625 0.701259 112.72740364074707
2 0.344848 0.28125 0.0409836 0.0708333 0.738176 112.72740364074707
2 0.183841 0.875 0.135831 0.241667 0.748259 112.72740364074707
2 0.316745 0.420833 0.057377 0.120833 0.75928 112.72740364074707
