2 0.290984 0.075 0.0269321 0.0625 0.257009 126.5103816986084
2 0.387002 0.120833 0.0316159 0.0458333 0.42919 126.5103816986084
5 0.227752 0.748958 0.118267 0.26875 0.461016 126.5103816986084
2 0.337822 0.163542 0.0339578 0.0479167 0.618797 126.5103816986084
2 0.198478 0.505208 0.0714286 0.122917 0.626831 126.5103816986084
2 0.449063 0.258333 0.0456674 0.0666667 0.64143 126.5103816986084
2 0.498829 0.454167 0.058548 0.133333 0.671534 126.5103816986084
2 0.237119 0.1625 0.0386417 0.0625 0.677679 126.5103816986084
2 0.346019 0.253125 0.0409836 0.06875 0.682717 126.5103816986084
2 0.32377 0.370833 0.0503513 0.0916667 0.742445 126.5103816986084
